1.0
1.0
1.0
0.021162200461647726
0.0005075892524719238
0.0006346440013538708
0.07834425426136364
0.012526904829545459
0.04884901953125
0.05483593181818181
0.02022863654119318
0.00426783602627841
0.035341249644886365
0.06590278302556817
0.00044509035422585225
0.06636200284090908
0.0020627897283380684
0.002120443903142756
0.04841288387784091
0.01598192178622159
0.0005702410328604958
0.07783017755681819
0.0011328533658114346
0.0009036989759965378
0.03394639204545455
0.03381084161931818
0.008146254838423295
0.06229710724431819
0.03429566619318182
0.0010070215939608487
0.0022212471147017043
0.02520252325994318
0.007958040971235796
0.0004772991749156606
0.0726739346590909
0.00118717724609375
0.003949080699573864
0.06988441832386365
0.06695667613636365
0.0007721224804574793
0.010529253107244318
0.007163588201349432
0.07872256605113637
0.033020615056818185
0.06756459588068181
0.010440284534801135
0.0110223818359375
0.0036565364435369317
0.07488446306818182
0.005043868696732955
0.06543015980113634
0.025585591796874998
0.008329919211647729
0.013996409179687497
0.002887472722833807
0.0473582276278409
0.028871007102272726
0.07223081321022727
0.03786831178977273
0.001144042685768821
0.03590182350852272
0.002164487726384943
0.002127503917347301
0.07554828480113637
0.04944867151988636
0.0015330646917169745
0.03608021803977273
0.0022826023504083806
0.004124059881036932
0.003779036532315341
0.043574432883522723
0.07063302414772728
0.07486870951704545
0.000607848220131614
0.02896653409090909
0.01996244620028409
0.008845192471590909
0.002837685591264204
0.009594754971590909
0.000783907393022017
0.021432398615056816
0.006826407981178977
0.0010831961753151632
0.07167547017045453
0.07670883238636364
0.0008932093193747781
0.07395974644886363
0.07467265767045456
0.009013654873934658
0.012064526012073862
0.03267383096590909
0.0008785091386274858
0.0025366040815873576
1.0
1.0
1.0
0.4882604318181818
0.3263061448863636
0.32634532102272734
0.5480535170454546
0.46626328977272724
0.5262980795454545
0.5294145454545455
0.4873820767045455
0.42050556818181817
0.51002703125
0.5389745568181818
0.31497963636363635
0.537993471590909
0.3847625767045455
0.38988795170454543
0.5243271732954545
0.47540577556818187
0.32810500568181816
0.547227215909091
0.36375393465909095
0.3521639943181818
0.5101619602272728
0.5085857272727273
0.4470854886363637
0.5366770568181818
0.5104171789772727
0.36078272159090913
0.3923898096590909
0.49433906818181816
0.4459020681818181
0.32734863920454543
0.5448777613636363
0.36008127840909093
0.41767153693181813
0.5419281420454545
0.5411321988636364
0.3475728607954545
0.45926551704545454
0.4411159062500001
0.5476949034090908
0.506244997159091
0.5406664261363637
0.4584666505681818
0.4596876590909091
0.41345729829545447
0.5455435852272728
0.4265656079545454
0.5367169659090908
0.49681131534090905
0.44931068465909085
0.47103392613636363
0.4020040085227272
0.5244351164772727
0.5014217386363636
0.5442508352272728
0.5148533522727273
0.3602279375000001
0.5119059318181818
0.3930984715909091
0.3904709715909091
0.5449050113636363
0.5264898238636365
0.3714161988636363
0.513193778409091
0.39492067329545455
0.41908137215909097
0.41436778977272726
0.5204763125
0.5433047215909091
0.5430300397727273
0.32635746306818186
0.5029654346590909
0.48595156250000004
0.4511843124999999
0.40215257386363634
0.45447573863636354
0.3489163607954545
0.4890105681818181
0.43933660227272725
0.3639263835227272
0.5425682272727272
0.5474845965909091
0.3526151761363636
0.54312425
0.5432603238636363
0.45133426988636366
0.46509390056818184
0.506064440340909
0.3379399943181818
0.4005240255681818
1.0
1.0
1.0
0.4870515710227272
0.3249874289772727
0.3250268664772727
0.5469589147727273
0.4650214460227273
0.5251576079545454
0.5282825284090908
0.4861714147727272
0.41921217329545457
0.5088566903409091
0.5378610909090908
0.31366616761363636
0.5368791420454546
0.38344672159090915
0.3885738693181818
0.5231840227272726
0.4741782272727273
0.32678578693181826
0.5461310227272729
0.3624315085227272
0.3508406704545454
0.5089908636363637
0.5074125795454545
0.44581972727272723
0.5355585227272727
0.5092465823863637
0.35945967613636365
0.3910770965909091
0.49314152840909087
0.44463494318181823
0.3260296392045455
0.5437762215909091
0.35875848863636367
0.41637567045454543
0.5408208011363637
0.5400223806818182
0.3462496534090909
0.45801430681818184
0.4398434744318181
0.5465998181818181
0.5050682130681818
0.5395560170454545
0.45721438068181813
0.4584373835227273
0.4121582528409091
0.5444437897727273
0.4252778579545455
0.5356003920454545
0.4956164744318183
0.44804729829545453
0.46979871875000007
0.4006968267045455
0.523291278409091
0.5002358295454545
0.5431481022727273
0.5136909460227274
0.3589055909090909
0.5107381392045455
0.3917858522727272
0.38915741477272725
0.5438049147727274
0.5253501022727273
0.37009556818181816
0.51202803125
0.3936097585227273
0.4177869517045455
0.41307024715909096
0.5193246505681818
0.542199965909091
0.5419271079545454
0.3250391363636364
0.5017812926136364
0.4847392386363636
0.4499228096590908
0.40084543750000007
0.4532181477272727
0.3475929857954545
0.4878029715909092
0.4380615085227273
0.36260394886363634
0.5414626249999999
0.5463887443181819
0.3512921164772727
0.5420207499999999
0.5421575
0.45007398011363636
0.463850252840909
0.5048876107954544
0.33661851136363635
0.39921597443181817
1.0
1.0
1.0
0.32491784375
0.16598915909090908
0.16586634801136363
0.39329535795454545
0.30060275284090915
0.3676278096590909
0.3719642272727272
0.32349167045454547
0.25306876704545456
0.3494702244318182
0.3828178039772727
0.1564216065340909
0.38192263920454544
0.218455140625
0.22325425994318182
0.36599176704545455
0.3108385056818182
0.16751591761363632
0.3923943068181818
0.1988885866477273
0.18831113920454545
0.3492212670454546
0.3478434034090909
0.2806617727272727
0.3803806420454546
0.3497412528409092
0.19631160511363638
0.22584991619318184
0.33193264488636365
0.27936278693181815
0.16677170880681816
0.3896093295454545
0.19542023579545453
0.25054634801136366
0.38657054545454544
0.38509438636363635
0.1844322059659091
0.29320059375
0.2745430965909091
0.3934198295454545
0.3453462357954545
0.38499649999999996
0.29223604261363634
0.29399957670454546
0.24615296022727273
0.39084385511363634
0.25941922869318185
0.38066970738636363
0.33431236363636363
0.28265525284090914
0.30599653125000004
0.23479504829545456
0.3660001619318182
0.3394645625
0.38919780113636365
0.3544463295454546
0.19573480823863634
0.35115237215909095
0.226413734375
0.22396300426136362
0.3902365284090909
0.36795465056818183
0.20588062499999998
0.3526507755681818
0.22809673721590906
0.2518198423295454
0.24719481960227271
0.36132619886363637
0.38801091193181814
0.388082625
0.16599909517045458
0.34115969318181816
0.3222125539772727
0.28459279545454547
0.2349702301136363
0.28826966477272725
0.185626953125
0.3257779147727273
0.2723729289772727
0.19902633238636366
0.38708451136363636
0.39286628977272725
0.18886787926136364
0.38806161363636354
0.3883938125
0.28494690340909085
0.29924480113636365
0.34492701988636365
0.17588866193181818
0.23340801846590908
