1.0
1.0
1.0
0.1622824191587393
0.0006105035694167312
0.0006068257690675107
0.6910403142740337
0.08451845708003718
0.4129508078616156
0.47832566417337163
0.14889813317363051
0.020704760907726414
0.28920013022023844
0.5828930957501658
0.00036525310796162326
0.5840953852691984
0.006338287704080373
0.007340513048938319
0.4198710777238762
0.1154165890423004
0.0006543406059815718
0.6949660692643806
0.0028071407314223407
0.0017927396122193922
0.26842553923982343
0.2801814101700377
0.05020963523370765
0.5560785876114873
0.27299876057881645
0.002567184260837919
0.00844203700025464
0.194367272737246
0.04833259600491778
0.0006388638634234523
0.6291881551805453
0.0024416624724769016
0.019772413920736004
0.6337303684511252
0.578948615220739
0.0015215988109093799
0.06763472401426081
0.04234191113244707
0.7064904420147001
0.267156953568307
0.5840952276256292
0.0662360487120735
0.07368951835252072
0.016584206466924996
0.649967520899583
0.025972587943277406
0.571841925921178
0.19436681305341
0.05269497436152545
0.09675338555736528
0.011207483950540336
0.3996714241342037
0.23045646617885762
0.6212874791338334
0.3062635094113392
0.002509703594676083
0.2954715755076128
0.008377072204899139
0.007860410051266753
0.6908688308642216
0.4194857454862995
0.0038119572239391397
0.28920125953140513
0.009079383654248981
0.020464433910104288
0.017834967147516295
0.3672593434983095
0.60509837272371
0.6654912609168343
0.0006093625412716759
0.22359801871200236
0.14987507218946663
0.05307495734866557
0.011396486696701855
0.06090604196857761
0.0015715831190285037
0.16351440903422407
0.03756826976215652
0.0028918132346862037
0.639163473502892
0.6654880189449388
0.0018337391813049737
0.6587942452420373
0.6702435781026922
0.05704636918802211
0.08176910328437653
0.26416449866422037
0.0010055208238488886
0.010821952238025066
1.0
1.0
1.0
0.7095543587958474
0.337395177652891
0.3371227495615301
0.8602622152108524
0.6506240564465804
0.8033463612902834
0.8191950504379528
0.7014838447678063
0.5396599657458263
0.766192571902835
0.8410139555333321
0.3149752802676992
0.8412444185300786
0.46101750501247024
0.4701165744608046
0.8051231010545212
0.6781327556222427
0.34053915061148504
0.8609118093600777
0.4136177701329139
0.3896086578087706
0.758638810794837
0.7629733216325029
0.6071120142942439
0.8357651182161608
0.760343839020131
0.4087201377155951
0.4789465513853709
0.726774837303184
0.6040452713884399
0.339450905619844
0.849603464583669
0.40599707241928973
0.5363631147027362
0.8504161770850801
0.8402554575618005
0.3811766003708993
0.6316353614156677
0.5935132884475336
0.862796142194362
0.7581613635874326
0.841244295957729
0.6298833567327693
0.6388750995214414
0.5239648493853422
0.8532815238584778
0.5561737166294404
0.8388770935918924
0.7267739617071048
0.6110231757210499
0.6624200185232665
0.49735103475278064
0.799862409141422
0.7434144845705507
0.8481780581070076
0.7720542945761851
0.4074875936288231
0.7683806324687105
0.47845439105457005
0.4744180903555125
0.8602346166224022
0.805025004220791
0.4308314572035445
0.7661941292721729
0.4836089161995988
0.538822211369697
0.529057569177634
0.7909200003382408
0.8452050176020471
0.8559652161480293
0.3373107589646932
0.7404343497581397
0.702094144032206
0.6116075323555533
0.4984586521979191
0.6228995803144499
0.3828244993916739
0.7102690011259122
0.5841491911700507
0.4152592103151667
0.8513830104732903
0.8559629502669177
0.3907859900760069
0.8548137209539947
0.8567749933701359
0.6175017488759695
0.6477704651147127
0.7570268422276029
0.36066581156744354
0.49504004324320866
1.0
1.0
1.0
0.7087805714394264
0.3361377281451818
0.33586535694163383
0.8599167429842697
0.6497132115080502
0.802826846644737
0.8187225701562837
0.7006902017375237
0.5385452089484831
0.765567297189477
0.8406080449922845
0.3137252355240518
0.8408392221703402
0.45980753663832474
0.4689152836554101
0.8046088030382292
0.6772835797894089
0.3392810995269579
0.8605684021537375
0.41237339433363535
0.3883542087610231
0.7579928233713166
0.7623391859794442
0.6061123170590063
0.835343002285311
0.7597025034635473
0.40747328859035253
0.4777542923998745
0.7260445236025055
0.603039728946194
0.338193050624999
0.8492243286672916
0.40474894022170965
0.5352434881687371
0.8500395912983655
0.8398471973287716
0.37991986334967925
0.6306844000708107
0.5924881041561023
0.8624587422464591
0.7575140760616677
0.8408390993641172
0.6289287975190788
0.6379391916493367
0.522827569779118
0.8529139501968361
0.5550844431808444
0.8384645704699925
0.7260436467288545
0.610031014520163
0.6615351117717664
0.49617947949719005
0.799332708473233
0.7427275875728476
0.8477944557334518
0.7714452780353417
0.40624015590728796
0.7677614078644928
0.47726161308533793
0.4732211249290152
0.8598890553513585
0.8045104175562308
0.42959741937190166
0.7655688570834287
0.4824216632055105
0.5377062108215699
0.5279274124784913
0.7903644044304478
0.8448121313531988
0.8556061123665534
0.33605332705562985
0.7397395777664255
0.7013019902186621
0.6106165041356364
0.4972884227962444
0.6219308538848686
0.38156815680468514
0.7094969864579813
0.5831071137860798
0.4140157106060136
0.8510094599976579
0.8556038420391591
0.3895319128512442
0.8544509799715353
0.8564184528007448
0.6165222691215918
0.6468534618070275
0.7563764704259993
0.3594063487751283
0.49386575099673197
1.0
1.0
1.0
0.6417691345754394
0.17621692150094523
0.17596808339363337
0.8950687660155454
0.5523512976096775
0.7953336447709767
0.8226171620373923
0.6291952803165822
0.39940551242759625
0.7328771105642713
0.8607959866379874
0.15624490434751215
0.861203024272158
0.30375682445925634
0.3142625564810563
0.7983733184893878
0.5934003480630532
0.17909746937752138
0.8962331333477604
0.2514602380760651
0.22656068804991367
0.7204369291312527
0.7275642830686458
0.48993494808982924
0.8515453586875003
0.7232375560189763
0.24629284222321238
0.3246010444990436
0.6689391399277395
0.4856530507975089
0.1780979752061061
0.8760218483285468
0.24343968370956975
0.39517899442594734
0.8774685151567382
0.8594562126363099
0.21807409655669527
0.5247314056250043
0.4710672969872927
0.8996203313196592
0.719653522646439
0.8612029337935604
0.5222127569455162
0.5351921344235301
0.3794520939989204
0.8825757149895518
0.4208580128917046
0.8570243137472193
0.668938560021725
0.4954183816032537
0.5698047181481515
0.3465941708118149
0.7893885255633991
0.6956348595147901
0.8734863772398055
0.7425893584612788
0.2449999348308808
0.7364967714242762
0.3240211550719709
0.319281341749873
0.8950181391160792
0.7982051480296434
0.26997564635134974
0.7328781832544933
0.3301151270156145
0.39833024657890054
0.38587901894345483
0.7742105149424642
0.8682112226982045
0.8873679306610209
0.17613984261212298
0.6908229714881853
0.6301420663511559
0.4962391947018699
0.347937136342532
0.5122216535933788
0.21972177392460834
0.6428861314654051
0.45825601353702977
0.25320225540456304
0.8791889904035167
0.8873662364640309
0.22775612183409316
0.8853110532329763
0.8888173352036698
0.5045561773348598
0.5481632385551599
0.7177939565832113
0.19800063077972543
0.34379956395537487
