0.0010320344 0.0001880976 -0.0193950296
0.0009325401 0.0001866650 -0.0194049704
0.0009314753 0.0004717978 -0.0184310708
0.0008331072 0.0004696101 -0.0184489292
0.0007511561 0.0007126210 -0.0174679180
0.0006541438 0.0007104503 -0.0174920820
0.0005075326 0.0008888302 -0.0165058559
0.0004116272 0.0008874427 -0.0165341441
0.0002227421 0.0009846217 -0.0155450705
0.0001273040 0.0009845070 -0.0155749295
-0.0000774456 0.0009915154 -0.0145856329
-0.0001732209 0.0009927140 -0.0146143671
-0.0003659766 0.0009090615 -0.0136274922
-0.0004627746 0.0009111504 -0.0136525078
-0.0006169392 0.0007448202 -0.0126704806
-0.0007150845 0.0007470621 -0.0126895194
-0.0008078559 0.0005136377 -0.0117143283
-0.0009071975 0.0005152414 -0.0117256717
-0.0009216493 0.0002362993 -0.0107586880
-0.0010216141 0.0002366987 -0.0107613120
-0.0009481293 -0.0000623176 -0.0098031662
-0.0010479241 -0.0000632634 -0.0097968338
-0.0008848831 -0.0003554333 -0.0088473585
-0.0009837748 -0.0003573905 -0.0088326415
-0.0007375013 -0.0006167207 -0.0078908865
-0.0008350756 -0.0006189986 -0.0078691135
-0.0005191152 -0.0008226353 -0.0069334319
-0.0006154227 -0.0008244299 -0.0069065681
-0.0002492725 -0.0009545256 -0.0059747647
-0.0003448107 -0.0009552035 -0.0059452353
0.0000477691 -0.0010003390 -0.0050147647
-0.0000477691 -0.0009996610 -0.0049852353
0.0003451953 -0.0009557619 -0.0040534319
0.0002488879 -0.0009539672 -0.0040265681
0.0006160561 -0.0008246715 -0.0030908865
0.0005184818 -0.0008223937 -0.0030691135
0.0008357343 -0.0006188382 -0.0021273585
0.0007368426 -0.0006168810 -0.0021126415
0.0009842264 -0.0003568848 -0.0011631662
0.0008844315 -0.0003559390 -0.0011568338
0.0010480091 -0.0000625908 -0.0001986880
0.0009480443 -0.0000629903 -0.0002013120
0.0010213025 0.0002373009 0.0007656717
0.0009219609 0.0002356971 0.0007543283
0.0009065993 0.0005155605 0.0017295194
0.0008084540 0.0005133186 0.0017104806
0.0007144109 0.0007469856 0.0026925078
0.0006176129 0.0007448967 0.0026674922
0.0004622632 0.0009107053 0.0036543671
0.0003664879 0.0009095066 0.0036256329
0.0001730523 0.0009920574 0.0046149295
0.0000776142 0.0009921720 0.0045850705
-0.0001270704 0.0009838706 0.0055741441
-0.0002229758 0.0009852581 0.0055458559
-0.0004110737 0.0008870511 0.0065320820
-0.0005080860 0.0008892218 0.0065079180
-0.0006534659 0.0007104418 0.0074889292
-0.0007518340 0.0007126295 0.0074710708
-0.0008325440 0.0004699876 0.0084449704
-0.0009320384 0.0004714203 0.0084350296
-0.0009322905 0.0001872954 0.0094005629
-0.0010322840 0.0001874673 0.0093994371
-0.0009437666 -0.0001122817 0.0103561045
-0.0010434560 -0.0001134311 0.0103638955
-0.0008658965 -0.0004018739 0.0113119979
-0.0009645859 -0.0004039390 0.0113280021
-0.0007055782 -0.0006554598 0.0122686135
-0.0008029246 -0.0006577118 0.0122913865
-0.0004771074 -0.0008501725 0.0132262571
-0.0005732418 -0.0008518165 0.0132537429
-0.0002009493 -0.0009683553 0.0141851412
-0.0002964305 -0.0009688111 0.0142148588
0.0000980530 -0.0009991836 0.0151453667
0.0000024357 -0.0009982903 0.0151746333
0.0003928902 -0.0009396974 0.0161069131
0.0002963956 -0.0009377703 0.0161330869
0.0006568321 -0.0007951308 0.0170696409
0.0005590285 -0.0007928500 0.0170903591
0.0008658804 -0.0005784874 0.0180333038
0.0007667981 -0.0005766580 0.0180466962
0.0010009961 -0.0003093833 0.0189975711
0.0009011169 -0.0003086507 0.0190024289
0.0010498777 -0.0000122545 0.0199620578
0.0009499644 -0.0000128775 0.0199579422
0.0011315288 0.0001895303 -0.0193850888
0.0010770180 0.0003012355 -0.0194237341
0.0009511730 0.0003272063 -0.0194445072
0.0008487577 0.0002478859 -0.0194317654
0.0008468929 0.0001230044 -0.0193951036
0.0009469828 0.0000466000 -0.0193621289
0.0010736577 0.0000762068 -0.0193576719
0.0010298434 0.0004739855 -0.0184132123
0.0009768542 0.0005865851 -0.0184513755
0.0008526571 0.0006119238 -0.0184809727
0.0007507751 0.0005309211 -0.0184797166
0.0007479275 0.0004045736 -0.0184485531
0.0008462585 0.0003280236 -0.0184109490
0.0009717229 0.0003589148 -0.0183952209
0.0008481684 0.0007147917 -0.0174437540
0.0007959249 0.0008289910 -0.0174779899
0.0006734435 0.0008547440 -0.0175137395
0.0005729551 0.0007726583 -0.0175240825
0.0005701296 0.0006445460 -0.0175012305
0.0006670947 0.0005668783 -0.0174623915
0.0007908336 0.0005981406 -0.0174368120
0.0006034380 0.0008902178 -0.0164775676
0.0005509012 0.0010061574 -0.0165047859
0.0004295975 0.0010332249 -0.0165434607
0.0003308712 0.0009510378 -0.0165644691
0.0003290651 0.0008214847 -0.0165519914
0.0004255393 0.0007421217 -0.0165154235
0.0005476467 0.0007727108 -0.0164823018
0.0003181802 0.0009847364 -0.0155152116
0.0002644146 0.0011019429 -0.0155329552
0.0001433353 0.0011307610 -0.0155710640
0.0000461176 0.0010494900 -0.0156008415
0.0000459683 0.0009193287 -0.0155998644
0.0001429999 0.0008382911 -0.0155688687
0.0002641456 0.0008674002 -0.0155311946
0.0000183297 0.0009903167 -0.0145568987
-0.0000371666 0.0011078696 -0.0145635658
-0.0001590542 0.0011382566 -0.0145976686
-0.0002555492 0.0010585958 -0.0146335270
-0.0002539890 0.0009288734 -0.0146441389
-0.0001555483 0.0008467729 -0.0146215133
-0.0000343551 0.0008741178 -0.0145826878
-0.0002691786 0.0009069726 -0.0136024766
-0.0003262965 0.0010238288 -0.0135974654
-0.0004497398 0.0010550495 -0.0136244836
-0.0005465531 0.0009771247 -0.0136631860
-0.0005438341 0.0008487335 -0.0136844288
-0.0004436301 0.0007665570 -0.0136722158
-0.0003213969 0.0007924758 -0.0136357437
-0.0005187939 0.0007425782 -0.0126514418
-0.0005768522 0.0008579409 -0.0126352047
-0.0007020496 0.0008889655 -0.0126526994
-0.0008001098 0.0008122898 -0.0126907520
-0.0007971915 0.0006856523 -0.0127207081
-0.0006954923 0.0006044135 -0.0127200102
-0.0005715937 0.0006297479 -0.0126891838
-0.0007085142 0.0005120340 -0.0117029849
-0.0007664997 0.0006256332 -0.0116769876
-0.0008930303 0.0006555013 -0.0116833795
-0.0009928259 0.0005791471 -0.0117173474
-0.0009907385 0.0004540667 -0.0117533127
-0.0008883398 0.0003744483 -0.0117641929
-0.0007627382 0.0004002462 -0.0117417949
-0.0008216846 0.0002358998 -0.0107560640
-0.0008786097 0.0003480881 -0.0107226534
-0.0010055823 0.0003762475 -0.0107173655
-0.0011069894 0.0002991735 -0.0107441822
-0.0011064695 0.0001749042 -0.0107829101
-0.0010044139 0.0000970171 -0.0108043862
-0.0008776727 0.0001241627 -0.0107924386
-0.0008483345 -0.0000613719 -0.0098094985
-0.0009035860 0.0000502560 -0.0097716904
-0.0010299533 0.0000767575 -0.0097552001
-0.0011322792 -0.0000018235 -0.0097724450
-0.0011335103 -0.0001263139 -0.0098104394
-0.0010327195 -0.0002029699 -0.0098405727
-0.0009058043 -0.0001740680 -0.0098401540
-0.0007859913 -0.0003534761 -0.0088620754
-0.0008395466 -0.0002413604 -0.0088232830
-0.0009644750 -0.0002158808 -0.0087970788
-0.0010667027 -0.0002962240 -0.0088031951
-0.0010692503 -0.0004218899 -0.0088370263
-0.0009701994 -0.0004982495 -0.0088730967
-0.0008441372 -0.0004678025 -0.0088842446
-0.0006399270 -0.0006144428 -0.0079126596
-0.0006923622 -0.0005009631 -0.0078763846
-0.0008155258 -0.0004755089 -0.0078428320
-0.0009166730 -0.0005572477 -0.0078372677
-0.0009196380 -0.0006846285 -0.0078638817
-0.0008221881 -0.0007617309 -0.0079026330
-0.0006977049 -0.0007304954 -0.0079243413
-0.0004228078 -0.0008208407 -0.0069602956
-0.0004750943 -0.0007056023 -0.0069298126
-0.0005967901 -0.0006791679 -0.0068919405
-0.0006962559 -0.0007614430 -0.0068751978
-0.0006985919 -0.0008904729 -0.0068921920
-0.0006020390 -0.0009690953 -0.0069301263
-0.0004793035 -0.0009381061 -0.0069604352
-0.0001537342 -0.0009538476 -0.0060042941
-0.0002068958 -0.0008370766 -0.0059823548
-0.0003279390 -0.0008090023 -0.0059435819
-0.0004257158 -0.0008907653 -0.0059171721
-0.0004265983 -0.0010207963 -0.0059230126
-0.0003299219 -0.0011011794 -0.0059567054
-0.0002084860 -0.0010713844 -0.0059928790
0.0001433074 -0.0010010169 -0.0050442941
0.0000885556 -0.0008834801 -0.0050328790
-0.0000328803 -0.0008536852 -0.0049967054
-0.0001295567 -0.0009340682 -0.0049630126
-0.0001286742 -0.0010640993 -0.0049571721
-0.0000308974 -0.0011458622 -0.0049835819
0.0000901458 -0.0011177880 -0.0050223548
0.0004415027 -0.0009575565 -0.0040802956
0.0003850070 -0.0008402911 -0.0040804352
0.0002622715 -0.0008093018 -0.0040501263
0.0001657186 -0.0008879243 -0.0040121920
0.0001680546 -0.0010169541 -0.0039951978
0.0002675204 -0.0010992292 -0.0040119405
0.0003892162 -0.0010727948 -0.0040498126
0.0007136304 -0.0008269494 -0.0031126596
0.0006558524 -0.0007108968 -0.0031243413
0.0005313693 -0.0006796613 -0.0031026330
0.0004339193 -0.0007567637 -0.0030638817
0.0004368843 -0.0008841445 -0.0030372677
0.0005380316 -0.0009658833 -0.0030428320
0.0006611952 -0.0009404291 -0.0030763846
0.0009346261 -0.0006207954 -0.0021420754
0.0008764801 -0.0005064690 -0.0021642446
0.0007504180 -0.0004760220 -0.0021530967
0.0006513670 -0.0005523816 -0.0021170263
0.0006539146 -0.0006780475 -0.0020831951
0.0007561424 -0.0007583907 -0.0020770788
0.0008810708 -0.0007329111 -0.0021032830
0.0010840212 -0.0003578305 -0.0011694985
0.0010265514 -0.0002451344 -0.0012001540
0.0008996362 -0.0002162325 -0.0012005727
0.0007988454 -0.0002928885 -0.0011704394
0.0008000764 -0.0004173789 -0.0011324450
0.0009024024 -0.0004959599 -0.0011152001
0.0010287697 -0.0004694584 -0.0011316904
0.0011479739 -0.0000621913 -0.0001960640
0.0010919857 0.0000495458 -0.0002324386
0.0009652445 0.0000766914 -0.0002443862
0.0008631890 -0.0000011958 -0.0002229101
0.0008626690 -0.0001254650 -0.0001841822
0.0009640762 -0.0002025391 -0.0001573655
0.0010910488 -0.0001743796 -0.0001626534
0.0011206442 0.0002389046 0.0007770151
0.0010664202 0.0003506924 0.0007382051
0.0009408186 0.0003764902 0.0007158071
0.0008384199 0.0002968718 0.0007266873
0.0008363324 0.0001717915 0.0007626526
0.0009361281 0.0000954372 0.0007966205
0.0010626587 0.0001253053 0.0008030124
0.0010047446 0.0005178025 0.0017485582
0.0009519448 0.0006306328 0.0017108162
0.0008280462 0.0006559672 0.0016799898
0.0007263470 0.0005747284 0.0016792919
0.0007234288 0.0004480908 0.0017092480
0.0008214890 0.0003714152 0.0017473006
0.0009466863 0.0004024398 0.0017647953
0.0008112089 0.0007490746 0.0027175234
0.0007589905 0.0008635713 0.0026842563
0.0006367573 0.0008894901 0.0026477842
0.0005365534 0.0008073137 0.0026355712
0.0005338343 0.0006789224 0.0026568140
0.0006306476 0.0006009977 0.0026955164
0.0007540909 0.0006322183 0.0027225346
0.0005580385 0.0009119040 0.0036831013
0.0005053537 0.0010281029 0.0036573122
0.0003841605 0.0010554477 0.0036184867
0.0002857198 0.0009733473 0.0035958611
0.0002841596 0.0008436248 0.0036064730
0.0003806547 0.0007639640 0.0036423314
0.0005025423 0.0007943511 0.0036764342
0.0002684904 0.0009919427 0.0046447884
0.0002144558 0.0011092788 0.0046288054
0.0000933101 0.0011383879 0.0045911313
-0.0000037215 0.0010573504 0.0045601356
-0.0000035723 0.0009271890 0.0045591585
0.0000936455 0.0008459180 0.0045889360
0.0002147247 0.0008747361 0.0046270448
-0.0000311649 0.0009824830 0.0056024324
-0.0000869562 0.0010999900 0.0055976982
-0.0002090636 0.0011305790 0.0055645765
-0.0003055378 0.0010512161 0.0055280086
-0.0003037317 0.0009216630 0.0055155309
-0.0002050054 0.0008394759 0.0055365393
-0.0000837018 0.0008665434 0.0055752141
-0.0003140614 0.0008848804 0.0065562460
-0.0003713962 0.0010015315 0.0065631880
-0.0004951352 0.0010327938 0.0065376085
-0.0005921002 0.0009551262 0.0064987695
-0.0005892747 0.0008270139 0.0064759175
-0.0004887864 0.0007449281 0.0064862605
-0.0003663049 0.0007706812 0.0065220101
-0.0005550978 0.0007082541 0.0075067877
-0.0006132183 0.0008233248 0.0075247791
-0.0007386827 0.0008542160 0.0075090510
-0.0008370137 0.0007776660 0.0074714469
-0.0008341661 0.0006513185 0.0074402834
-0.0007322841 0.0005703158 0.0074390273
-0.0006080870 0.0005956545 0.0074686245
-0.0007330497 0.0004685550 0.0084549112
-0.0007909208 0.0005818785 0.0084823281
-0.0009175957 0.0006114852 0.0084778711
-0.0010176856 0.0005350808 0.0084448964
-0.0010158208 0.0004101993 0.0084082346
-0.0009134055 0.0003308790 0.0083954928
-0.0007875605 0.0003568497 0.0084162659
-0.0008322970 0.0001871234 0.0094016886
-0.0008889715 0.0002991495 0.0094360560
-0.0010159146 0.0003270119 0.0094432725
-0.0011175357 0.0002497296 0.0094179039
-0.0011173119 0.0001254978 0.0093790533
-0.0010154118 0.0000478655 0.0093559760
-0.0008885682 0.0000752915 0.0093660497
-0.0008440772 -0.0001111322 0.0103483136
-0.0008990303 0.0000005043 0.0103865291
-0.0010252048 0.0000267778 0.0104047676
-0.0011275888 -0.0000520960 0.0103892952
-0.0011290850 -0.0001767237 0.0103517629
-0.0010285668 -0.0002532579 0.0103204333
-0.0009017263 -0.0002240670 0.0103188983
-0.0007672071 -0.0003998087 0.0112959936
-0.0008205215 -0.0002875166 0.0113346074
-0.0009451618 -0.0002621155 0.0113622215
-0.0010472712 -0.0003427328 0.0113580420
-0.0010499594 -0.0004686621 0.0113252161
-0.0009512019 -0.0005450760 0.0112884623
-0.0008253653 -0.0005144334 0.0112754571
-0.0006082318 -0.0006532078 0.0122458406
-0.0006605686 -0.0005394462 0.0122813671
-0.0007834505 -0.0005138932 0.0123158641
-0.0008843448 -0.0005957905 0.0123233547
-0.0008872762 -0.0007234679 0.0122981983
-0.0007900371 -0.0008007817 0.0122593383
-0.0006658507 -0.0007695130 0.0122360369
-0.0003809730 -0.0008485284 0.0131987713
-0.0004333384 -0.0007330022 0.0132280034
-0.0005548583 -0.0007063265 0.0132662692
-0.0006540258 -0.0007885888 0.0132847537
-0.0006561658 -0.0009178438 0.0132695378
-0.0005596667 -0.0009967599 0.0132320793
-0.0004371944 -0.0009659117 0.0132005853
-0.0001054681 -0.0009678994 0.0141554237
-0.0001588580 -0.0008509361 0.0141757226
-0.0002798932 -0.0008225634 0.0142143029
-0.0003774316 -0.0009041465 0.0142421128
-0.0003780249 -0.0010342518 0.0142382109
-0.0002812263 -0.0011149073 0.0142055354
-0.0001599271 -0.0010853777 0.0141686916
0.0001936702 -0.0010000769 0.0151161000
0.0001386213 -0.0008825112 0.0151256334
0.0000170227 -0.0008524659 0.0151610455
-0.0000795593 -0.0009325657 0.0151956703
-0.0000783966 -0.0010624938 0.0152034347
0.0000196354 -0.0011444117 0.0151784918
0.0001407165 -0.0011166336 0.0151396243
0.0004893849 -0.0009416245 0.0160807392
0.0004326281 -0.0008245038 0.0160786464
0.0003096167 -0.0007934007 0.0161076937
0.0002129807 -0.0008717364 0.0161460079
0.0002154891 -0.0010005226 0.0161647376
0.0003152530 -0.0010827805 0.0161497790
0.0004371480 -0.0010565684 0.0161123962
0.0007546357 -0.0007974116 0.0170489226
0.0006967249 -0.0006816263 0.0170353925
0.0005719499 -0.0006504535 0.0170554528
0.0004742689 -0.0007273669 0.0170939976
0.0004772376 -0.0008544492 0.0171220019
0.0005786206 -0.0009360048 0.0171183779
0.0007020744 -0.0009106206 0.0170858545
0.0009649626 -0.0005803169 0.0180199113
0.0009068589 -0.0004662860 0.0179961654
0.0007805920 -0.0004360563 0.0180054278
0.0006812435 -0.0005123913 0.0180407238
0.0006836249 -0.0006378092 0.0180754748
0.0007859429 -0.0007178678 0.0180835125
0.0009111499 -0.0006922814 0.0180587844
0.0011008754 -0.0003101158 0.0189927134
0.0010436080 -0.0001976391 0.0189608952
0.0009166474 -0.0001690322 0.0189585237
0.0008155976 -0.0002458368 0.0189873847
0.0008165511 -0.0003702173 0.0190257452
0.0009187899 -0.0004485128 0.0190447191
0.0010453261 -0.0004217651 0.0190300186
0.0011497910 -0.0000116316 0.0199661734
0.0010940941 0.0001000396 0.0199291551
0.0009674829 0.0001269165 0.0199153637
0.0008652983 0.0000487601 0.0199351843
0.0008644874 -0.0000755761 0.0199736917
0.0010926329 -0.0001240064 0.0199985429
0.0012310232 0.0001909629 -0.0193751481
0.0012041964 0.0003020175 -0.0194107177
0.0011265329 0.0003868103 -0.0194438320
0.0010158245 0.0004259164 -0.0194669050
0.0008974331 0.0004103769 -0.0194746508
0.0007984808 0.0003437518 -0.0194652950
0.0007416363 0.0002413042 -0.0194409809
0.0007399220 0.0001265034 -0.0194072786
0.0007937307 0.0000256491 -0.0193719089
0.0008907354 -0.0000381544 -0.0193429744
0.0010087136 -0.0000502903 -0.0193271039
0.0011206378 -0.0000079785 -0.0193279329
0.0012008675 0.0000790878 -0.0193452717
0.0011282116 0.0004761732 -0.0183953539
0.0011025846 0.0005883201 -0.0184282833
0.0010264910 0.0006735225 -0.0184638968
0.0009173631 0.0007122616 -0.0184940358
0.0008002006 0.0006956627 -0.0185117959
0.0007018440 0.0006275286 -0.0185131084
0.0006448258 0.0005234677 -0.0184976727
0.0006422080 0.0004073194 -0.0184690248
0.0006945904 0.0003056916 -0.0184337277
0.0007899728 0.0002418662 -0.0183998675
0.0009065042 0.0002304648 -0.0183752012
0.0010174888 0.0002740992 -0.0183653795
0.0010975012 0.0003627734 -0.0183726524
0.0009451808 0.0007169624 -0.0174195900
0.0009199222 0.0008306893 -0.0174469065
0.0008448892 0.0009171196 -0.0174818043
0.0007372710 0.0009564530 -0.0175162888
0.0006217214 0.0009396789 -0.0175424600
0.0005247116 0.0008706399 -0.0175543223
0.0004684654 0.0007651520 -0.0175491583
0.0004658680 0.0006473813 -0.0175281509
0.0005175145 0.0005443076 -0.0174961128
0.0006115733 0.0004795438 -0.0174603834
0.0007264967 0.0004679266 -0.0174291479
0.0008359571 0.0005121172 -0.0174095621
0.0009148784 0.0006019923 -0.0174061127
0.0006993434 0.0008916053 -0.0164492793
0.0006734920 0.0010068425 -0.0164685171
0.0005986359 0.0010948855 -0.0164995490
0.0004919237 0.0011355649 -0.0165352660
0.0003778020 0.0011195613 -0.0165674857
0.0002824145 0.0010505412 -0.0165888270
0.0002276136 0.0009443160 -0.0165944009
0.0002259533 0.0008252208 -0.0165829304
0.0002778140 0.0007205388 -0.0165570434
0.0003713151 0.0006542514 -0.0165226701
0.0004850366 0.0006415443 -0.0164876851
0.0005929263 0.0006853284 -0.0164601031
0.0006702679 0.0007755734 -0.0164462428
0.0004136183 0.0009848510 -0.0154853527
0.0003864219 0.0011009956 -0.0154947751
0.0003107966 0.0011904672 -0.0155191398
0.0002040671 0.0012327690 -0.0155528651
0.0000906841 0.0012182100 -0.0155882248
-0.0000033779 0.0011501256 -0.0156171187
-0.0000565704 0.0010441132 -0.0156329273
-0.0000567077 0.0009244588 -0.0156320291
-0.0000037582 0.0008185739 -0.0156146300
0.0000901480 0.0007507153 -0.0155847158
0.0002034979 0.0007364288 -0.0155491395
0.0003103247 0.0007789872 -0.0155160512
0.0003861554 0.0008686407 -0.0154930310
0.0001141050 0.0009891181 -0.0145281645
0.0000852862 0.0011052470 -0.0145269211
0.0000082170 0.0011954587 -0.0145424191
-0.0000994469 0.0012390867 -0.0145711082
-0.0002130411 0.0012261364 -0.0146064161
-0.0003065425 0.0011595746 -0.0146402541
-0.0003585310 0.0010546497 -0.0146648704
-0.0003570967 0.0009353988 -0.0146746257
-0.0003025682 0.0008291409 -0.0146672851
-0.0002074373 0.0007602182 -0.0146445303
-0.0000934974 0.0007444203 -0.0146115742
0.0000131494 0.0007853662 -0.0145759665
0.0000880714 0.0008736756 -0.0145458646
-0.0001723805 0.0009048836 -0.0135774610
-0.0002025265 0.0010200793 -0.0135656639
-0.0002812046 0.0011100814 -0.0135708963
-0.0003903906 0.0011542715 -0.0135919595
-0.0005050712 0.0011425263 -0.0136240282
-0.0005989745 0.0010775364 -0.0136597558
-0.0006505885 0.0009741901 -0.0136909577
-0.0006480889 0.0008561630 -0.0137104857
-0.0005920484 0.0007504935 -0.0137138663
-0.0004953052 0.0006813894 -0.0137003251
-0.0003800220 0.0006646814 -0.0136729640
-0.0002726088 0.0007041973 -0.0136380514
-0.0001976727 0.0007908843 -0.0136035851
-0.0004206486 0.0007403362 -0.0126324030
-0.0004513583 0.0008540105 -0.0126111171
-0.0005312424 0.0009429273 -0.0126056115
-0.0006420006 0.0009867170 -0.0126171474
-0.0007582595 0.0009753478 -0.0126430821
-0.0008533856 0.0009114244 -0.0126774742
-0.0009055866 0.0008095907 -0.0127124449
-0.0009029039 0.0006931757 -0.0127399829
-0.0008459521 0.0005888486 -0.0127537796
-0.0007477782 0.0005205095 -0.0127506742
-0.0006308726 0.0005038141 -0.0127313782
-0.0005220169 0.0005425871 -0.0127003121
-0.0004461488 0.0006279460 -0.0126645927
-0.0006091726 0.0005104302 -0.0116916416
-0.0006394833 0.0006225318 -0.0116627885
-0.0007197451 0.0007098707 -0.0116470419
-0.0008315710 0.0007524387 -0.0116480091
-0.0009493430 0.0007404840 -0.0116654685
-0.0010460810 0.0006767452 -0.0116954205
-0.0010996235 0.0005758241 -0.0117310033
-0.0010977045 0.0004608406 -0.0117640655
-0.0010407637 0.0003581359 -0.0117870327
-0.0009418454 0.0002912385 -0.0117946435
-0.0008236108 0.0002754738 -0.0117851545
-0.0007131459 0.0003144533 -0.0117607393
-0.0006357569 0.0003992472 -0.0117269912
-0.0007217198 0.0002355003 -0.0107534401
-0.0007508098 0.0003465330 -0.0107196243
-0.0008304875 0.0004323583 -0.0106950582
-0.0009424996 0.0004733145 -0.0106853694
-0.0010611855 0.0004600192 -0.0106927776
-0.0011593557 0.0003955181 -0.0107155857
-0.0012145207 0.0002945876 -0.0107485685
-0.0012140427 0.0001803497 -0.0107841701
-0.0011580312 0.0000789750 -0.0108142347
-0.0010593179 0.0000136871 -0.0108318747
-0.0009405168 -0.0000005573 -0.0108330491
-0.0008288437 0.0000395051 -0.0108174889
-0.0007498816 0.0001246964 -0.0107887586
-0.0007485397 -0.0000604261 -0.0098158308
-0.0007760181 0.0000504188 -0.0097801050
-0.0008543560 0.0001353289 -0.0097489369
-0.0009656072 0.0001748521 -0.0097294668
-0.0010842853 0.0001599343 -0.0097261549
-0.0011832026 0.0000939930 -0.0097397601
-0.0012396983 -0.0000078656 -0.0097671656
-0.0012408300 -0.0001223068 -0.0098020930
-0.0011863384 -0.0002231136 -0.0098365409
-0.0010887068 -0.0002871923 -0.0098626177
-0.0009703016 -0.0002998632 -0.0098743496
-0.0008582478 -0.0002582236 -0.0098690489
-0.0007782157 -0.0001718127 -0.0098479299
-0.0006870995 -0.0003515189 -0.0088767924
-0.0007131443 -0.0002399144 -0.0088423815
-0.0007898598 -0.0001549981 -0.0088074251
-0.0008996714 -0.0001162232 -0.0087799312
-0.0010174226 -0.0001324727 -0.0087661983
-0.0011161381 -0.0002000240 -0.0087693725
-0.0011732033 -0.0003034018 -0.0087887266
-0.0011755453 -0.0004189236 -0.0088198268
-0.0011226275 -0.0005201247 -0.0088555485
-0.0010265728 -0.0005838212 -0.0088877082
-0.0009093861 -0.0005954210 -0.0089089385
-0.0007979135 -0.0005522666 -0.0089143758
-0.0007176921 -0.0004642443 -0.0089027745
-0.0005423527 -0.0006121649 -0.0079344327
-0.0005676476 -0.0004991216 -0.0079044431
-0.0006430305 -0.0004132797 -0.0078688539
-0.0007512320 -0.0003743047 -0.0078358181
-0.0008674646 -0.0003911251 -0.0078129038
-0.0009651007 -0.0004598877 -0.0078053605
-0.0010217730 -0.0005648397 -0.0078149162
-0.0010244987 -0.0006819380 -0.0078393818
-0.0009726533 -0.0007843567 -0.0078731525
-0.0008781139 -0.0008486329 -0.0079084919
-0.0007625384 -0.0008600417 -0.0079373042
-0.0006524038 -0.0008159695 -0.0079529888
-0.0005729405 -0.0007265128 -0.0079519525
-0.0003265004 -0.0008190461 -0.0069871594
-0.0003519940 -0.0007043925 -0.0069642982
-0.0004268045 -0.0006170325 -0.0069312888
-0.0005337937 -0.0005769792 -0.0068956933
-0.0006484517 -0.0005934083 -0.0068656662
-0.0007445117 -0.0006625561 -0.0068480863
-0.0007999675 -0.0007685817 -0.0068469809
-0.0008021149 -0.0008871959 -0.0068626034
-0.0007504619 -0.0009912256 -0.0068913747
-0.0006568416 -0.0010568388 -0.0069267037
-0.0005427013 -0.0010690044 -0.0069604970
-0.0004341892 -0.0010249354 -0.0069850129
-0.0003561640 -0.0009347274 -0.0069946352
-0.0000581960 -0.0009531696 -0.0060338235
-0.0000847666 -0.0008373027 -0.0060201545
-0.0001599669 -0.0007483677 -0.0059927047
-0.0002665694 -0.0007067387 -0.0059577627
-0.0003801526 -0.0007219523 -0.0059233333
-0.0004746961 -0.0007905233 -0.0058973037
-0.0005285411 -0.0008967429 -0.0058856371
-0.0005293524 -0.0010162775 -0.0058910062
-0.0004769440 -0.0011217431 -0.0059121809
-0.0003833222 -0.0011889788 -0.0059443103
-0.0002699345 -0.0012025818 -0.0059800341
-0.0001627567 -0.0011594357 -0.0060111683
-0.0000863420 -0.0010694249 -0.0060305805
0.0002388456 -0.0010016949 -0.0050738235
0.0002106996 -0.0008854397 -0.0050705805
0.0001342849 -0.0007954288 -0.0050511683
0.0000271071 -0.0007522827 -0.0050200341
-0.0000862806 -0.0007658857 -0.0049843103
-0.0001799024 -0.0008331215 -0.0049521809
-0.0002323108 -0.0009385871 -0.0049310062
-0.0002314996 -0.0010581216 -0.0049256371
-0.0001776546 -0.0011643412 -0.0049373037
-0.0000831110 -0.0012329122 -0.0049633333
0.0000304722 -0.0012481259 -0.0049977627
0.0001370746 -0.0012064968 -0.0050327047
0.0002122749 -0.0011175619 -0.0050601545
0.0005378101 -0.0009593511 -0.0041071594
0.0005081465 -0.0008436697 -0.0041146352
0.0004301213 -0.0007534617 -0.0041050129
0.0003216092 -0.0007093927 -0.0040804970
0.0002074689 -0.0007215583 -0.0040467037
0.0001138486 -0.0007871716 -0.0040113747
0.0000621956 -0.0008912013 -0.0039826034
0.0000643430 -0.0010098155 -0.0039669809
0.0001197989 -0.0011158411 -0.0039680863
0.0002158589 -0.0011849889 -0.0039856662
0.0003305169 -0.0012014180 -0.0040156933
0.0004375060 -0.0011613647 -0.0040512888
0.0005123165 -0.0010740047 -0.0040842982
0.0008112047 -0.0008292273 -0.0031344327
0.0007806169 -0.0007148794 -0.0031519525
0.0007011536 -0.0006254227 -0.0031529888
0.0005910190 -0.0005813505 -0.0031373042
0.0004754435 -0.0005927593 -0.0031084919
0.0003809041 -0.0006570356 -0.0030731525
0.0003290587 -0.0007594542 -0.0030393818
0.0003317844 -0.0008765525 -0.0030149162
0.0003884567 -0.0009815045 -0.0030053605
0.0004860928 -0.0010502671 -0.0030129038
0.0006023253 -0.0010670875 -0.0030358181
0.0007105269 -0.0010281125 -0.0030688539
0.0007859098 -0.0009422706 -0.0031044431
0.0010335178 -0.0006227526 -0.0021567924
0.0010029253 -0.0005100272 -0.0021827745
0.0009227039 -0.0004220049 -0.0021943758
0.0008112313 -0.0003788505 -0.0021889385
0.0006940446 -0.0003904503 -0.0021677082
0.0005979899 -0.0004541467 -0.0021355485
0.0005450721 -0.0005553479 -0.0020998268
0.0005474140 -0.0006708697 -0.0020687266
0.0006044792 -0.0007742475 -0.0020493725
0.0007031947 -0.0008417988 -0.0020461983
0.0008209460 -0.0008580483 -0.0020599312
0.0009307576 -0.0008192734 -0.0020874251
0.0010074731 -0.0007343571 -0.0021223815
0.0011838160 -0.0003587763 -0.0011758308
0.0011541400 -0.0002473897 -0.0012079299
0.0010741079 -0.0001609788 -0.0012290489
0.0009620541 -0.0001193392 -0.0012343496
0.0008436488 -0.0001320101 -0.0012226177
0.0007460173 -0.0001960888 -0.0011965409
0.0006915257 -0.0002968956 -0.0011620930
0.0006926574 -0.0004113368 -0.0011271656
0.0007491531 -0.0005131954 -0.0010997601
0.0008480704 -0.0005791367 -0.0010861549
0.0009667485 -0.0005940545 -0.0010894668
0.0010779996 -0.0005545313 -0.0011089369
0.0011563376 -0.0004696212 -0.0011401050
0.0012479387 -0.0000617918 -0.0001934401
0.0012197769 0.0000490121 -0.0002287586
0.0011408148 0.0001342034 -0.0002574889
0.0010291417 0.0001742658 -0.0002730491
0.0009103405 0.0001600214 -0.0002718747
0.0008116272 0.0000947335 -0.0002542347
0.0007556158 -0.0000066412 -0.0002241701
0.0007551378 -0.0001208791 -0.0001885685
0.0008103027 -0.0002218096 -0.0001555857
0.0009084730 -0.0002863107 -0.0001327776
0.0010271589 -0.0002996060 -0.0001253694
0.0011391710 -0.0002586498 -0.0001350582
0.0012188486 -0.0001728246 -0.0001596243
0.0012199858 0.0002405083 0.0007883584
0.0011934015 0.0003516914 0.0007530088
0.0011160125 0.0004364853 0.0007192607
0.0010055476 0.0004754647 0.0006948455
0.0008873129 0.0004597000 0.0006853565
0.0007883947 0.0003928026 0.0006929673
0.0007314539 0.0002900980 0.0007159345
0.0007295349 0.0001751144 0.0007489967
0.0007830774 0.0000741934 0.0007845795
0.0008798154 0.0000104546 0.0008145315
0.0009975874 -0.0000015002 0.0008319909
0.0011094133 0.0000410678 0.0008329581
0.0011896751 0.0001284067 0.0008172115
0.0011028899 0.0005200444 0.0017675970
0.0010773897 0.0006324346 0.0017354073
0.0010015216 0.0007177936 0.0016996879
0.0008926660 0.0007565666 0.0016686218
0.0007757603 0.0007398712 0.0016493258
0.0006775864 0.0006715321 0.0016462204
0.0006206346 0.0005672050 0.0016600171
0.0006179519 0.0004507900 0.0016875551
0.0006701529 0.0003489563 0.0017225258
0.0007652790 0.0002850328 0.0017569179
0.0008815379 0.0002736637 0.0017828526
0.0009922961 0.0003174534 0.0017943885
0.0010721803 0.0004063702 0.0017888829
0.0009080069 0.0007511635 0.0027425390
0.0008827148 0.0008651628 0.0027164149
0.0008077786 0.0009518498 0.0026819486
0.0007003654 0.0009913657 0.0026470360
0.0005850822 0.0009746577 0.0026196749
0.0004883390 0.0009055536 0.0026061337
0.0004322985 0.0007998841 0.0026095143
0.0004297990 0.0006818570 0.0026290423
0.0004814129 0.0005785108 0.0026602442
0.0005753163 0.0005135208 0.0026959718
0.0006899969 0.0005017756 0.0027280405
0.0007991828 0.0005459657 0.0027491037
0.0008778609 0.0006359678 0.0027543361
0.0006538139 0.0009131026 0.0037118355
0.0006277802 0.0010285450 0.0036941354
0.0005528582 0.0011168545 0.0036640335
0.0004462115 0.0011578004 0.0036284258
0.0003322715 0.0011420024 0.0035954697
0.0002371406 0.0010730798 0.0035727149
0.0001826121 0.0009668219 0.0035653743
0.0001811778 0.0008475710 0.0035751296
0.0002331663 0.0007426461 0.0035997459
0.0003266677 0.0006760843 0.0036335839
0.0004402619 0.0006631340 0.0036688918
0.0005479258 0.0007067620 0.0036975809
0.0006249950 0.0007969737 0.0037130789
0.0003639285 0.0009918280 0.0046746473
0.0003364656 0.0011080383 0.0046669690
0.0002606348 0.0011976919 0.0046439488
0.0001538081 0.0012402502 0.0046108605
0.0000404581 0.0012259637 0.0045752842
-0.0000534480 0.0011581052 0.0045453700
-0.0001063975 0.0010522203 0.0045279709
-0.0001062603 0.0009325659 0.0045270727
-0.0000530678 0.0008265534 0.0045428813
0.0000409943 0.0007584690 0.0045717752
0.0001543773 0.0007439101 0.0046071349
0.0002611067 0.0007862118 0.0046408602
0.0003367321 0.0008756834 0.0046652249
0.0000647405 0.0009810955 0.0056307207
0.0000356650 0.0010971274 0.0056337572
-0.0000416766 0.0011873724 0.0056198969
-0.0001495663 0.0012311565 0.0055923149
-0.0002632878 0.0012184494 0.0055573299
-0.0003567889 0.0011521620 0.0055229566
-0.0004086496 0.0010474800 0.0054970696
-0.0004069894 0.0009283848 0.0054855991
-0.0003521884 0.0008221596 0.0054911730
-0.0002568010 0.0007531394 0.0055125143
-0.0001426792 0.0007371359 0.0055447340
-0.0000359671 0.0007778153 0.0055804510
0.0000388891 0.0008658583 0.0056114829
-0.0002170491 0.0008827097 0.0065804100
-0.0002473514 0.0009976799 0.0065938873
-0.0003262728 0.0010875549 0.0065904379
-0.0004357331 0.0011317456 0.0065708521
-0.0005506565 0.0011201283 0.0065396166
-0.0006447153 0.0010553645 0.0065038872
-0.0006963618 0.0009522908 0.0064718491
-0.0006937644 0.0008345201 0.0064508417
-0.0006375182 0.0007290322 0.0064456777
-0.0005405084 0.0006599932 0.0064575400
-0.0004249589 0.0006432191 0.0064837112
-0.0003173406 0.0006825526 0.0065181957
-0.0002423076 0.0007689828 0.0065530935
-0.0004567296 0.0007060664 0.0075246461
-0.0004874400 0.0008194662 0.0075473476
-0.0005674524 0.0009081404 0.0075546205
-0.0006784370 0.0009517748 0.0075447988
-0.0007949684 0.0009403734 0.0075201325
-0.0008903508 0.0008765480 0.0074862723
-0.0009427332 0.0007749202 0.0074509752
-0.0009401154 0.0006587719 0.0074223273
-0.0008830972 0.0005547111 0.0074068916
-0.0007847406 0.0004865769 0.0074082041
-0.0006675781 0.0004699780 0.0074259642
-0.0005584501 0.0005087171 0.0074561032
-0.0004823566 0.0005939195 0.0074917167
-0.0006335553 0.0004671223 0.0084648519
-0.0006637110 0.0005789974 0.0084947283
-0.0007439407 0.0006660638 0.0085120671
-0.0008558649 0.0007083756 0.0085128961
-0.0009738430 0.0006962396 0.0084970256
-0.0010708478 0.0006324362 0.0084680911
-0.0011246565 0.0005315818 0.0084327214
-0.0011229422 0.0004167811 0.0083990191
-0.0010660977 0.0003143334 0.0083747050
-0.0009671453 0.0002477083 0.0083653492
-0.0008487539 0.0002321689 0.0083730950
-0.0007380455 0.0002712749 0.0083961680
-0.0006603821 0.0003560677 0.0084292823
-0.0007323035 0.0001869515 0.0094028144
-0.0007611373 0.0002978857 0.0094371686
-0.0008406340 0.0003835046 0.0094630080
-0.0009525817 0.0004241941 0.0094744130
-0.0010713346 0.0004106326 0.0094687709
-0.0011696878 0.0003459269 0.0094473742
-0.0012251098 0.0002449004 0.0094151246
-0.0012249041 0.0001306969 0.0093794102
-0.0011691178 0.0000294791 0.0093484126
-0.0010705308 -0.0000355651 0.0093292331
-0.0009517284 -0.0000495351 0.0093262654
-0.0008399265 -0.0000092303 0.0093401895
-0.0007607379 0.0000761158 0.0093678154
-0.0007443878 -0.0001099827 0.0103405227
-0.0007715994 0.0000009263 0.0103762537
-0.0008496712 0.0000857692 0.0104082612
-0.0009607180 0.0001251093 0.0104292126
-0.0010793003 0.0001099343 0.0104343082
-0.0011782522 0.0000437207 0.0104223807
-0.0012349052 -0.0000583629 0.0103961626
-0.0012362806 -0.0001729302 0.0103616600
-0.0011820634 -0.0002737354 0.0103267771
-0.0010846741 -0.0003376851 0.0102995052
-0.0009664234 -0.0003501293 0.0102860919
-0.0008544012 -0.0003082171 0.0102896101
-0.0007742703 -0.0002215501 0.0103092537
-0.0006685177 -0.0003977435 0.0112799893
-0.0006943790 -0.0002859348 0.0113138716
-0.0007708372 -0.0002009229 0.0113491578
-0.0008803767 -0.0001621830 0.0113777643
-0.0009979031 -0.0001785900 0.0113931377
-0.0010964927 -0.0002463851 0.0113917561
-0.0011535598 -0.0003500374 0.0113739361
-0.0011560309 -0.0004658013 0.0113437600
-0.0011033400 -0.0005671568 0.0113081407
-0.0010075580 -0.0006308845 0.0112752383
-0.0008906272 -0.0006423852 0.0112525902
-0.0007793352 -0.0005990242 0.0112453849
-0.0006991777 -0.0005107350 0.0112552730
-0.0005108854 -0.0006509558 0.0122230677
-0.0005361451 -0.0005376403 0.0122520427
-0.0006113703 -0.0004515738 0.0122874223
-0.0007193279 -0.0004124730 0.0123211015
-0.0008352860 -0.0004292956 0.0123453649
-0.0009326801 -0.0004981876 0.0123546540
-0.0009891983 -0.0006033667 0.0123468408
-0.0009918930 -0.0007207376 0.0123237151
-0.0009401468 -0.0008234122 0.0122905748
-0.0008458143 -0.0008878688 0.0122550120
-0.0007305058 -0.0008993412 0.0122251736
-0.0006206371 -0.0008552013 0.0122078953
-0.0005413779 -0.0007655610 0.0122071353
-0.0002848386 -0.0008468844 0.0131712855
-0.0003104576 -0.0007319867 0.0131927375
-0.0003852657 -0.0006443523 0.0132250168
-0.0004921252 -0.0006040571 0.0132607285
-0.0006065560 -0.0006203323 0.0132916916
-0.0007023433 -0.0006894494 0.0133108128
-0.0007575434 -0.0007955745 0.0133137116
-0.0007595106 -0.0009143957 0.0132997240
-0.0007077942 -0.0010186924 0.0132720543
-0.0006142419 -0.0010845716 0.0132370414
-0.0005002854 -0.0010969410 0.0132027062
-0.0003920307 -0.0010529671 0.0131769146
-0.0003142777 -0.0009627237 0.0131655751
-0.0000099869 -0.0009674436 0.0141257061
-0.0000367993 -0.0008514468 0.0141376987
-0.0001121533 -0.0007622845 0.0141639638
-0.0002187862 -0.0007203827 0.0141984843
-0.0003322696 -0.0007353407 0.0142333521
-0.0004266060 -0.0008037317 0.0142605793
-0.0004801839 -0.0009098882 0.0142739285
-0.0004807293 -0.0010294910 0.0142703416
-0.0004281173 -0.0011351406 0.0142506403
-0.0003344006 -0.0012026338 0.0142193379
-0.0002210487 -0.0012165089 0.0141836054
-0.0001140290 -0.0011735872 0.0141516287
-0.0000378585 -0.0010837015 0.0141307334
0.0002892875 -0.0010009701 0.0150868333
0.0002608688 -0.0008847451 0.0150882839
0.0001841985 -0.0007946342 0.0151061638
0.0000768409 -0.0007512808 0.0151363769
-0.0000366096 -0.0007646166 0.0151720018
-0.0001301630 -0.0008315866 0.0152048772
-0.0001823872 -0.0009368487 0.0152274718
-0.0001813183 -0.0010562887 0.0152346094
-0.0001272012 -0.0011625442 0.0152246549
-0.0000324335 -0.0012312735 0.0151998887
0.0000812747 -0.0012467315 0.0151659845
0.0001878742 -0.0012053769 0.0151307094
0.0002629444 -0.0011166836 0.0151021443
0.0005858795 -0.0009435516 0.0160545654
0.0005560084 -0.0008280498 0.0160453431
0.0004777160 -0.0007379044 0.0160532237
0.0003689382 -0.0006937666 0.0160764020
0.0002545946 -0.0007057479 0.0161095681
0.0001608800 -0.0007711034 0.0161451240
0.0001092633 -0.0008748611 0.0161749243
0.0001115692 -0.0009932512 0.0161921421
0.0001672695 -0.0010991521 0.0161928330
0.0002636039 -0.0011683031 0.0161768388
0.0003785034 -0.0011848625 0.0161478234
0.0004856458 -0.0011450369 0.0161124341
0.0005604862 -0.0010579497 0.0160787780
0.0008524394 -0.0007996923 0.0170282043
0.0008217825 -0.0006856100 0.0170091415
0.0007421347 -0.0005963564 0.0170063116
0.0006317423 -0.0005523783 0.0170203628
0.0005158948 -0.0005637507 0.0170480761
0.0004211315 -0.0006278682 0.0170831029
0.0003691616 -0.0007300422 0.0171174188
0.0003718908 -0.0008468661 0.0171431625
0.0004286937 -0.0009515767 0.0171544364
0.0005265576 -0.0010201863 0.0171486579
0.0006430630 -0.0010369770 0.0171271507
0.0007515199 -0.0009981025 0.0170948418
0.0008270822 -0.0009124684 0.0170591328
0.0010640449 -0.0005821464 0.0180065188
0.0010335462 -0.0004696789 0.0179793364
0.0009532880 -0.0003819285 0.0179660513
0.0008416565 -0.0003389979 0.0179697070
0.0007242251 -0.0003507219 0.0179894659
0.0006278960 -0.0004144147 0.0180208016
0.0005747369 -0.0005154850 0.0180565354
0.0005769260 -0.0006307788 0.0180884811
0.0006339618 -0.0007338838 0.0181093204
0.0007327781 -0.0008011798 0.0181142793
0.0008507372 -0.0008172501 0.0181022216
0.0009608162 -0.0007784132 0.0180759097
0.0010377972 -0.0006935662 0.0180413713
0.0012007547 -0.0003108483 0.0189878557
0.0011713022 -0.0001996209 0.0189550075
0.0010913941 -0.0001134548 0.0189324665
0.0009793364 -0.0000720896 0.0189253966
0.0008608000 -0.0000850017 0.0189354175
0.0007629404 -0.0001492329 0.0189602334
0.0007081759 -0.0002500688 0.0189941594
0.0007090524 -0.0003644090 0.0190294234
0.0007653691 -0.0004660596 0.0190579468
0.0008642246 -0.0005317335 0.0190731953
0.0009829722 -0.0005463859 0.0190716757
0.0010944084 -0.0005066598 0.0190537360
0.0011730043 -0.0004216562 0.0190234861
0.0012497044 -0.0000110086 0.0199702889
0.0012218170 0.0000997911 0.0199347401
0.0011430959 0.0001848511 0.0199049780
0.0010315752 0.0002246853 0.0198878208
0.0009128029 0.0002101680 0.0198871990
0.0008139883 0.0001446250 0.0199032550
0.0007577687 0.0000430715 0.0199323106
0.0007570232 -0.0000712279 0.0199677095
0.0013802647 0.0001931119 -0.0193602369
0.0013625571 0.0003114208 -0.0193969976
0.0013076261 0.0004175879 -0.0194340522
0.0012208486 0.0005012208 -0.0194677736
0.0011107191 0.0005541329 -0.0194948608
0.0009880178 0.0005711447 -0.0195126623
0.0008647555 0.0005505912 -0.0195194357
0.0007529981 0.0004944841 -0.0195145179
0.0006636851 0.0004083157 -0.0194983903
0.0006055590 0.0003005207 -0.0194726315
0.0005843098 0.0001816508 -0.0194397631
0.0006020174 0.0000633418 -0.0194030024
0.0006569484 -0.0000428253 -0.0193659478
0.0007437259 -0.0001264581 -0.0193322264
0.0008538554 -0.0001793702 -0.0193051392
0.0009765567 -0.0001963821 -0.0192873377
0.0010998190 -0.0001758286 -0.0192805643
0.0012115764 -0.0001197215 -0.0192854821
0.0013008894 -0.0000335531 -0.0193016097
0.0013590155 0.0000742420 -0.0193273685
0.0012757638 0.0004794548 -0.0183685662
0.0012592100 0.0005990080 -0.0184016558
0.0012057608 0.0007060019 -0.0184384987
0.0011206482 0.0007899633 -0.0184754886
0.0010122035 0.0008426732 -0.0185090046
0.0008910421 0.0008589723 -0.0185357660
0.0007690241 0.0008372649 -0.0185531531
0.0006580935 0.0007796760 -0.0185594640
0.0005691089 0.0006918427 -0.0185540809
0.0005107808 0.0005823629 -0.0185375309
0.0004888187 0.0004619530 -0.0185114338
0.0005053724 0.0003423998 -0.0184783442
0.0005588216 0.0002354059 -0.0184415013
0.0006439343 0.0001514446 -0.0184045114
0.0007523789 0.0000987346 -0.0183709954
0.0008735403 0.0000824356 -0.0183442340
0.0009955583 0.0001041430 -0.0183268469
0.0011064890 0.0001617319 -0.0183205360
0.0011954736 0.0002495651 -0.0183259191
0.0012538017 0.0003590450 -0.0183424691
0.0010906992 0.0007202184 -0.0173833440
0.0010743898 0.0008414508 -0.0174097753
0.0010216920 0.0009499663 -0.0174430807
0.0009377641 0.0010351425 -0.0174800000
0.0008308215 0.0010886418 -0.0175169193
0.0007113327 0.0011052273 -0.0175502247
0.0005909939 0.0010832756 -0.0175766560
0.0004815848 0.0010249353 -0.0175936260
0.0003938151 0.0009359173 -0.0175994734
0.0003362763 0.0008249353 -0.0175936260
0.0003146007 0.0007028529 -0.0175766560
0.0003309101 0.0005816205 -0.0175502247
0.0003836080 0.0004731051 -0.0175169193
0.0004675359 0.0003879289 -0.0174800000
0.0005744784 0.0003344296 -0.0174430807
0.0006939672 0.0003178440 -0.0174097753
0.0008143060 0.0003397958 -0.0173833440
0.0009237151 0.0003981360 -0.0173663740
0.0010114848 0.0004871540 -0.0173605266
0.0010690236 0.0005981360 -0.0173663740
0.0008432015 0.0008936866 -0.0164068469
0.0008261408 0.0010164405 -0.0164242340
0.0007731986 0.0011266352 -0.0164509954
0.0006895572 0.0012134840 -0.0164845114
0.0005834040 0.0012684854 -0.0165215013
0.0004651300 0.0012862557 -0.0165583442
0.0003463127 0.0012650552 -0.0165914338
0.0002385829 0.0012069594 -0.0166175309
0.0001524857 0.0011176549 -0.0166340809
0.0000964491 0.0010058836 -0.0166394640
0.0000759582 0.0008825863 -0.0166331531
0.0000930189 0.0007598323 -0.0166157660
0.0001459611 0.0006496377 -0.0165890046
0.0002296026 0.0005627889 -0.0165554886
0.0003357558 0.0005077875 -0.0165184987
0.0004540297 0.0004900172 -0.0164816558
0.0005728470 0.0005112177 -0.0164485662
0.0006805769 0.0005693135 -0.0164224691
0.0007666740 0.0006586180 -0.0164059191
0.0008227106 0.0007703893 -0.0164005360
0.0005567755 0.0009850230 -0.0154405643
0.0005382329 0.0011086038 -0.0154473377
0.0004841369 0.0012200428 -0.0154651392
0.0003997826 0.0013084314 -0.0154922264
0.0002934273 0.0013651177 -0.0155259478
0.0001754818 0.0013845528 -0.0155630024
0.0000574913 0.0013648342 -0.0155997631
-0.0000489943 0.0013078922 -0.0156326315
-0.0001335515 0.0012193006 -0.0156583903
-0.0001879033 0.0011077313 -0.0156745179
-0.0002067294 0.0009841056 -0.0156794357
-0.0001881868 0.0008605248 -0.0156726623
-0.0001340908 0.0007490859 -0.0156548608
-0.0000497365 0.0006606972 -0.0156277736
0.0000566188 0.0006040109 -0.0155940522
0.0001745644 0.0005845759 -0.0155569976
0.0002925548 0.0006042944 -0.0155202369
0.0003990404 0.0006612365 -0.0154873685
0.0004835976 0.0007498281 -0.0154616097
0.0005379494 0.0008613974 -0.0154454821
0.0002577680 0.0009873201 -0.0144850633
0.0002375361 0.0011107412 -0.0144806115
0.0001817840 0.0012225503 -0.0144878462
0.0000959691 0.0013118027 -0.0145060594
-0.0000115084 0.0013697619 -0.0145334682
-0.0001301278 0.0013907543 -0.0145673895
-0.0002482780 0.0013727252 -0.0146045030
-0.0003543934 0.0013174392 -0.0146411757
-0.0004380868 0.0012303081 -0.0146738178
-0.0004911658 0.0011198611 -0.0146992341
-0.0005084345 0.0009969093 -0.0147149367
-0.0004882025 0.0008734882 -0.0147193885
-0.0004324504 0.0007616791 -0.0147121538
-0.0003466356 0.0006724267 -0.0146939406
-0.0002391581 0.0006144675 -0.0146665318
-0.0001205386 0.0005934751 -0.0146326105
-0.0000023885 0.0006115043 -0.0145954970
0.0001037269 0.0006667903 -0.0145588243
0.0001874204 0.0007539213 -0.0145261822
0.0002404993 0.0008643683 -0.0145007659
-0.0000271835 0.0009017502 -0.0135399376
-0.0000487161 0.0010240815 -0.0135246625
-0.0001060420 0.0011352560 -0.0135206775
-0.0001935497 0.0012243913 -0.0135283725
-0.0003026734 0.0012827621 -0.0135469944
-0.0004227313 0.0013046548 -0.0135747204
-0.0005419713 0.0012879262 -0.0136088364
-0.0006487213 0.0012342140 -0.0136460029
-0.0007325319 0.0011487759 -0.0136825818
-0.0007851992 0.0010399750 -0.0137149924
-0.0008015677 0.0009184617 -0.0137400624
-0.0007800351 0.0007961305 -0.0137553375
-0.0007227092 0.0006849559 -0.0137593225
-0.0006352014 0.0005958207 -0.0137516275
-0.0005260777 0.0005374498 -0.0137330056
-0.0004060198 0.0005155572 -0.0137052796
-0.0002867799 0.0005322857 -0.0136711636
-0.0001800298 0.0005859979 -0.0136339971
-0.0000962192 0.0006714361 -0.0135974182
-0.0000435520 0.0007802369 -0.0135650076
-0.0002734307 0.0007369733 -0.0126038448
-0.0002954162 0.0008576692 -0.0125791252
-0.0003536782 0.0009674284 -0.0125642800
-0.0004425136 0.0010555068 -0.0125607623
-0.0005532266 0.0011132828 -0.0125689164
-0.0006749797 0.0011351009 -0.0125879441
-0.0007958550 0.0011188253 -0.0126159829
-0.0009040204 0.0010660492 -0.0126502882
-0.0009888879 0.0009819386 -0.0126875018
-0.0010421499 0.0008747270 -0.0127239811
-0.0010585930 0.0007549090 -0.0127561552
-0.0010366075 0.0006342131 -0.0127808748
-0.0009783455 0.0005244539 -0.0127957200
-0.0008895101 0.0004363755 -0.0127992377
-0.0007787972 0.0003785995 -0.0127910836
-0.0006570440 0.0003567814 -0.0127720559
-0.0005361687 0.0003730570 -0.0127440171
-0.0004280033 0.0004258331 -0.0127097118
-0.0003431359 0.0005099437 -0.0126724982
-0.0002898738 0.0006171552 -0.0126360189
-0.0004601602 0.0005080246 -0.0116746265
-0.0004815910 0.0006271168 -0.0116426940
-0.0005398210 0.0007351794 -0.0116183288
-0.0006291503 0.0008216344 -0.0116039158
-0.0007408346 0.0008780190 -0.0116008660
-0.0008639415 0.0008988140 -0.0116094778
-0.0009864206 0.0008819836 -0.0116289084
-0.0010962825 0.0008291756 -0.0116572556
-0.0011827734 0.0007455589 -0.0116917447
-0.0012374269 0.0006393187 -0.0117289996
-0.0012548931 0.0005208544 -0.0117653735
-0.0012334623 0.0004017622 -0.0117973060
-0.0011752323 0.0002936997 -0.0118216712
-0.0010859030 0.0002072447 -0.0118360842
-0.0009742187 0.0001508600 -0.0118391340
-0.0008511118 0.0001300651 -0.0118305222
-0.0007286328 0.0001468954 -0.0118110916
-0.0006187708 0.0001997035 -0.0117827444
-0.0005322799 0.0002833202 -0.0117482553
-0.0004776264 0.0003895604 -0.0117110004
-0.0005717727 0.0002349011 -0.0107495041
-0.0005918369 0.0003529873 -0.0107132412
-0.0006490782 0.0004596708 -0.0106815554
-0.0007378932 0.0005445087 -0.0106575483
-0.0008495882 0.0005991964 -0.0106435699
-0.0009732296 0.0006183808 -0.0106409885
-0.0010967147 0.0006001839 -0.0106500567
-0.0012079557 0.0005463871 -0.0106698870
-0.0012960637 0.0004622562 -0.0106985381
-0.0013524141 0.0003560266 -0.0107332056
-0.0013714908 0.0002380969 -0.0107704959
-0.0013514265 0.0001200107 -0.0108067588
-0.0012941853 0.0000133272 -0.0108384446
-0.0012053703 -0.0000715107 -0.0108624517
-0.0010936753 -0.0001261984 -0.0108764301
-0.0009700338 -0.0001453828 -0.0108790115
-0.0008465488 -0.0001271860 -0.0108699433
-0.0007353077 -0.0000733891 -0.0108501130
-0.0006471997 0.0000107418 -0.0108214619
-0.0005908494 0.0001169714 -0.0107867944
-0.0005988474 -0.0000590075 -0.0098253292
-0.0006172156 0.0000590254 -0.0097880094
-0.0006728603 0.0001651341 -0.0097518634
-0.0007603345 0.0002489319 -0.0097204293
-0.0008710756 0.0003022162 -0.0096967841
-0.0009942437 0.0003197711 -0.0096832424
-0.0011177820 0.0002998781 -0.0096811298
-0.0012295979 0.0002444847 -0.0096906530
-0.0013187459 0.0001590130 -0.0097108798
-0.0013764998 0.0000518296 -0.0097398304
-0.0013972060 -0.0000665736 -0.0097746708
-0.0013788378 -0.0001846065 -0.0098119906
-0.0013231932 -0.0002907151 -0.0098481366
-0.0012357190 -0.0003745130 -0.0098795707
-0.0011249778 -0.0004277972 -0.0099032159
-0.0010018098 -0.0004453521 -0.0099167576
-0.0008782714 -0.0004254592 -0.0099188702
-0.0007664556 -0.0003700657 -0.0099093470
-0.0006773075 -0.0002845940 -0.0098891202
-0.0006195537 -0.0001774106 -0.0098601696
-0.0005387619 -0.0003485830 -0.0088988678
-0.0005557031 -0.0002296319 -0.0088638600
-0.0006097068 -0.0001230909 -0.0088265167
-0.0006954868 -0.0000393890 -0.0087904931
-0.0008046463 0.0000132805 -0.0087593157
-0.0009265001 0.0000297620 -0.0087360362
-0.0010491202 0.0000084420 -0.0087229334
-0.0011605038 -0.0000485924 -0.0087212898
-0.0012497477 -0.0001357583 -0.0087312665
-0.0013081163 -0.0002445233 -0.0087518868
-0.0013298960 -0.0003642407 -0.0087811322
-0.0013129548 -0.0004831918 -0.0088161400
-0.0012589511 -0.0005897328 -0.0088534833
-0.0011731711 -0.0006734347 -0.0088895069
-0.0010640116 -0.0007261043 -0.0089206843
-0.0009421578 -0.0007425857 -0.0089439638
-0.0008195377 -0.0007212658 -0.0089570666
-0.0007081541 -0.0006642314 -0.0089587102
-0.0006189102 -0.0005770655 -0.0089487335
-0.0005605416 -0.0004683005 -0.0089281132
-0.0003959912 -0.0006087481 -0.0079670924
-0.0004122781 -0.0004882313 -0.0079375568
-0.0004651757 -0.0003804034 -0.0079023871
-0.0005495061 -0.0002958194 -0.0078650260
-0.0006570144 -0.0002427589 -0.0078291307
-0.0007771769 -0.0002264159 -0.0077982148
-0.0008982313 -0.0002483902 -0.0077753046
-0.0010083280 -0.0003065306 -0.0077626428
-0.0010966899 -0.0003951462 -0.0077614686
-0.0011546675 -0.0005055625 -0.0077718972
-0.0011765856 -0.0006269712 -0.0077929076
-0.0011602987 -0.0007474880 -0.0078224432
-0.0011074011 -0.0008553158 -0.0078576129
-0.0010230708 -0.0009398998 -0.0078949740
-0.0009155625 -0.0009929603 -0.0079308693
-0.0007954000 -0.0010093033 -0.0079617852
-0.0006743456 -0.0009873291 -0.0079846954
-0.0005642489 -0.0009291886 -0.0079973572
-0.0004758870 -0.0008405730 -0.0079985314
-0.0004179094 -0.0007301568 -0.0079881028
-0.0001820393 -0.0008163541 -0.0070274550
-0.0001986755 -0.0006941768 -0.0070060578
-0.0002513922 -0.0005846616 -0.0069762366
-0.0003350291 -0.0004985289 -0.0069409106
-0.0004413993 -0.0004442097 -0.0069035377
-0.0005600905 -0.0004270214 -0.0068677763
-0.0006794843 -0.0004486463 -0.0068371269
-0.0007878938 -0.0005069677 -0.0068145896
-0.0008747069 -0.0005962766 -0.0068023707
-0.0009314259 -0.0007078310 -0.0068016662
-0.0009524986 -0.0008307111 -0.0068125450
-0.0009358624 -0.0009528884 -0.0068339422
-0.0008831457 -0.0010624036 -0.0068637634
-0.0007995088 -0.0011485363 -0.0068990894
-0.0006931386 -0.0012028555 -0.0069364623
-0.0005744474 -0.0012200438 -0.0069722237
-0.0004550536 -0.0011984189 -0.0070028731
-0.0003466441 -0.0011400975 -0.0070254104
-0.0002598310 -0.0010507885 -0.0070376293
-0.0002031120 -0.0009392342 -0.0070383338
0.0000851114 -0.0009521527 -0.0060781176
0.0000672455 -0.0008288060 -0.0060667903
0.0000137206 -0.0007177987 -0.0060450096
-0.0000702238 -0.0006299971 -0.0060149076
-0.0001763707 -0.0005739958 -0.0059794308
-0.0002943297 -0.0005552766 -0.0059420520
-0.0004125542 -0.0005756718 -0.0059064301
-0.0005194715 -0.0006331851 -0.0058760520
-0.0006046158 -0.0007221866 -0.0058538913
-0.0006596526 -0.0008339642 -0.0058421172
-0.0006791945 -0.0009575764 -0.0058418824
-0.0006613286 -0.0010809231 -0.0058532097
-0.0006078038 -0.0011919304 -0.0058749904
-0.0005238594 -0.0012797320 -0.0059050924
-0.0004177125 -0.0013357333 -0.0059405692
-0.0002997534 -0.0013544525 -0.0059779480
-0.0001815290 -0.0013340572 -0.0060135699
-0.0000746117 -0.0012765440 -0.0060439480
0.0000105327 -0.0011875425 -0.0060661087
0.0000655695 -0.0010757649 -0.0060778828
0.0003821529 -0.0010027119 -0.0051181176
0.0003626110 -0.0008790997 -0.0051178828
0.0003075742 -0.0007673220 -0.0051061087
0.0002224299 -0.0006783206 -0.0050839480
0.0001155126 -0.0006208073 -0.0050535699
-0.0000027119 -0.0006004121 -0.0050179480
-0.0001206709 -0.0006191313 -0.0049805692
-0.0002268178 -0.0006751326 -0.0049450924
-0.0003107622 -0.0007629342 -0.0049149904
-0.0003642871 -0.0008739414 -0.0048932097
-0.0003821529 -0.0009972881 -0.0048818824
-0.0003626110 -0.0011209003 -0.0048821172
-0.0003075742 -0.0012326780 -0.0048938913
-0.0002224299 -0.0013216794 -0.0049160520
-0.0001155126 -0.0013791927 -0.0049464301
0.0000027119 -0.0013995879 -0.0049820520
0.0001206709 -0.0013808687 -0.0050194308
0.0002268178 -0.0013248674 -0.0050549076
0.0003107622 -0.0012370658 -0.0050850096
0.0003642871 -0.0011260586 -0.0051067903
0.0006822712 -0.0009620430 -0.0041474550
0.0006611985 -0.0008391630 -0.0041583338
0.0006044795 -0.0007276086 -0.0041576293
0.0005176664 -0.0006382996 -0.0041454104
0.0004092570 -0.0005799782 -0.0041228731
0.0002898631 -0.0005583533 -0.0040922237
0.0001711719 -0.0005755417 -0.0040564623
0.0000648018 -0.0006298608 -0.0040190894
-0.0000188352 -0.0007159936 -0.0039837634
-0.0000715519 -0.0008255087 -0.0039539422
-0.0000881881 -0.0009476861 -0.0039325450
-0.0000671153 -0.0010705661 -0.0039216662
-0.0000103964 -0.0011821205 -0.0039223707
0.0000764168 -0.0012714295 -0.0039345896
0.0001848262 -0.0013297509 -0.0039571269
0.0003042200 -0.0013513758 -0.0039877763
0.0004229112 -0.0013341874 -0.0040235377
0.0005292814 -0.0012798683 -0.0040609106
0.0006129183 -0.0011937355 -0.0040962366
0.0006656350 -0.0010842204 -0.0041260578
0.0009575661 -0.0008326441 -0.0031670924
0.0009356480 -0.0007112354 -0.0031881028
0.0008776704 -0.0006008192 -0.0031985314
0.0007893085 -0.0005122036 -0.0031973572
0.0006792118 -0.0004540631 -0.0031846954
0.0005581574 -0.0004320889 -0.0031617852
0.0004379949 -0.0004484319 -0.0031308693
0.0003304866 -0.0005014924 -0.0030949740
0.0002461563 -0.0005860764 -0.0030576129
0.0001932586 -0.0006939043 -0.0030224432
0.0001769718 -0.0008144211 -0.0029929076
0.0001988899 -0.0009358298 -0.0029718972
0.0002568675 -0.0010462460 -0.0029614686
0.0003452294 -0.0011348616 -0.0029626428
0.0004553261 -0.0011930020 -0.0029753046
0.0005763805 -0.0012149763 -0.0029982148
0.0006965430 -0.0011986333 -0.0030291307
0.0008040513 -0.0011455728 -0.0030650260
0.0008883816 -0.0010609888 -0.0031023871
0.0009412793 -0.0009531609 -0.0031375568
0.0011818555 -0.0006256885 -0.0021788678
0.0011600758 -0.0005059710 -0.0022081132
0.0011017072 -0.0003972060 -0.0022287335
0.0010124632 -0.0003100401 -0.0022387102
0.0009010797 -0.0002530057 -0.0022370666
0.0007784596 -0.0002316858 -0.0022239638
0.0006566058 -0.0002481672 -0.0022006843
0.0005474463 -0.0003008367 -0.0021695069
0.0004616663 -0.0003845387 -0.0021334833
0.0004076626 -0.0004910797 -0.0020961400
0.0003907214 -0.0006100308 -0.0020611322
0.0004125011 -0.0007297482 -0.0020318868
0.0004708696 -0.0008385132 -0.0020112665
0.0005601136 -0.0009256791 -0.0020012898
0.0006714972 -0.0009827135 -0.0020029334
0.0007941173 -0.0010040334 -0.0020160362
0.0009159710 -0.0009875520 -0.0020393157
0.0010251306 -0.0009348825 -0.0020704931
0.0011109106 -0.0008511806 -0.0021065167
0.0011649143 -0.0007446396 -0.0021438600
0.0013335082 -0.0003601949 -0.0011853292
0.0013128020 -0.0002417918 -0.0012201696
0.0012550482 -0.0001346084 -0.0012491202
0.0011659001 -0.0000491367 -0.0012693470
0.0010540842 0.0000062568 -0.0012788702
0.0009305459 0.0000261497 -0.0012767576
0.0008073778 0.0000085948 -0.0012632159
0.0006966367 -0.0000446894 -0.0012395707
0.0006091625 -0.0001284873 -0.0012081366
0.0005535178 -0.0002345959 -0.0011719906
0.0005351496 -0.0003526288 -0.0011346708
0.0005558559 -0.0004710320 -0.0010998304
0.0006136097 -0.0005782154 -0.0010708798
0.0007027578 -0.0006636871 -0.0010506530
0.0008145737 -0.0007190805 -0.0010411298
0.0009381120 -0.0007389735 -0.0010432424
0.0010612800 -0.0007214186 -0.0010567841
0.0011720212 -0.0006681343 -0.0010804293
0.0012594954 -0.0005843365 -0.0011118634
0.0013151401 -0.0004782278 -0.0011480094
0.0013978858 -0.0000611926 -0.0001895041
0.0013788091 0.0000567371 -0.0002267944
0.0013224587 0.0001629667 -0.0002614619
0.0012343507 0.0002470976 -0.0002901130
0.0011231097 0.0003008944 -0.0003099433
0.0009996246 0.0003190913 -0.0003190115
0.0008759832 0.0002999069 -0.0003164301
0.0007642882 0.0002452191 -0.0003024517
0.0006754732 0.0001603813 -0.0002784446
0.0006182319 0.0000536978 -0.0002467588
0.0005981676 -0.0000643884 -0.0002104959
0.0006172444 -0.0001823182 -0.0001732056
0.0006735947 -0.0002885477 -0.0001385381
0.0007617027 -0.0003726786 -0.0001098870
0.0008729438 -0.0004264755 -0.0000900567
0.0009964288 -0.0004446723 -0.0000809885
0.0011200703 -0.0004254879 -0.0000835699
0.0012317653 -0.0003708002 -0.0000975483
0.0013205803 -0.0002859623 -0.0001215554
0.0013778215 -0.0001792788 -0.0001532412
0.0013689982 0.0002429139 0.0008053735
0.0013515320 0.0003613781 0.0007689996
0.0012968785 0.0004676184 0.0007317447
0.0012103876 0.0005512350 0.0006972556
0.0011005256 0.0006040431 0.0006689084
0.0009780466 0.0006208734 0.0006494778
0.0008549397 0.0006000785 0.0006408660
0.0007432553 0.0005436939 0.0006439158
0.0006539261 0.0004572389 0.0006583288
0.0005956961 0.0003491763 0.0006826940
0.0005742653 0.0002300841 0.0007146265
0.0005917315 0.0001116198 0.0007510004
0.0006463849 0.0000053796 0.0007882553
0.0007328758 -0.0000782370 0.0008227444
0.0008427378 -0.0001310451 0.0008510916
0.0009652168 -0.0001478754 0.0008705222
0.0010883238 -0.0001270805 0.0008791340
0.0012000081 -0.0000706959 0.0008760842
0.0012893374 0.0000157591 0.0008616712
0.0013475674 0.0001238217 0.0008373060
0.0012501078 0.0005234074 0.0017961552
0.0012336647 0.0006432254 0.0017639811
0.0011804026 0.0007504370 0.0017275018
0.0010955352 0.0008345475 0.0016902882
0.0009873698 0.0008873236 0.0016559829
0.0008664945 0.0009035993 0.0016279441
0.0007447413 0.0008817812 0.0016089164
0.0006340284 0.0008240052 0.0016007623
0.0005451930 0.0007359267 0.0016042800
0.0004869310 0.0006261676 0.0016191252
0.0004649455 0.0005054717 0.0016438448
0.0004813886 0.0003856536 0.0016760189
0.0005346507 0.0002784420 0.0017124982
0.0006195181 0.0001943315 0.0017497118
0.0007276835 0.0001415554 0.0017840171
0.0008485588 0.0001252798 0.0018120559
0.0009703120 0.0001470979 0.0018310836
0.0010810249 0.0002048739 0.0018392377
0.0011698603 0.0002929523 0.0018357200
0.0012281223 0.0004027115 0.0018208748
0.0010532039 0.0007542969 0.0027800624
0.0010368355 0.0008758102 0.0027549924
0.0009841682 0.0009846111 0.0027225818
0.0009003576 0.0010700492 0.0026860029
0.0007936076 0.0011237614 0.0026488364
0.0006743676 0.0011404899 0.0026147204
0.0005543097 0.0011185973 0.0025869944
0.0004451860 0.0010602264 0.0025683725
0.0003576783 0.0009710912 0.0025606775
0.0003003524 0.0008599166 0.0025646625
0.0002788198 0.0007375854 0.0025799376
0.0002951882 0.0006160721 0.0026050076
0.0003478555 0.0005072712 0.0026374182
0.0004316661 0.0004218331 0.0026739971
0.0005384161 0.0003681209 0.0027111636
0.0006576561 0.0003513923 0.0027452796
0.0007777140 0.0003732850 0.0027730056
0.0008868377 0.0004316558 0.0027916275
0.0009743455 0.0005207911 0.0027993225
0.0010316714 0.0006319657 0.0027953375
0.0007974768 0.0009149006 0.0037549367
0.0007802081 0.0010378523 0.0037392341
0.0007271292 0.0011482994 0.0037138178
0.0006434358 0.0012354304 0.0036811757
0.0005373203 0.0012907164 0.0036445030
0.0004191702 0.0013087456 0.0036073895
0.0003005507 0.0012877532 0.0035734682
0.0001930732 0.0012297940 0.0035460594
0.0001072584 0.0011405416 0.0035278462
0.0000515063 0.0010287324 0.0035206115
0.0000312743 0.0009053114 0.0035250633
0.0000485430 0.0007823596 0.0035407659
0.0001016220 0.0006719125 0.0035661822
0.0001853154 0.0005847815 0.0035988243
0.0002914308 0.0005294955 0.0036354970
0.0004095810 0.0005114663 0.0036726105
0.0005282004 0.0005324588 0.0037065318
0.0006356779 0.0005904179 0.0037339406
0.0007214928 0.0006796704 0.0037521538
0.0007772449 0.0007914795 0.0037593885
0.0005070856 0.0009916560 0.0047194357
0.0004882596 0.0011152817 0.0047145179
0.0004339078 0.0012268509 0.0046983903
0.0003493506 0.0013154425 0.0046726315
0.0002428650 0.0013723846 0.0046397631
0.0001248745 0.0013921032 0.0046030024
0.0000069290 0.0013726681 0.0045659478
-0.0000994263 0.0013159818 0.0045322264
-0.0001837806 0.0012275931 0.0045051392
-0.0002378766 0.0011161542 0.0044873377
-0.0002564192 0.0009925734 0.0044805643
-0.0002375931 0.0008689477 0.0044854821
-0.0001832413 0.0007573785 0.0045016097
-0.0000986841 0.0006687869 0.0045273685
0.0000078015 0.0006118448 0.0045602369
0.0001257919 0.0005921262 0.0045969976
0.0002437375 0.0006115613 0.0046340522
0.0003500928 0.0006682476 0.0046677736
0.0004344470 0.0007566363 0.0046948608
0.0004885431 0.0008680752 0.0047126623
0.0002085986 0.0009790142 0.0056731531
0.0001881077 0.0011023114 0.0056794640
0.0001320711 0.0012140828 0.0056740809
0.0000459739 0.0013033873 0.0056575309
-0.0000617559 0.0013614831 0.0056314338
-0.0001805732 0.0013826836 0.0055983442
-0.0002988472 0.0013649133 0.0055615013
-0.0004050004 0.0013099118 0.0055245114
-0.0004886418 0.0012230631 0.0054909954
-0.0005415840 0.0011128684 0.0054642340
-0.0005586447 0.0009901145 0.0054468469
-0.0005381538 0.0008668172 0.0054405360
-0.0004821172 0.0007550459 0.0054459191
-0.0003960201 0.0006657414 0.0054624691
-0.0002882902 0.0006076455 0.0054885662
-0.0001694729 0.0005864451 0.0055216558
-0.0000511990 0.0006042154 0.0055584987
0.0000549542 0.0006592168 0.0055954886
0.0001385957 0.0007460656 0.0056290046
0.0001915379 0.0008562602 0.0056557660
-0.0000715306 0.0008794537 0.0066166560
-0.0000932062 0.0010015361 0.0066336260
-0.0001507450 0.0011125181 0.0066394734
-0.0002385147 0.0012015361 0.0066336260
-0.0003479238 0.0012598763 0.0066166560
-0.0004682626 0.0012818281 0.0065902247
-0.0005877514 0.0012652425 0.0065569193
-0.0006946940 0.0012117432 0.0065200000
-0.0007786219 0.0011265671 0.0064830807
-0.0008313197 0.0010180516 0.0064497753
-0.0008476291 0.0008968192 0.0064233440
-0.0008259535 0.0007747368 0.0064063740
-0.0007684147 0.0006637548 0.0064005266
-0.0006806450 0.0005747368 0.0064063740
-0.0005712359 0.0005163966 0.0064233440
-0.0004508971 0.0004944448 0.0064497753
-0.0003314083 0.0005110303 0.0064830807
-0.0002244658 0.0005645297 0.0065200000
-0.0001405378 0.0006497058 0.0065569193
-0.0000878400 0.0007582213 0.0065902247
-0.0003091774 0.0007027848 0.0075514338
-0.0003311395 0.0008231946 0.0075775309
-0.0003894676 0.0009326745 0.0075940809
-0.0004784522 0.0010205077 0.0075994640
-0.0005893829 0.0010780966 0.0075931531
-0.0007114009 0.0010998040 0.0075757660
-0.0008325623 0.0010835050 0.0075490046
-0.0009410069 0.0010307950 0.0075154886
-0.0010261196 0.0009468337 0.0074784987
-0.0010795688 0.0008398398 0.0074416558
-0.0010961225 0.0007202866 0.0074085662
-0.0010741604 0.0005998767 0.0073824691
-0.0010158323 0.0004903969 0.0073659191
-0.0009268477 0.0004025636 0.0073605360
-0.0008159171 0.0003449747 0.0073668469
-0.0006938991 0.0003232673 0.0073842340
-0.0005727377 0.0003395664 0.0074109954
-0.0004642930 0.0003922764 0.0074445114
-0.0003791804 0.0004762377 0.0074815013
-0.0003257312 0.0005832316 0.0075183442
-0.0004843138 0.0004649734 0.0084797631
-0.0005055630 0.0005838433 0.0085126315
-0.0005636890 0.0006916383 0.0085383903
-0.0006530021 0.0007778067 0.0085545179
-0.0007647595 0.0008339138 0.0085594357
-0.0008880218 0.0008544674 0.0085526623
-0.0010107231 0.0008374555 0.0085348608
-0.0011208526 0.0007845434 0.0085077736
-0.0012076301 0.0007009105 0.0084740522
-0.0012625611 0.0005947434 0.0084369976
-0.0012802687 0.0004764345 0.0084002369
-0.0012590194 0.0003575646 0.0083673685
-0.0012008934 0.0002497696 0.0083416097
-0.0011115804 0.0001636011 0.0083254821
-0.0009998230 0.0001074941 0.0083205643
-0.0008765607 0.0000869405 0.0083273377
-0.0007538594 0.0001039524 0.0083451392
-0.0006437298 0.0001568645 0.0083722264
-0.0005569524 0.0002404973 0.0084059478
-0.0005020213 0.0003466644 0.0084430024
-0.0005823132 0.0001866936 0.0094045030
-0.0006021018 0.0003046997 0.0094411757
-0.0006591057 0.0004112219 0.0094738178
-0.0007477448 0.0004958329 0.0094992341
-0.0008593425 0.0005502506 0.0095149367
-0.0009829750 0.0005691481 0.0095193885
-0.0011065401 0.0005506756 0.0095121538
-0.0012179425 0.0004966414 0.0094939406
-0.0013062773 0.0004123346 0.0094665318
-0.0013628977 0.0003060078 0.0094326105
-0.0013822613 0.0001880690 0.0093954970
-0.0013624727 0.0000700629 0.0093588243
-0.0013054688 -0.0000364592 0.0093261822
-0.0012168297 -0.0001210703 0.0093007659
-0.0011052320 -0.0001754880 0.0092850633
-0.0009815996 -0.0001943855 0.0092806115
-0.0008580344 -0.0001759130 0.0092878462
-0.0007466320 -0.0001218787 0.0093060594
-0.0006582972 -0.0000375720 0.0093334682
-0.0006016768 0.0000687548 0.0093673895
-0.0005948536 -0.0001082585 0.0103288364
-0.0006129494 0.0000098648 0.0103660029
-0.0006683070 0.0001159752 0.0104025818
-0.0007555077 0.0001996861 0.0104349924
-0.0008660156 0.0002528031 0.0104600624
-0.0009890135 0.0002701268 0.0104753375
-0.0011124614 0.0002499615 0.0104793225
-0.0012242754 0.0001942810 0.0104716275
-0.0013135105 0.0001085357 0.0104530056
-0.0013714316 0.0000011191 0.0104252796
-0.0013923690 -0.0001174542 0.0103911636
-0.0013742732 -0.0002355775 0.0103539971
-0.0013189156 -0.0003416880 0.0103174182
-0.0012317149 -0.0004253989 0.0102850076
-0.0011212070 -0.0004785159 0.0102599376
-0.0009982092 -0.0004958396 0.0102446625
-0.0008747612 -0.0004756742 0.0102406775
-0.0007629472 -0.0004199937 0.0102483725
-0.0006737121 -0.0003342485 0.0102669944
-0.0006157910 -0.0002268319 0.0102947204
-0.0005204836 -0.0003946458 0.0112559829
-0.0005372517 -0.0002754657 0.0112902882
-0.0005910200 -0.0001687604 0.0113275018
-0.0006765254 -0.0000849749 0.0113639811
-0.0007853980 -0.0000323108 0.0113961552
-0.0009069805 -0.0000159232 0.0114208748
-0.0010293716 -0.0000374162 0.0114357200
-0.0011405909 -0.0000946859 0.0114392377
-0.0012297513 -0.0001821264 0.0114310836
-0.0012881253 -0.0002911784 0.0114120559
-0.0013099988 -0.0004111671 0.0113840171
-0.0012932307 -0.0005303472 0.0113497118
-0.0012394623 -0.0006370525 0.0113124982
-0.0011539569 -0.0007208380 0.0112760189
-0.0010450844 -0.0007735021 0.0112438448
-0.0009235018 -0.0007898897 0.0112191252
-0.0008011107 -0.0007683967 0.0112042800
-0.0006898915 -0.0007111270 0.0112007623
-0.0006007311 -0.0006236865 0.0112089164
-0.0005423571 -0.0005146345 0.0112279441
-0.0003648657 -0.0006475777 0.0121889084
-0.0003811400 -0.0005267742 0.0122172556
-0.0004339370 -0.0004186775 0.0122517447
-0.0005180886 -0.0003338689 0.0122889996
-0.0006253575 -0.0002806501 0.0123253735
-0.0007452434 -0.0002642305 0.0123573060
-0.0008660110 -0.0002862174 0.0123816712
-0.0009758389 -0.0003444585 0.0123960842
-0.0010639762 -0.0004332528 0.0123991340
-0.0011217955 -0.0005439084 0.0123905222
-0.0011436370 -0.0006655938 0.0123710916
-0.0011273628 -0.0007863973 0.0123427444
-0.0010745658 -0.0008944940 0.0123082553
-0.0009904141 -0.0009793026 0.0122710004
-0.0008831453 -0.0010325214 0.0122346265
-0.0007632594 -0.0010489410 0.0122026940
-0.0006424917 -0.0010269541 0.0121783288
-0.0005326639 -0.0009687130 0.0121639158
-0.0004445266 -0.0008799188 0.0121608660
-0.0003867073 -0.0007692631 0.0121694778
-0.0001406369 -0.0008444184 0.0131300567
-0.0001574254 -0.0007219977 0.0131498870
-0.0002102118 -0.0006122041 0.0131785381
-0.0002938289 -0.0005257850 0.0132132056
-0.0004000917 -0.0004711997 0.0132504959
-0.0005185985 -0.0004537913 0.0132867588
-0.0006377491 -0.0004752639 0.0133184446
-0.0007458800 -0.0005335157 0.0133424517
-0.0008324068 -0.0006228445 0.0133564301
-0.0008888596 -0.0007345062 0.0133590115
-0.0009097123 -0.0008575706 0.0133499433
-0.0008929238 -0.0009799913 0.0133301130
-0.0008401375 -0.0010897848 0.0133014619
-0.0007565204 -0.0011762039 0.0132667944
-0.0006502576 -0.0012307893 0.0132295041
-0.0005317507 -0.0012481977 0.0131932412
-0.0004126002 -0.0012267250 0.0131615554
-0.0003044692 -0.0011684733 0.0131375483
-0.0002179424 -0.0010791445 0.0131235699
-0.0001614897 -0.0009674828 0.0131209885
0.0001332349 -0.0009667599 0.0140811298
0.0001151056 -0.0008432992 0.0140906530
0.0000613654 -0.0007321021 0.0141108798
-0.0000227251 -0.0006440535 0.0141398304
-0.0001289346 -0.0005877720 0.0141746708
-0.0002468666 -0.0005687671 0.0142119906
-0.0003649771 -0.0005888989 0.0142481366
-0.0004717046 -0.0006461968 0.0142795707
-0.0005566018 -0.0007350522 0.0143032159
-0.0006113585 -0.0008467672 0.0143167576
-0.0006306147 -0.0009704064 0.0143188702
-0.0006124854 -0.0010938672 0.0143093470
-0.0005587452 -0.0012050642 0.0142891202
-0.0004746547 -0.0012931129 0.0142601696
-0.0003684452 -0.0013493943 0.0142253292
-0.0002505132 -0.0013683992 0.0141880094
-0.0001324027 -0.0013482674 0.0141518634
-0.0000256752 -0.0012909695 0.0141204293
0.0000592221 -0.0012021141 0.0140967841
0.0001139788 -0.0010903991 0.0140832424
0.0004327134 -0.0010023100 0.0150429334
0.0004128899 -0.0008787534 0.0150412898
0.0003575681 -0.0007669416 0.0150512665
0.0002721634 -0.0006778195 0.0150718868
0.0001650356 -0.0006201111 0.0151011322
0.0000466712 -0.0005994652 0.0151361400
-0.0000713433 -0.0006179028 0.0151734833
-0.0001774561 -0.0006736191 0.0152095069
-0.0002612799 -0.0007611602 0.0152406843
-0.0003146096 -0.0008719570 0.0152639638
-0.0003322248 -0.0009951639 0.0152770666
-0.0003124013 -0.0011187205 0.0152787102
-0.0002570795 -0.0012305323 0.0152687335
-0.0001716747 -0.0013196544 0.0152481132
-0.0000645470 -0.0013773628 0.0152188678
0.0000538174 -0.0013980087 0.0151838600
0.0001718320 -0.0013795711 0.0151465167
0.0002779447 -0.0013238548 0.0151104931
0.0003617685 -0.0012363137 0.0150793157
0.0004150982 -0.0011255169 0.0150560362
0.0007306215 -0.0009464422 0.0160153046
0.0007093484 -0.0008237677 0.0160026428
0.0006523753 -0.0007123468 0.0160014686
0.0005652793 -0.0006230863 0.0160118972
0.0004565858 -0.0005647235 0.0160329076
0.0003369346 -0.0005429716 0.0160624432
0.0002180379 -0.0005599595 0.0160976129
0.0001115342 -0.0006140246 0.0161349740
0.0000278488 -0.0006998744 0.0161708693
-0.0000248265 -0.0008091055 0.0162017852
-0.0000413357 -0.0009310255 0.0162246954
-0.0000200625 -0.0010537001 0.0162373572
0.0000369105 -0.0011651209 0.0162385314
0.0001240066 -0.0012543814 0.0162281028
0.0002327001 -0.0013127442 0.0162070924
0.0003523513 -0.0013344962 0.0161775568
0.0004712479 -0.0013175082 0.0161423871
0.0005777516 -0.0012634431 0.0161050260
0.0006614370 -0.0011775933 0.0160691307
0.0007141124 -0.0010683622 0.0160382148
0.0009991448 -0.0008031135 0.0169971269
0.0009771782 -0.0006819877 0.0169745896
0.0009190671 -0.0005718255 0.0169623707
0.0008304997 -0.0004834104 0.0169616662
0.0007201457 -0.0004253970 0.0169725450
0.0005988072 -0.0004034641 0.0169939422
0.0004783618 -0.0004197586 0.0170237634
0.0003705994 -0.0004726855 0.0170590894
0.0002860687 -0.0005570641 0.0170964623
0.0002330440 -0.0006646346 0.0171322237
0.0002167158 -0.0007848673 0.0171628731
0.0002386824 -0.0009059931 0.0171854104
0.0002967935 -0.0010161553 0.0171976293
0.0003853609 -0.0011045704 0.0171983338
0.0004957149 -0.0011625838 0.0171874550
0.0006170534 -0.0011845167 0.0171660578
0.0007374988 -0.0011682222 0.0171362366
0.0008452612 -0.0011152953 0.0171009106
0.0009297919 -0.0010309167 0.0170635377
0.0009828166 -0.0009233462 0.0170277763
0.0012126683 -0.0005848907 0.0179864301
0.0011910092 -0.0004654337 0.0179560520
0.0011326748 -0.0003569537 0.0179338913
0.0010433753 -0.0002700694 0.0179221172
0.0009318519 -0.0002132856 0.0179218824
0.0008090213 -0.0001921609 0.0179332097
0.0006869071 -0.0002087629 0.0179549904
0.0005774625 -0.0002614666 0.0179850924
0.0004914009 -0.0003451130 0.0180205692
0.0004371466 -0.0004515141 0.0180579480
0.0004200102 -0.0005702547 0.0180935699
0.0004416693 -0.0006897117 0.0181239480
0.0005000037 -0.0007981917 0.0181461087
0.0005893032 -0.0008850760 0.0181578828
0.0007008266 -0.0009418598 0.0181581176
0.0008236572 -0.0009629845 0.0181467903
0.0009457715 -0.0009463825 0.0181250096
0.0010552160 -0.0008936788 0.0180949076
0.0011412776 -0.0008100324 0.0180594308
0.0011955319 -0.0007036313 0.0180220520
0.0013505735 -0.0003119471 0.0189805692
0.0013301143 -0.0001936900 0.0189450924
0.0012725503 -0.0000867219 0.0189149904
0.0011835163 -0.0000015137 0.0188932097
0.0010717274 0.0000535940 0.0188818824
0.0009481264 0.0000732069 0.0188821172
0.0008248123 0.0000554049 0.0188938913
0.0007138558 0.0000019308 0.0189160520
0.0006261182 -0.0000819810 0.0189464301
0.0005701878 -0.0001881167 0.0189820520
0.0005515395 -0.0003060869 0.0190194308
0.0005719987 -0.0004243440 0.0190549076
0.0006295627 -0.0005313121 0.0190850096
0.0007185968 -0.0006165203 0.0191067903
0.0008303856 -0.0006716280 0.0191181176
0.0009539866 -0.0006912408 0.0191178828
0.0010773007 -0.0006734389 0.0191061087
0.0011882572 -0.0006199648 0.0190839480
0.0012759948 -0.0005360530 0.0190535699
0.0013319252 -0.0004299173 0.0190179480
0.0013995744 -0.0000100741 0.0199764623
0.0013807840 0.0001078755 0.0199390894
0.0013247121 0.0002140354 0.0199037634
0.0012368474 0.0002980140 0.0198739422
0.0011257907 0.0003515909 0.0198525450
0.0010024130 0.0003695215 0.0198416662
0.0008787913 0.0003500508 0.0198423707
0.0007670267 0.0002950846 0.0198545896
0.0006780594 0.0002100034 0.0198771269
0.0006205982 0.0001031355 0.0199077763
0.0006002677 -0.0000150580 0.0199435377
0.0006190581 -0.0001330076 0.0199809106
