0.00157165960117 0.000299810103337 -0.0194
0.0014116659623 0.000753126291465 -0.01844
0.00112423995168 0.00113845708353 -0.01748
0.000735327776994 0.0014210183181 -0.01652
0.00028003689436 0.00157530293525 -0.01556
-0.000200533173703 0.0015873835221 -0.0146
-0.000663000929589 0.0014561695531 -0.01364
-0.00106561898789 0.00119350583268 -0.01268
-0.00137204264991 0.00082310325405 -0.01172
-0.00155461077266 0.000378398395238 -0.01076
-0.00159684276549 -0.000100464831247 -0.0098
-0.00149492630793 -0.000570259005941 -0.00884
-0.00125806149142 -0.000988575380945 -0.00788
-0.000907630318603 -0.00131765215621 -0.00692
-0.000475266530523 -0.00152778327159 -0.00596
9.79717439318e-20 -0.0016 -0.005
0.000475266530523 -0.00152778327159 -0.00404
0.000907630318603 -0.00131765215621 -0.00308
0.00125806149142 -0.000988575380945 -0.00212
0.00149492630793 -0.000570259005941 -0.00116
0.00159684276549 -0.000100464831247 -0.0002
0.00155461077266 0.000378398395238 0.00076
0.00137204264991 0.00082310325405 0.00172
0.00106561898789 0.00119350583268 0.00268
0.000663000929589 0.0014561695531 0.00364
0.000200533173703 0.0015873835221 0.0046
-0.00028003689436 0.00157530293525 0.00556
-0.000735327776994 0.0014210183181 0.00652
-0.00112423995168 0.00113845708353 0.00748
-0.0014116659623 0.000753126291465 0.00844
-0.00157165960117 0.000299810103337 0.0094
-0.00158977809683 -0.000180570215798 0.01036
-0.00146438587619 -0.000644650297142 0.01132
-0.00120680220918 -0.0010505372092 0.01228
-0.000840279407938 -0.00136159117087 0.01324
-0.000397903819464 -0.00154973305781 0.0142
8.03909090876e-05 -0.00159797913057 0.01516
0.000551428677079 -0.00150197417225 0.01612
0.000972688476311 -0.00127038463784 0.01708
0.00130614280115 -0.000924116325476 0.01804
0.00152169042607 -0.000494427191 0.019
0.00159987367073 -2.01056638134e-05 0.01996
