-0.00117600901695 0.00108489759519 -0.0194230769231
-0.00144552069538 0.000685908098245 -0.0188461538462
-0.00158412852474 0.000224803952616 -0.0182692307692
-0.00157928042022 -0.000256658049372 -0.0176923076923
-0.00143141541777 -0.000714877543203 -0.0171153846154
-0.00115392391575 -0.00110835896562 -0.0165384615385
-0.000771935063692 -0.00140146932091 -0.0159615384615
-0.000320041110042 -0.00156766504327 -0.0153846153846
0.000160835211897 -0.0015918957361 -0.0148076923077
0.000627146575776 -0.00147196710985 -0.0142307692308
0.00103666463261 -0.00121873969308 -0.0136538461538
0.00135230413687 -0.000855145321804 -0.0130769230769
0.00154548132206 -0.000414110472164 -0.0125
0.00159870239707 6.44255041751e-05 -0.0119230769231
0.00150714775359 0.000537127218507 -0.0113461538462
0.00127910842145 0.000961187622781 -0.0107692307692
0.000935235247376 0.00129820454169 -0.0101923076923
0.000506668790082 0.00151765830712 -0.00961538461538
3.22192852247e-05 0.00159967556638 -0.00903846153846
-0.000445147942266 0.00153682897861 -0.00846153846154
-0.000882203343555 0.00133480982189 -0.00788461538462
-0.00123936793892 0.00101191260095 -0.00730769230769
-0.00148429752159 0.000597378328532 -0.00673076923077
-0.00159481169301 0.000128746509947 -0.00615384615385
-0.00156090248136 -0.00035154436946 -0.00557692307692
-0.00138564064606 -0.0008 -0.005
-0.00108489759519 -0.00117600901695 -0.00442307692308
-0.000685908098245 -0.00144552069538 -0.00384615384615
-0.000224803952616 -0.00158412852474 -0.00326923076923
0.000256658049372 -0.00157928042022 -0.00269230769231
0.000714877543203 -0.00143141541777 -0.00211538461538
0.00110835896562 -0.00115392391575 -0.00153846153846
0.00140146932091 -0.000771935063692 -0.000961538461538
0.00156766504327 -0.000320041110042 -0.000384615384615
0.0015918957361 0.000160835211897 0.000192307692308
0.00147196710985 0.000627146575776 0.000769230769231
0.00121873969308 0.00103666463261 0.00134615384615
0.000855145321804 0.00135230413687 0.00192307692308
0.000414110472164 0.00154548132206 0.0025
-6.44255041751e-05 0.00159870239707 0.00307692307692
-0.000537127218507 0.00150714775359 0.00365384615385
-0.000961187622781 0.00127910842145 0.00423076923077
-0.00129820454169 0.000935235247376 0.00480769230769
-0.00151765830712 0.000506668790082 0.00538461538462
-0.00159967556638 3.22192852247e-05 0.00596153846154
-0.00153682897861 -0.000445147942266 0.00653846153846
-0.00133480982189 -0.000882203343555 0.00711538461538
-0.00101191260095 -0.00123936793892 0.00769230769231
-0.000597378328532 -0.00148429752159 0.00826923076923
-0.000128746509947 -0.00159481169301 0.00884615384615
0.00035154436946 -0.00156090248136 0.00942307692308
0.0008 -0.00138564064606 0.01
0.00117600901695 -0.00108489759519 0.0105769230769
0.00144552069538 -0.000685908098245 0.0111538461538
0.00158412852474 -0.000224803952616 0.0117307692308
0.00157928042022 0.000256658049372 0.0123076923077
0.00143141541777 0.000714877543203 0.0128846153846
0.00115392391575 0.00110835896562 0.0134615384615
0.000771935063692 0.00140146932091 0.0140384615385
0.000320041110042 0.00156766504327 0.0146153846154
-0.000160835211897 0.0015918957361 0.0151923076923
-0.000627146575776 0.00147196710985 0.0157692307692
-0.00103666463261 0.00121873969308 0.0163461538462
-0.00135230413687 0.000855145321804 0.0169230769231
-0.00154548132206 0.000414110472164 0.0175
-0.00159870239707 -6.44255041751e-05 0.0180769230769
-0.00150714775359 -0.000537127218507 0.0186538461538
-0.00127910842145 -0.000961187622781 0.0192307692308
-0.000935235247376 -0.00129820454169 0.0198076923077
