0.0026027043 0.0004907120 -0.0193894968
0.0025051894 0.0004836709 -0.0194105032
0.0023399470 0.0012292063 -0.0184211312
0.0022479673 0.0012184541 -0.0184588688
0.0018695480 0.0018553270 -0.0174544689
0.0017842319 0.0018446585 -0.0175055311
0.0012348456 0.0023125645 -0.0164901113
0.0011549697 0.0023057450 -0.0165498887
0.0004938495 0.0025601491 -0.0155284518
0.0004162704 0.0025595855 -0.0155915482
-0.0002862482 0.0025765526 -0.0145696402
-0.0003654846 0.0025824438 -0.0146303598
-0.0010352451 0.0023611422 -0.0136135691
-0.0011195080 0.0023714089 -0.0136664309
-0.0016861886 0.0019339376 -0.0126598841
-0.0017770731 0.0019449564 -0.0127001159
-0.0021811872 0.0013336018 -0.0117080149
-0.0022779514 0.0013414838 -0.0117319851
-0.0024763291 0.0006139157 -0.0107572276
-0.0025761559 0.0006158791 -0.0107627724
-0.0025453737 -0.0001609312 -0.0098066906
-0.0026443653 -0.0001655795 -0.0097933094
-0.0023819786 -0.0009218612 -0.0088555496
-0.0024765319 -0.0009314805 -0.0088244504
-0.0020003109 -0.0016008373 -0.0079030049
-0.0020883890 -0.0016120327 -0.0078569951
-0.0014339734 -0.0021367747 -0.0069483836
-0.0015158251 -0.0021455949 -0.0068916164
-0.0007332725 -0.0024809818 -0.0059912000
-0.0008113438 -0.0024843138 -0.0059288000
0.0000390356 -0.0026016660 -0.0050312000
-0.0000390356 -0.0025983340 -0.0049688000
0.0008132339 -0.0024870579 -0.0040683836
0.0007313823 -0.0024782377 -0.0040116164
0.0015189383 -0.0021467824 -0.0031030049
0.0014308602 -0.0021355871 -0.0030569951
0.0020916265 -0.0016112446 -0.0021355496
0.0019970733 -0.0016016253 -0.0021044504
0.0024787511 -0.0009289950 -0.0011666906
0.0023797594 -0.0009243468 -0.0011533094
0.0026447829 -0.0001622737 -0.0001972276
0.0025449561 -0.0001642370 -0.0002027724
0.0025746246 0.0006188384 0.0007719851
0.0024778604 0.0006109564 0.0007480149
0.0022750115 0.0013430522 0.0017401159
0.0021841271 0.0013320334 0.0016998841
0.0017737623 0.0019445803 0.0027064309
0.0016894994 0.0019343136 0.0026535691
0.0011169947 0.0023692211 0.0036703598
0.0010377583 0.0023633299 0.0036096402
0.0003646560 0.0025792164 0.0046315482
0.0002870768 0.0025797800 0.0045684518
-0.0004151220 0.0025564575 0.0055898887
-0.0004949979 0.0025632770 0.0055301113
-0.0011522496 0.0023038205 0.0065455311
-0.0012375657 0.0023144890 0.0064944689
-0.0017809001 0.0018446166 0.0074988688
-0.0018728798 0.0018553689 0.0074611312
-0.0022451997 0.0012203097 0.0084505032
-0.0023427146 0.0012273508 0.0084294968
-0.0025039628 0.0004867689 0.0094011894
-0.0026039309 0.0004876139 0.0093988106
-0.0025341526 -0.0002906019 0.0103517683
-0.0026326262 -0.0002962513 0.0103682317
-0.0023328477 -0.0010424818 0.0113030903
-0.0024264064 -0.0010526317 0.0113369097
-0.0019175745 -0.0017015889 0.0122559387
-0.0020045326 -0.0017126570 0.0123040613
-0.0013249533 -0.0022085456 0.0132109592
-0.0014059548 -0.0022166257 0.0132690408
-0.0006076982 -0.0025171961 0.0141686012
-0.0006854892 -0.0025194363 0.0142313988
0.0001698651 -0.0025989112 0.0151290776
0.0000914053 -0.0025945210 0.0151909224
0.0009374575 -0.0024454437 0.0160923454
0.0008546857 -0.0024359724 0.0161476546
0.0016252214 -0.0020699798 0.0170581096
0.0015360161 -0.0020587703 0.0171018904
0.0021702268 -0.0015061848 0.0180258498
0.0020747373 -0.0014971932 0.0180541502
0.0025224502 -0.0008052443 0.0189948675
0.0024230437 -0.0008016441 0.0190051325
0.0026495817 -0.0000311408 0.0199643484
0.0025500077 -0.0000342026 0.0199556516
0.0027002192 0.0004977531 -0.0193684905
0.0026534036 0.0005876551 -0.0194501538
0.0025316951 0.0006019058 -0.0194940503
0.0024267426 0.0005297743 -0.0194671250
0.0024175775 0.0004255770 -0.0193896532
0.0025111013 0.0003677766 -0.0193199727
0.0026368887 0.0003998980 -0.0193105544
0.0024319267 0.0012399586 -0.0183833936
0.0023925894 0.0013342560 -0.0184640381
0.0022789800 0.0013454006 -0.0185265814
0.0021766487 0.0012650002 -0.0185239271
0.0021626531 0.0011535980 -0.0184580740
0.0022475321 0.0010950821 -0.0183786108
0.0023673702 0.0011335162 -0.0183453749
0.0019548641 0.0018659955 -0.0174034067
0.0019191919 0.0019681549 -0.0174757524
0.0018140145 0.0019813359 -0.0175512967
0.0017185325 0.0018956128 -0.0175731530
0.0017046459 0.0017755369 -0.0175248633
0.0017828115 0.0017115278 -0.0174427905
0.0018941691 0.0017517857 -0.0173887373
0.0013147215 0.0023193840 -0.0164303339
0.0012776079 0.0024300972 -0.0164878502
0.0011782193 0.0024497383 -0.0165695759
0.0010913974 0.0023635171 -0.0166139700
0.0010825208 0.0022363600 -0.0165876027
0.0011582738 0.0021640188 -0.0165103292
0.0012616129 0.0022009680 -0.0164403380
0.0005714287 0.0025607127 -0.0154653554
0.0005282757 0.0026776525 -0.0155028502
0.0004299897 0.0027058976 -0.0155833799
0.0003505822 0.0026241789 -0.0156463041
0.0003498485 0.0024940322 -0.0156442396
0.0004283412 0.0024134607 -0.0155787409
0.0005269537 0.0024431363 -0.0154991299
-0.0002070117 0.0025706615 -0.0145089205
-0.0002586705 0.0026893031 -0.0145230091
-0.0003609292 0.0027252594 -0.0145950734
-0.0004367849 0.0026514546 -0.0146708475
-0.0004291167 0.0025234651 -0.0146932720
-0.0003436989 0.0024376697 -0.0146454608
-0.0002448529 0.0024586741 -0.0145634166
-0.0009509822 0.0023508754 -0.0135607074
-0.0010106112 0.0024660935 -0.0135501181
-0.0011205159 0.0025061466 -0.0136072116
-0.0011979357 0.0024408739 -0.0136889955
-0.0011845720 0.0023194271 -0.0137338848
-0.0010904879 0.0022332581 -0.0137080769
-0.0009865307 0.0022472540 -0.0136310057
-0.0015953042 0.0019229188 -0.0126196522
-0.0016595548 0.0020307962 -0.0125853408
-0.0017780802 0.0020698858 -0.0126223096
-0.0018616283 0.0020107523 -0.0127027206
-0.0018472856 0.0018979245 -0.0127660224
-0.0017458526 0.0018163639 -0.0127645477
-0.0016337103 0.0018274874 -0.0126994068
-0.0020844231 0.0013257198 -0.0116840446
-0.0021483157 0.0014249303 -0.0116291084
-0.0022733939 0.0014583361 -0.0116426154
-0.0023654713 0.0014007822 -0.0117143946
-0.0023552117 0.0012956077 -0.0117903948
-0.0022503408 0.0012220112 -0.0118133862
-0.0021298285 0.0012354123 -0.0117660559
-0.0023765022 0.0006119524 -0.0107516827
-0.0024351835 0.0007042284 -0.0106810809
-0.0025624340 0.0007292363 -0.0106699068
-0.0026624316 0.0006681447 -0.0107265747
-0.0026598761 0.0005669568 -0.0108084125
-0.0025566917 0.0005018691 -0.0108537947
-0.0024305785 0.0005218940 -0.0108285476
-0.0024463821 -0.0001562830 -0.0098200717
-0.0024968379 -0.0000667614 -0.0097401776
-0.0026211135 -0.0000499018 -0.0097053310
-0.0027256268 -0.0001183997 -0.0097417721
-0.0027316772 -0.0002206748 -0.0098220600
-0.0026347086 -0.0002797119 -0.0098857363
-0.0025077403 -0.0002510548 -0.0098848514
-0.0022874254 -0.0009122419 -0.0088866487
-0.0023295448 -0.0008203228 -0.0088046744
-0.0024467482 -0.0008084859 -0.0087493010
-0.0025507790 -0.0008856447 -0.0087622258
-0.0025633000 -0.0009936971 -0.0088337161
-0.0024748826 -0.0010512774 -0.0089099384
-0.0023521068 -0.0010150264 -0.0089334956
-0.0019122327 -0.0015896419 -0.0079490147
-0.0019488468 -0.0014910192 -0.0078723601
-0.0020573768 -0.0014793070 -0.0078014585
-0.0021560972 -0.0015633247 -0.0077897002
-0.0021706697 -0.0016798053 -0.0078459395
-0.0020901208 -0.0017410366 -0.0079278270
-0.0019751055 -0.0017009102 -0.0079736998
-0.0013521218 -0.0021279545 -0.0070051507
-0.0013880049 -0.0020206883 -0.0069407355
-0.0014893212 -0.0020041584 -0.0068607060
-0.0015797775 -0.0020908121 -0.0068253261
-0.0015912584 -0.0022153975 -0.0068612376
-0.0015151184 -0.0022840992 -0.0069413983
-0.0014086926 -0.0022451834 -0.0070054457
-0.0006552012 -0.0024776497 -0.0060536001
-0.0006953855 -0.0023628506 -0.0060072391
-0.0007934941 -0.0023382612 -0.0059253061
-0.0008756492 -0.0024223979 -0.0058694983
-0.0008799864 -0.0025519040 -0.0058818401
-0.0008032396 -0.0026292588 -0.0059530380
-0.0007032008 -0.0025962125 -0.0060294783
0.0001171069 -0.0026049981 -0.0050936001
0.0000691073 -0.0024864353 -0.0050694783
-0.0000309315 -0.0024533891 -0.0049930380
-0.0001076783 -0.0025307438 -0.0049218401
-0.0001033411 -0.0026602499 -0.0049094983
-0.0000211860 -0.0027443866 -0.0049653061
0.0000769227 -0.0027197972 -0.0050472391
0.0008950856 -0.0024958781 -0.0041251507
0.0008385148 -0.0023786492 -0.0041254457
0.0007320890 -0.0023397334 -0.0040613983
0.0006559490 -0.0024084350 -0.0039812376
0.0006674298 -0.0025330204 -0.0039453261
0.0007578861 -0.0026196742 -0.0039807060
0.0008592025 -0.0026031443 -0.0040607355
0.0016070165 -0.0021579778 -0.0031490147
0.0015441437 -0.0020467096 -0.0031736998
0.0014291284 -0.0020065831 -0.0031278270
0.0013485795 -0.0020678144 -0.0030459395
0.0013631520 -0.0021842951 -0.0029897002
0.0014618724 -0.0022683128 -0.0030014585
0.0015704023 -0.0022566005 -0.0030723601
0.0021861798 -0.0016208640 -0.0021666487
0.0021214984 -0.0015180795 -0.0022134956
0.0019987226 -0.0014818285 -0.0021899384
0.0019103052 -0.0015394088 -0.0021137161
0.0019228261 -0.0016474611 -0.0020422258
0.0020268570 -0.0017246200 -0.0020293010
0.0021440604 -0.0017127831 -0.0020846744
0.0025777427 -0.0009336433 -0.0011800717
0.0025163844 -0.0008388714 -0.0012448514
0.0023894161 -0.0008102143 -0.0012457363
0.0022924475 -0.0008692514 -0.0011820600
0.0022984979 -0.0009715265 -0.0011017721
0.0024030113 -0.0010400245 -0.0010653310
0.0025272869 -0.0010231648 -0.0011001776
0.0027446098 -0.0001603104 -0.0001916827
0.0026905335 -0.0000702520 -0.0002685476
0.0025644203 -0.0000502270 -0.0002937947
0.0024612359 -0.0001153147 -0.0002484125
0.0024586804 -0.0002165027 -0.0001665747
0.0025586780 -0.0002775943 -0.0001099068
0.0026859285 -0.0002525864 -0.0001210809
0.0026713887 0.0006267204 0.0007959554
0.0026259833 0.0007170279 0.0007139441
0.0025054710 0.0007304290 0.0006666138
0.0024006001 0.0006568325 0.0006896052
0.0023903405 0.0005516580 0.0007656054
0.0024824179 0.0004941040 0.0008373846
0.0026074961 0.0005275099 0.0008508916
0.0023658960 0.0013540710 0.0017803478
0.0023274899 0.0014495023 0.0017005932
0.0022153476 0.0014606258 0.0016354523
0.0021139145 0.0013790653 0.0016339776
0.0020995719 0.0012662375 0.0016972794
0.0021831199 0.0012071040 0.0017776904
0.0023016453 0.0012461936 0.0018146592
0.0018580252 0.0019548471 0.0027592926
0.0018224767 0.0020584686 0.0026889943
0.0017185194 0.0020724644 0.0026119231
0.0016244353 0.0019862954 0.0025861152
0.0016110716 0.0018648486 0.0026310045
0.0016884915 0.0017995759 0.0027127884
0.0017983962 0.0018396290 0.0027698819
0.0011962312 0.0023751122 0.0037310795
0.0011583900 0.0024870996 0.0036765834
0.0010595440 0.0025081040 0.0035945392
0.0009741262 0.0024223086 0.0035467280
0.0009664580 0.0022943192 0.0035691525
0.0010423137 0.0022205143 0.0036449266
0.0011445724 0.0022564706 0.0037169909
0.0004422351 0.0025786528 0.0046946446
0.0003977602 0.0026962292 0.0046608701
0.0002991477 0.0027259048 0.0045812591
0.0002206550 0.0026453333 0.0045157604
0.0002213886 0.0025151866 0.0045136959
0.0003007962 0.0024334679 0.0045766201
0.0003990821 0.0024617130 0.0046571498
-0.0003352461 0.0025496381 0.0056496661
-0.0003883547 0.0026680541 0.0056396620
-0.0004916938 0.0027050032 0.0055696708
-0.0005674468 0.0026326620 0.0054923973
-0.0005585702 0.0025055049 0.0054660300
-0.0004717483 0.0024192838 0.0055104241
-0.0003723597 0.0024389249 0.0055921498
-0.0010669335 0.0022931520 0.0065965933
-0.0011276285 0.0024073619 0.0066112627
-0.0012389861 0.0024476197 0.0065572095
-0.0013171517 0.0023836107 0.0064751367
-0.0013032650 0.0022635348 0.0064268470
-0.0012077831 0.0021778117 0.0064487033
-0.0011026056 0.0021909926 0.0065242476
-0.0016889204 0.0018338644 0.0075366064
-0.0017534770 0.0019403068 0.0075746251
-0.0018733150 0.0019787409 0.0075413892
-0.0019581940 0.0019202250 0.0074619260
-0.0019441984 0.0018088228 0.0073960729
-0.0018418671 0.0017284224 0.0073934186
-0.0017282577 0.0017395670 0.0074559619
-0.0021476848 0.0012132685 0.0084715095
-0.0022110153 0.0013111236 0.0085294456
-0.0023368027 0.0013432450 0.0085200273
-0.0024303266 0.0012854446 0.0084503468
-0.0024211615 0.0011812473 0.0083728750
-0.0023162090 0.0011091158 0.0083459497
-0.0021945004 0.0011233666 0.0083898462
-0.0024039947 0.0004859239 0.0094035683
-0.0024614441 0.0005774027 0.0094761917
-0.0025885500 0.0006009505 0.0094914412
-0.0026895990 0.0005388354 0.0094378336
-0.0026884992 0.0004378313 0.0093557365
-0.0025860787 0.0003739964 0.0093069707
-0.0024594622 0.0003953997 0.0093282579
-0.0024356791 -0.0002849525 0.0103353050
-0.0024846682 -0.0001953888 0.0104160600
-0.0026079964 -0.0001796496 0.0104546007
-0.0027127951 -0.0002495868 0.0104219051
-0.0027201486 -0.0003525362 0.0103425938
-0.0026245197 -0.0004109749 0.0102763896
-0.0024979188 -0.0003808973 0.0102731458
-0.0022392890 -0.0010323319 0.0112692709
-0.0022802245 -0.0009395460 0.0113508676
-0.0023960121 -0.0009280944 0.0114092205
-0.0024994614 -0.0010066004 0.0114003884
-0.0025126730 -0.0011159473 0.0113310223
-0.0024256983 -0.0011737947 0.0112533561
-0.0023040310 -0.0011365824 0.0112258742
-0.0018306164 -0.0016905207 0.0122078161
-0.0018667472 -0.0015905127 0.0122828889
-0.0019738926 -0.0015783145 0.0123557862
-0.0020713700 -0.0016631118 0.0123716150
-0.0020857769 -0.0017810503 0.0123184558
-0.0020062646 -0.0018433201 0.0122363386
-0.0018927075 -0.0018030306 0.0121870993
-0.0012439519 -0.0022004655 0.0131528775
-0.0012802228 -0.0020917843 0.0132146493
-0.0013806746 -0.0020740689 0.0132955107
-0.0014696650 -0.0021606595 0.0133345714
-0.0014801824 -0.0022863515 0.0133024179
-0.0014043070 -0.0023564964 0.0132232625
-0.0012991746 -0.0023182735 0.0131567107
-0.0005299073 -0.0025149558 0.0141058035
-0.0005712136 -0.0023992114 0.0141486982
-0.0006692828 -0.0023731553 0.0142302242
-0.0007502666 -0.0024564083 0.0142889907
-0.0007531826 -0.0025862793 0.0142807455
-0.0006758350 -0.0026649727 0.0142116972
-0.0005764681 -0.0026332308 0.0141338407
0.0002483249 -0.0026033014 0.0150672327
0.0001988649 -0.0024845966 0.0150873781
0.0000980266 -0.0024503201 0.0151622093
0.0000217432 -0.0025262827 0.0152353768
0.0000274578 -0.0026552831 0.0152517841
0.0001108671 -0.0027401813 0.0151990761
0.0002091622 -0.0027170473 0.0151169430
0.0010202294 -0.0024549149 0.0160370361
0.0009623753 -0.0023383975 0.0160326137
0.0008545932 -0.0022989220 0.0160939949
0.0007780452 -0.0023662143 0.0161749585
0.0007903734 -0.0024896019 0.0162145372
0.0008822946 -0.0025761714 0.0161829275
0.0009845901 -0.0025607343 0.0161039320
0.0017144267 -0.0020811893 0.0170143287
0.0016509007 -0.0019712350 0.0169857377
0.0015344510 -0.0019314170 0.0170281281
0.0014527665 -0.0019917191 0.0171095791
0.0014673574 -0.0021067326 0.0171687564
0.0015672364 -0.0021898500 0.0171610983
0.0016771926 -0.0021784822 0.0170923715
0.0022657163 -0.0015151764 0.0179975495
0.0022012423 -0.0014138445 0.0179473709
0.0020774602 -0.0013786613 0.0179669438
0.0019875805 -0.0014361205 0.0180415296
0.0019992844 -0.0015429542 0.0181149635
0.0021037586 -0.0016187143 0.0181319484
0.0022223320 -0.0016063521 0.0180796943
0.0026218568 -0.0008088445 0.0189846024
0.0025614933 -0.0007151511 0.0189173657
0.0024343020 -0.0006879443 0.0189123544
0.0023360605 -0.0007477112 0.0189733419
0.0023407467 -0.0008494462 0.0190544036
0.0024448318 -0.0009165407 0.0190944982
0.0025699375 -0.0008984713 0.0190634338
0.0027491558 -0.0000280789 0.0199730452
0.0026965106 0.0000616555 0.0198948201
0.0025710364 0.0000803596 0.0198656768
0.0024672178 0.0000139489 0.0199075608
0.0024632323 -0.0000875681 0.0199889326
0.0027977341 0.0005047942 -0.0193474841
0.0027779902 0.0005957808 -0.0194226481
0.0027069206 0.0006618908 -0.0194926237
0.0026008066 0.0006879793 -0.0195413803
0.0024839576 0.0006680697 -0.0195577484
0.0023831423 0.0006067231 -0.0195379782
0.0023214562 0.0005179932 -0.0194865989
0.0023130310 0.0004222070 -0.0194153808
0.0023597966 0.0003413079 -0.0193406392
0.0024510398 0.0002938290 -0.0192794964
0.0025658577 0.0002906471 -0.0192459595
0.0026779470 0.0003324911 -0.0192477115
0.0027616293 0.0004097751 -0.0192843509
0.0025239064 0.0012507108 -0.0183456561
0.0025100592 0.0013470654 -0.0184152408
0.0024467055 0.0014151884 -0.0184904975
0.0023483591 0.0014394735 -0.0185541858
0.0022375498 0.0014143573 -0.0185917156
0.0021396628 0.0013455937 -0.0185944892
0.0020771228 0.0012489355 -0.0185618711
0.0020642569 0.0011465260 -0.0185013338
0.0021040126 0.0010618260 -0.0184267457
0.0021872823 0.0010142392 -0.0183551940
0.0022949899 0.0010146671 -0.0183030703
0.0024024610 0.0010630118 -0.0182823156
0.0024850751 0.0011481981 -0.0182976844
0.0020401802 0.0018766640 -0.0173523445
0.0020281438 0.0019807844 -0.0174100684
0.0019700026 0.0020549421 -0.0174838128
0.0018790760 0.0020821484 -0.0175566837
0.0017761942 0.0020561706 -0.0176119873
0.0016849262 0.0019829599 -0.0176370542
0.0016261803 0.0018792881 -0.0176261419
0.0016134147 0.0017689051 -0.0175817502
0.0016495536 0.0016770982 -0.0175140488
0.0017263182 0.0016248995 -0.0174385472
0.0018261225 0.0016242669 -0.0173725419
0.0019261026 0.0016753453 -0.0173311540
0.0020033543 0.0017664334 -0.0173238650
0.0013945974 0.0023262034 -0.0163705566
0.0013796470 0.0024377466 -0.0164112089
0.0013223751 0.0025198309 -0.0164767840
0.0012359019 0.0025536518 -0.0165522593
0.0011400374 0.0025314614 -0.0166203444
0.0010567430 0.0024583433 -0.0166654419
0.0010051005 0.0023510478 -0.0166772203
0.0009969405 0.0022341552 -0.0166529815
0.0010341324 0.0021344441 -0.0165982782
0.0011081559 0.0020747570 -0.0165256423
0.0012020532 0.0020687677 -0.0164517139
0.0012943136 0.0021178481 -0.0163934289
0.0013638012 0.0022107546 -0.0163641399
0.0006490079 0.0025612763 -0.0154022590
0.0006274471 0.0026772792 -0.0154221700
0.0005663945 0.0027663845 -0.0154736563
0.0004798366 0.0028081792 -0.0155449228
0.0003876026 0.0027930886 -0.0156196434
0.0003108222 0.0027245698 -0.0156807003
0.0002670850 0.0026183196 -0.0157141063
0.0002664106 0.0024986787 -0.0157122084
0.0003089535 0.0023930554 -0.0156754414
0.0003849676 0.0023256467 -0.0156122281
0.0004770390 0.0023118951 -0.0155370500
0.0005640753 0.0023549509 -0.0154671295
0.0006261375 0.0024449506 -0.0154184845
-0.0001277753 0.0025647704 -0.0144482008
-0.0001573098 0.0026806962 -0.0144455732
-0.0002254586 0.0027734388 -0.0144783229
-0.0003166096 0.0028217520 -0.0145389473
-0.0004098813 0.0028145677 -0.0146135582
-0.0004839062 0.0027535319 -0.0146850631
-0.0005217260 0.0026526270 -0.0147370810
-0.0005146768 0.0025349692 -0.0147576953
-0.0004643734 0.0024275125 -0.0147421835
-0.0003823397 0.0023548739 -0.0146940992
-0.0002873687 0.0023336940 -0.0146244579
-0.0002012170 0.0023688249 -0.0145492136
-0.0001436210 0.0024522185 -0.0144856038
-0.0008667193 0.0023406087 -0.0135078457
-0.0009027768 0.0024519478 -0.0134829166
-0.0009788329 0.0025436604 -0.0134939734
-0.0010774643 0.0025947363 -0.0135384832
-0.0011760755 0.0025934745 -0.0136062492
-0.0012520759 0.0025401642 -0.0136817471
-0.0012880549 0.0024470181 -0.0137476812
-0.0012757700 0.0023353749 -0.0137889469
-0.0012180355 0.0022308106 -0.0137960907
-0.0011280777 0.0021572796 -0.0137674759
-0.0010265049 0.0021316272 -0.0137096580
-0.0009365862 0.0021597298 -0.0136358822
-0.0008789208 0.0022351496 -0.0135630498
-0.0015044197 0.0019119000 -0.0125794203
-0.0015432471 0.0020157614 -0.0125344401
-0.0016252310 0.0021021402 -0.0125228059
-0.0017315898 0.0021512479 -0.0125471830
-0.0018379579 0.0021518346 -0.0126019868
-0.0019199679 0.0021037658 -0.0126746626
-0.0019588321 0.0020180536 -0.0127485610
-0.0019456472 0.0019143335 -0.0128067530
-0.0018834338 0.0018163666 -0.0128359074
-0.0017864441 0.0017465960 -0.0128293453
-0.0016768974 0.0017210052 -0.0127885699
-0.0015798895 0.0017454568 -0.0127229226
-0.0015176437 0.0018143492 -0.0126474421
-0.0019876589 0.0013178378 -0.0116600743
-0.0020245257 0.0014139700 -0.0115991034
-0.0021083654 0.0014925936 -0.0115658284
-0.0022199715 0.0015356969 -0.0115678723
-0.0023337764 0.0015334055 -0.0116047668
-0.0024237086 0.0014862443 -0.0116680598
-0.0024691659 0.0014050174 -0.0117432517
-0.0024597345 0.0013083329 -0.0118131169
-0.0023975750 0.0012183400 -0.0118616502
-0.0022969275 0.0011556550 -0.0118777330
-0.0021808490 0.0011346383 -0.0118576812
-0.0020759317 0.0011601046 -0.0118060882
-0.0020062110 0.0012262199 -0.0117347735
-0.0022766754 0.0006099891 -0.0107461379
-0.0023075428 0.0007008681 -0.0106746802
-0.0023885117 0.0007720522 -0.0106227682
-0.0025010330 0.0008072341 -0.0106022944
-0.0026193296 0.0007983540 -0.0106179490
-0.0027163010 0.0007474461 -0.0106661458
-0.0027697323 0.0006661730 -0.0107358435
-0.0027673830 0.0005731532 -0.0108110751
-0.0027097914 0.0004896965 -0.0108746061
-0.0026101509 0.0004349218 -0.0109118821
-0.0024912880 0.0004213774 -0.0109143638
-0.0023804328 0.0004521661 -0.0108814827
-0.0023029808 0.0005202345 -0.0108207712
-0.0023473905 -0.0001516347 -0.0098334528
-0.0023703373 -0.0000616786 -0.0097579588
-0.0024447218 0.0000050075 -0.0096920960
-0.0025535033 0.0000331466 -0.0096509526
-0.0026717613 0.0000162924 -0.0096439543
-0.0027724043 -0.0000416941 -0.0096727041
-0.0028323762 -0.0001275287 -0.0097306159
-0.0028379382 -0.0002215479 -0.0098044227
-0.0027878161 -0.0003022130 -0.0098772164
-0.0026934923 -0.0003510446 -0.0099323207
-0.0025765751 -0.0003568559 -0.0099571119
-0.0024638490 -0.0003183156 -0.0099459107
-0.0023811381 -0.0002442530 -0.0099012831
-0.0021928722 -0.0009026226 -0.0089177479
-0.0022087727 -0.0008089335 -0.0088450326
-0.0022751830 -0.0007422165 -0.0087711644
-0.0023768895 -0.0007177559 -0.0087130656
-0.0024905923 -0.0007411551 -0.0086840459
-0.0025902436 -0.0008070538 -0.0086907535
-0.0026530143 -0.0009003553 -0.0087316516
-0.0026645246 -0.0009996854 -0.0087973711
-0.0026221375 -0.0010822887 -0.0088728563
-0.0025355634 -0.0011292419 -0.0089408145
-0.0024246354 -0.0011297885 -0.0089856774
-0.0023147657 -0.0010838033 -0.0089971673
-0.0022311242 -0.0010018209 -0.0089726521
-0.0018241546 -0.0015784466 -0.0079950246
-0.0018363697 -0.0014776859 -0.0079316520
-0.0018962307 -0.0014064202 -0.0078564466
-0.0019900240 -0.0013809754 -0.0077866370
-0.0020962626 -0.0014071807 -0.0077382157
-0.0021906088 -0.0014790327 -0.0077222755
-0.0022514487 -0.0015800711 -0.0077424681
-0.0022648449 -0.0016871491 -0.0077941676
-0.0022277283 -0.0017757365 -0.0078655302
-0.0021486019 -0.0018255390 -0.0079402078
-0.0020455927 -0.0018251473 -0.0080010924
-0.0019422987 -0.0017746513 -0.0080342362
-0.0018623835 -0.0016856190 -0.0080320464
-0.0012702701 -0.0021191343 -0.0070619179
-0.0012834618 -0.0020104595 -0.0070136088
-0.0013405095 -0.0019317323 -0.0069438550
-0.0014283442 -0.0019009882 -0.0068686363
-0.0015268442 -0.0019252701 -0.0068051845
-0.0016134442 -0.0019990156 -0.0067680354
-0.0016683052 -0.0021053302 -0.0067656997
-0.0016788593 -0.0022198587 -0.0067987123
-0.0016426885 -0.0023163640 -0.0068595104
-0.0015680793 -0.0023727378 -0.0069341660
-0.0014721237 -0.0023760656 -0.0070055763
-0.0013768039 -0.0023255850 -0.0070573821
-0.0013039565 -0.0022328605 -0.0070777154
-0.0005771299 -0.0024743177 -0.0061160002
-0.0005956151 -0.0023596793 -0.0060871154
-0.0006545786 -0.0022732115 -0.0060291100
-0.0007405125 -0.0022347230 -0.0059552724
-0.0008337304 -0.0022530312 -0.0058825177
-0.0009128772 -0.0023239417 -0.0058275134
-0.0009598213 -0.0024312099 -0.0058028601
-0.0009638084 -0.0025502619 -0.0058142057
-0.0009239250 -0.0026538243 -0.0058589510
-0.0008493081 -0.0027181723 -0.0059268454
-0.0007570514 -0.0027285644 -0.0060023351
-0.0006682898 -0.0026826200 -0.0060681264
-0.0006033576 -0.0025908644 -0.0061091472
0.0001951782 -0.0026083302 -0.0051560002
0.0001689505 -0.0024917834 -0.0051491472
0.0001040183 -0.0024000278 -0.0051081264
0.0000152567 -0.0023540834 -0.0050423351
-0.0000770000 -0.0023644755 -0.0049668454
-0.0001516169 -0.0024288235 -0.0048989510
-0.0001915003 -0.0025323859 -0.0048542057
-0.0001875132 -0.0026514379 -0.0048428601
-0.0001405691 -0.0027587061 -0.0048675134
-0.0000614223 -0.0028296166 -0.0049225177
0.0000317956 -0.0028479248 -0.0049952724
0.0001177295 -0.0028094363 -0.0050691100
0.0001766930 -0.0027229686 -0.0051271154
0.0009769372 -0.0025046983 -0.0041819179
0.0009432508 -0.0023909720 -0.0041977154
0.0008704035 -0.0022982476 -0.0041773821
0.0007750837 -0.0022477670 -0.0041255763
0.0006791281 -0.0022510948 -0.0040541660
0.0006045188 -0.0023074686 -0.0039795104
0.0005683481 -0.0024039738 -0.0039187123
0.0005789022 -0.0025185023 -0.0038856997
0.0006337632 -0.0026248170 -0.0038880354
0.0007203632 -0.0026985624 -0.0039251845
0.0008188631 -0.0027228444 -0.0039886363
0.0009066979 -0.0026921003 -0.0040638550
0.0009637456 -0.0026133731 -0.0041336088
0.0016950946 -0.0021691732 -0.0031950246
0.0016568657 -0.0020620007 -0.0032320464
0.0015769505 -0.0019729684 -0.0032342362
0.0014736565 -0.0019224724 -0.0032010924
0.0013706473 -0.0019220808 -0.0031402078
0.0012915209 -0.0019718832 -0.0030655302
0.0012544043 -0.0020604706 -0.0029941676
0.0012678005 -0.0021675486 -0.0029424681
0.0013286404 -0.0022685870 -0.0029222755
0.0014229865 -0.0023404391 -0.0029382157
0.0015292252 -0.0023666444 -0.0029866370
0.0016230185 -0.0023411996 -0.0030564466
0.0016828794 -0.0022699338 -0.0031316520
0.0022807330 -0.0016304833 -0.0021977479
0.0022424809 -0.0015312849 -0.0022526521
0.0021588395 -0.0014493026 -0.0022771673
0.0020489698 -0.0014033174 -0.0022656774
0.0019380418 -0.0014038640 -0.0022208145
0.0018514677 -0.0014508171 -0.0021528563
0.0018090806 -0.0015334205 -0.0020773711
0.0018205909 -0.0016327506 -0.0020116516
0.0018833616 -0.0017260521 -0.0019707535
0.0019830129 -0.0017919507 -0.0019640459
0.0020967157 -0.0018153500 -0.0019930656
0.0021984221 -0.0017908893 -0.0020511644
0.0022648325 -0.0017241724 -0.0021250326
0.0026767343 -0.0009382915 -0.0011934528
0.0026429867 -0.0008456733 -0.0012612831
0.0025602758 -0.0007716106 -0.0013059107
0.0024475496 -0.0007330704 -0.0013171119
0.0023306325 -0.0007388817 -0.0012923207
0.0022363086 -0.0007877132 -0.0012372164
0.0021861865 -0.0008683783 -0.0011644227
0.0021917485 -0.0009623975 -0.0010906159
0.0022517204 -0.0010482322 -0.0010327041
0.0023523635 -0.0011062186 -0.0010039543
0.0024706215 -0.0011230728 -0.0010109526
0.0025794030 -0.0010949337 -0.0010520960
0.0026537874 -0.0010282476 -0.0011179588
0.0028444366 -0.0001583470 -0.0001861379
0.0028181312 -0.0000685925 -0.0002607712
0.0027406792 -0.0000005240 -0.0003214827
0.0026298240 0.0000302646 -0.0003543638
0.0025109611 0.0000167202 -0.0003518821
0.0024113206 -0.0000380545 -0.0003146061
0.0023537290 -0.0001215111 -0.0002510751
0.0023513797 -0.0002145309 -0.0001758435
0.0024048110 -0.0002958041 -0.0001061458
0.0025017824 -0.0003467119 -0.0000579490
0.0026200790 -0.0003555921 -0.0000422944
0.0027326003 -0.0003204102 -0.0000627682
0.0028135692 -0.0002492261 -0.0001146802
0.0027681529 0.0006346023 0.0008199257
0.0027496009 0.0007262203 0.0007452265
0.0026798801 0.0007923356 0.0006739118
0.0025749629 0.0008178018 0.0006223188
0.0024588843 0.0007967852 0.0006022670
0.0023582368 0.0007341002 0.0006183498
0.0022960773 0.0006441073 0.0006668831
0.0022866459 0.0005474228 0.0007367483
0.0023321032 0.0004661959 0.0008119402
0.0024220355 0.0004190347 0.0008752332
0.0025358403 0.0004167433 0.0009121277
0.0026474464 0.0004598466 0.0009141716
0.0027312862 0.0005384702 0.0008808966
0.0024567804 0.0013650898 0.0018205797
0.0024435565 0.0014626406 0.0017525579
0.0023813107 0.0015315330 0.0016770774
0.0022843028 0.0015559846 0.0016114301
0.0021747561 0.0015303938 0.0015706547
0.0020777664 0.0014606231 0.0015640926
0.0020155530 0.0013626563 0.0015932470
0.0020023681 0.0012589362 0.0016514390
0.0020412323 0.0011732240 0.0017253374
0.0021232422 0.0011251552 0.0017980132
0.0022296104 0.0011257418 0.0018528170
0.0023359692 0.0011748496 0.0018771941
0.0024179530 0.0012612283 0.0018655599
0.0019422881 0.0019651138 0.0028121543
0.0019300865 0.0020705729 0.0027569502
0.0018724212 0.0021459927 0.0026841178
0.0017825024 0.0021740953 0.0026103420
0.0016809296 0.0021484429 0.0025525241
0.0015909719 0.0020749119 0.0025239093
0.0015332374 0.0019703476 0.0025310531
0.0015209525 0.0018587044 0.0025723188
0.0015569314 0.0017655583 0.0026382529
0.0016329319 0.0017122480 0.0027137508
0.0017315431 0.0017109862 0.0027815168
0.0018301744 0.0017620621 0.0028260266
0.0019062306 0.0018537747 0.0028370834
0.0012754677 0.0023810034 0.0037917992
0.0012596219 0.0024935553 0.0037543962
0.0012020259 0.0025769489 0.0036907864
0.0011158742 0.0026120798 0.0036155421
0.0010209032 0.0025908999 0.0035459008
0.0009388695 0.0025182612 0.0034978165
0.0008885661 0.0024108045 0.0034823047
0.0008815169 0.0022931467 0.0035029190
0.0009193368 0.0021922419 0.0035549369
0.0009933616 0.0021312060 0.0036264418
0.0010866333 0.0021240218 0.0037010527
0.0011777843 0.0021723349 0.0037616771
0.0012459331 0.0022650775 0.0037944268
0.0005198143 0.0025780892 0.0047577410
0.0004969439 0.0026944149 0.0047415155
0.0004348818 0.0027844146 0.0046928705
0.0003478455 0.0028274704 0.0046229500
0.0002557741 0.0028137188 0.0045477719
0.0001797600 0.0027463101 0.0044845586
0.0001372171 0.0026406868 0.0044477916
0.0001378915 0.0025210459 0.0044458937
0.0001816287 0.0024147957 0.0044792997
0.0002584090 0.0023462769 0.0045403566
0.0003506430 0.0023311863 0.0046150772
0.0004372010 0.0023729810 0.0046863437
0.0004982536 0.0024620862 0.0047378300
-0.0002553702 0.0025428186 0.0057094434
-0.0002861664 0.0026582674 0.0057158601
-0.0003556540 0.0027511739 0.0056865711
-0.0004479144 0.0028002543 0.0056282861
-0.0005418117 0.0027942650 0.0055543577
-0.0006158352 0.0027345780 0.0054817218
-0.0006530271 0.0026348668 0.0054270185
-0.0006448671 0.0025179742 0.0054027797
-0.0005932245 0.0024106788 0.0054145581
-0.0005099302 0.0023375606 0.0054596556
-0.0004140657 0.0023153702 0.0055277407
-0.0003275925 0.0023491912 0.0056032160
-0.0002703205 0.0024312755 0.0056687911
-0.0009816174 0.0022824836 0.0066476555
-0.0010184432 0.0023927141 0.0066761350
-0.0010956949 0.0024838022 0.0066688460
-0.0011956751 0.0025348807 0.0066274581
-0.0012954794 0.0025342480 0.0065614528
-0.0013722440 0.0024820493 0.0064859512
-0.0014083829 0.0023902425 0.0064182498
-0.0013956172 0.0022798594 0.0063738581
-0.0013368714 0.0021761876 0.0063629458
-0.0012456034 0.0021029770 0.0063880127
-0.0011427216 0.0020769992 0.0064433163
-0.0010517950 0.0021042054 0.0065161872
-0.0009936538 0.0021783631 0.0065899316
-0.0015969407 0.0018231122 0.0075743439
-0.0016357720 0.0019256249 0.0076223156
-0.0017183861 0.0020108112 0.0076376844
-0.0018258572 0.0020591559 0.0076169297
-0.0019335648 0.0020595838 0.0075648060
-0.0020168345 0.0020119970 0.0074932543
-0.0020565902 0.0019272970 0.0074186662
-0.0020437243 0.0018248875 0.0073581289
-0.0019811843 0.0017282293 0.0073255108
-0.0018832973 0.0016594656 0.0073282844
-0.0017724880 0.0016343495 0.0073658142
-0.0016741416 0.0016586346 0.0074295025
-0.0016107880 0.0017267575 0.0075047592
-0.0020501699 0.0012062274 0.0084925159
-0.0020862747 0.0013012465 0.0085556491
-0.0021699571 0.0013785305 0.0085922885
-0.0022820464 0.0014203745 0.0085940405
-0.0023968643 0.0014171926 0.0085605036
-0.0024881074 0.0013697137 0.0084993608
-0.0025348731 0.0012888146 0.0084246192
-0.0025264478 0.0011930284 0.0083534011
-0.0024647617 0.0011042986 0.0083020218
-0.0023639464 0.0010429519 0.0082822516
-0.0022470974 0.0010230423 0.0082986197
-0.0021409834 0.0010491308 0.0083473763
-0.0020699139 0.0011152409 0.0084173519
-0.0023040265 0.0004850790 0.0094059472
-0.0023336351 0.0005754736 0.0094785429
-0.0024137144 0.0006456438 0.0095331454
-0.0025259193 0.0006795145 0.0095572459
-0.0026445450 0.0006693263 0.0095453233
-0.0027424157 0.0006174132 0.0095001088
-0.0027971105 0.0005356678 0.0094319606
-0.0027960994 0.0004428171 0.0093564907
-0.0027396141 0.0003601320 0.0092909881
-0.0026405946 0.0003065547 0.0092504589
-0.0025217252 0.0002943591 0.0092441878
-0.0024102374 0.0003263390 0.0092736113
-0.0023316717 0.0003951683 0.0093319890
-0.0023372055 -0.0002793031 0.0103188416
-0.0023588409 -0.0001890318 0.0103943466
-0.0024319176 -0.0001226761 0.0104619832
-0.0025396947 -0.0000954373 0.0105062566
-0.0026574817 -0.0001135554 0.0105170245
-0.0027582951 -0.0001728799 0.0104918199
-0.0028190397 -0.0002598201 0.0104364170
-0.0028257996 -0.0003544592 0.0103635078
-0.0027770263 -0.0004351165 0.0102897951
-0.0026838931 -0.0004833143 0.0102321655
-0.0025677357 -0.0004880111 0.0102038212
-0.0024551644 -0.0004481310 0.0102112556
-0.0023719679 -0.0003728099 0.0102527655
-0.0021457304 -0.0010221820 0.0112354514
-0.0021607296 -0.0009274893 0.0113070497
-0.0022258756 -0.0008603026 0.0113816148
-0.0023262442 -0.0008360136 0.0114420646
-0.0024388422 -0.0008601866 0.0114745509
-0.0025378747 -0.0009272838 0.0114716315
-0.0026006546 -0.0010219341 0.0114339751
-0.0026127997 -0.0011224542 0.0113702084
-0.0025715278 -0.0012058162 0.0112949395
-0.0024862938 -0.0012529229 0.0112254117
-0.0023766237 -0.0012529827 0.0111775530
-0.0022676416 -0.0012059818 0.0111623271
-0.0021843140 -0.0011226877 0.0111832222
-0.0017436583 -0.0016794526 0.0121596936
-0.0017557006 -0.0015773543 0.0122209219
-0.0018147867 -0.0015049844 0.0122956844
-0.0019073808 -0.0014789220 0.0123668537
-0.0020122708 -0.0015051378 0.0124181259
-0.0021054274 -0.0015776259 0.0124377552
-0.0021655098 -0.0016797802 0.0124212446
-0.0021787537 -0.0017881984 0.0123723765
-0.0021421252 -0.0018780432 0.0123023462
-0.0020640153 -0.0019287323 0.0122271966
-0.0019623181 -0.0019286533 0.0121641436
-0.0018603313 -0.0018778244 0.0121276319
-0.0017814187 -0.0017878898 0.0121260259
-0.0011629504 -0.0021923855 0.0130947958
-0.0011767585 -0.0020825110 0.0131401272
-0.0012337945 -0.0020024350 0.0132083382
-0.0013209920 -0.0019705020 0.0132838025
-0.0014183753 -0.0019940275 0.0133492322
-0.0015036350 -0.0020676220 0.0133896381
-0.0015572390 -0.0021744259 0.0133957638
-0.0015669075 -0.0022899718 0.0133662058
-0.0015304253 -0.0023877894 0.0133077356
-0.0014561503 -0.0024454700 0.0132337480
-0.0013610978 -0.0024497995 0.0131611927
-0.0012670433 -0.0023997863 0.0131066911
-0.0011955335 -0.0023068876 0.0130827290
-0.0004521163 -0.0025127156 0.0140430058
-0.0004717898 -0.0023974389 0.0140683480
-0.0005315087 -0.0023098537 0.0141238501
-0.0006175923 -0.0022700247 0.0141967971
-0.0007103197 -0.0022870764 0.0142704780
-0.0007884482 -0.0023571023 0.0143280131
-0.0008340797 -0.0024640604 0.0143562220
-0.0008367603 -0.0025834478 0.0143486424
-0.0007958760 -0.0026879144 0.0143070105
-0.0007207930 -0.0027535281 0.0142408638
-0.0006287118 -0.0027652575 0.0141653557
-0.0005407272 -0.0027204157 0.0140977842
-0.0004769952 -0.0026292754 0.0140536291
0.0003267847 -0.0026076917 0.0150053878
0.0002992164 -0.0024912933 0.0150084532
0.0002330281 -0.0023990460 0.0150462361
0.0001433829 -0.0023520825 0.0151100809
0.0000508173 -0.0023611617 0.0151853616
-0.0000234629 -0.0024242035 0.0152548323
-0.0000624411 -0.0025267659 0.0153025780
-0.0000571879 -0.0026453530 0.0153176608
-0.0000089066 -0.0027527980 0.0152966254
0.0000713420 -0.0028244865 0.0152442908
0.0001651740 -0.0028439956 0.0151726462
0.0002510936 -0.0028068559 0.0150981045
0.0003094176 -0.0027215757 0.0150377423
0.0011030012 -0.0024643862 0.0159817268
0.0010682949 -0.0023515426 0.0159622386
0.0009941343 -0.0022591257 0.0159788917
0.0008975087 -0.0022083071 0.0160278709
0.0008005539 -0.0022107288 0.0160979558
0.0007254810 -0.0022658360 0.0161730908
0.0006894884 -0.0023610042 0.0162360633
0.0007008215 -0.0024744316 0.0162724471
0.0007568840 -0.0025801334 0.0162739071
0.0008448328 -0.0026538945 0.0162401088
0.0009445197 -0.0026788171 0.0161787951
0.0010331078 -0.0026491918 0.0161040121
0.0010903025 -0.0025718054 0.0160328917
0.0018036320 -0.0020923989 0.0169705479
0.0017650638 -0.0019865319 0.0169302654
0.0016842416 -0.0018984979 0.0169242853
0.0015796805 -0.0018484643 0.0169539775
0.0014753345 -0.0018478932 0.0170125400
0.0013951077 -0.0018969156 0.0170865568
0.0013573794 -0.0019843009 0.0171590715
0.0013707925 -0.0020900302 0.0172134718
0.0014322742 -0.0021898822 0.0172372954
0.0015277399 -0.0022609821 0.0172250845
0.0016353196 -0.0022870416 0.0171796365
0.0017303679 -0.0022620909 0.0171113629
0.0017911105 -0.0021918459 0.0170359045
0.0023612058 -0.0015241680 0.0179692492
0.0023234149 -0.0014262372 0.0179118088
0.0022395928 -0.0013455915 0.0178837353
0.0021289420 -0.0013007059 0.0178914603
0.0020168113 -0.0013018631 0.0179332139
0.0019288885 -0.0013487980 0.0179994309
0.0018853156 -0.0014307584 0.0180749418
0.0018960748 -0.0015289682 0.0181424480
0.0019587011 -0.0016209286 0.0181864845
0.0020588476 -0.0016855727 0.0181969632
0.0021735721 -0.0017080912 0.0181714836
0.0022765924 -0.0016833255 0.0181158826
0.0023443079 -0.0016169491 0.0180428979
0.0027212634 -0.0008124447 0.0189743373
0.0026886146 -0.0007206086 0.0189049241
0.0026065131 -0.0006477492 0.0188572916
0.0024937674 -0.0006105577 0.0188423519
0.0023762062 -0.0006175541 0.0188635274
0.0022807613 -0.0006671357 0.0189159672
0.0022292980 -0.0007479439 0.0189876579
0.0022336059 -0.0008414666 0.0190621760
0.0022926981 -0.0009262788 0.0191224503
0.0023930374 -0.0009829511 0.0191546728
0.0025116371 -0.0009985005 0.0191514616
0.0026213276 -0.0009693648 0.0191135523
0.0026969800 -0.0009022188 0.0190496296
0.0028487298 -0.0000250171 0.0199817420
0.0028237731 0.0000647166 0.0199066220
0.0027475056 0.0001321398 0.0198437302
0.0026373993 0.0001618067 0.0198074745
0.0025186783 0.0001469209 0.0198061605
0.0024185400 0.0000908927 0.0198400892
0.0023599251 0.0000065573 0.0199014881
0.0023562613 -0.0000867650 0.0199762914
0.0029440065 0.0005153559 -0.0193159746
0.0029336189 0.0006129248 -0.0193936555
0.0028860664 0.0006981860 -0.0194719575
0.0028060037 0.0007627936 -0.0195432158
0.0027012679 0.0008004234 -0.0196004551
0.0025821114 0.0008073918 -0.0196380724
0.0024601979 0.0007830168 -0.0196523856
0.0023474611 0.0007296843 -0.0196419935
0.0022549367 0.0006526149 -0.0196079134
0.0021916814 0.0005593527 -0.0195534813
0.0021638873 0.0004590269 -0.0194840254
0.0021742748 0.0003614580 -0.0194063445
0.0022218273 0.0002761968 -0.0193280425
0.0023018900 0.0002115892 -0.0192567842
0.0024066258 0.0001739595 -0.0191995449
0.0025257823 0.0001669910 -0.0191619276
0.0026476958 0.0001913661 -0.0191476144
0.0027604326 0.0002446986 -0.0191580065
0.0028529570 0.0003217679 -0.0191920866
0.0029162123 0.0004150301 -0.0192465187
0.0026618760 0.0012668391 -0.0182890497
0.0026571592 0.0013705233 -0.0183589729
0.0026168897 0.0014598482 -0.0184368275
0.0025450094 0.0015260700 -0.0185149927
0.0024485542 0.0015627065 -0.0185858171
0.0023369661 0.0015661714 -0.0186423679
0.0022211679 0.0015361255 -0.0186791095
0.0021124949 0.0014755101 -0.0186924454
0.0020215846 0.0013902584 -0.0186810702
0.0019573361 0.0012887156 -0.0186460974
0.0019260384 0.0011808213 -0.0185909503
0.0019307551 0.0010771371 -0.0185210271
0.0019710246 0.0009878122 -0.0184431725
0.0020429050 0.0009215904 -0.0183650073
0.0021393601 0.0008849539 -0.0182941829
0.0022509483 0.0008814891 -0.0182376321
0.0023667465 0.0009115349 -0.0182008905
0.0024754195 0.0009721504 -0.0181875546
0.0025663298 0.0010574021 -0.0181989298
0.0026305783 0.0011589449 -0.0182339026
0.0021681543 0.0018926667 -0.0172757512
0.0021646386 0.0020046040 -0.0173316046
0.0021280617 0.0021014068 -0.0174019839
0.0020620040 0.0021735996 -0.0174800000
0.0019729317 0.0022141154 -0.0175580161
0.0018695638 0.0022189883 -0.0176283954
0.0017620187 0.0021877414 -0.0176842488
0.0016608237 0.0021234334 -0.0177201088
0.0015758843 0.0020323590 -0.0177324653
0.0015155152 0.0019234334 -0.0177201088
0.0014856255 0.0018073188 -0.0176842488
0.0014891412 0.0016953815 -0.0176283954
0.0015257181 0.0015985787 -0.0175580161
0.0015917758 0.0015263860 -0.0174800000
0.0016808481 0.0014858701 -0.0174019839
0.0017842160 0.0014809972 -0.0173316046
0.0018917611 0.0015122441 -0.0172757512
0.0019929562 0.0015765522 -0.0172398912
0.0020778955 0.0016676265 -0.0172275347
0.0021382647 0.0017765522 -0.0172398912
0.0015144113 0.0023364326 -0.0162808905
0.0015072030 0.0024558479 -0.0163176321
0.0014694250 0.0025609038 -0.0163741829
0.0014047754 0.0026413168 -0.0164450073
0.0013195825 0.0026892155 -0.0165231725
0.0012221855 0.0026999111 -0.0166010271
0.0011221184 0.0026723568 -0.0166709503
0.0010291764 0.0026092498 -0.0167260974
0.0009524573 0.0025167673 -0.0167610702
0.0008994710 0.0024039623 -0.0167724454
0.0008754040 0.0022818769 -0.0167591095
0.0008826123 0.0021624616 -0.0167223679
0.0009203903 0.0020574057 -0.0166658171
0.0009850399 0.0019769927 -0.0165949927
0.0010702328 0.0019290941 -0.0165168275
0.0011676298 0.0019183984 -0.0164389729
0.0012676969 0.0019459527 -0.0163690497
0.0013606389 0.0020090598 -0.0163139026
0.0014373580 0.0021015422 -0.0162789298
0.0014903443 0.0022143472 -0.0162675546
0.0007653766 0.0025621217 -0.0153076144
0.0007508853 0.0026856007 -0.0153219276
0.0007074365 0.0027967720 -0.0153595449
0.0006392834 0.0028847534 -0.0154167842
0.0005530972 0.0029409326 -0.0154880425
0.0004573144 0.0029598106 -0.0155663445
0.0003613110 0.0029395393 -0.0156440254
0.0002744843 0.0028821031 -0.0157134813
0.0002053337 0.0027931242 -0.0157679134
0.0001606280 0.0026813124 -0.0158019935
0.0001447433 0.0025576128 -0.0158123856
0.0001592346 0.0024341339 -0.0157980724
0.0002026834 0.0023229626 -0.0157604551
0.0002708365 0.0022349812 -0.0157032158
0.0003570227 0.0021788019 -0.0156319575
0.0004528055 0.0021599239 -0.0155536555
0.0005488089 0.0021801952 -0.0154759746
0.0006356356 0.0022376315 -0.0154065187
0.0007047863 0.0023266104 -0.0153520866
0.0007494920 0.0024384221 -0.0153180065
-0.0000089206 0.0025559336 -0.0143571214
-0.0000317149 0.0026786277 -0.0143477140
-0.0000833027 0.0027916183 -0.0143630022
-0.0001586345 0.0028838451 -0.0144014894
-0.0002503360 0.0029462803 -0.0144594082
-0.0003494310 0.0029728123 -0.0145310891
-0.0004462193 0.0029608440 -0.0146095155
-0.0005312267 0.0029115470 -0.0146870104
-0.0005961319 0.0028297466 -0.0147559881
-0.0006345817 0.0027234502 -0.0148096967
-0.0006428123 0.0026030628 -0.0148428786
-0.0006200180 0.0024803687 -0.0148522860
-0.0005684301 0.0023673781 -0.0148369978
-0.0004930983 0.0022751513 -0.0147985106
-0.0004013968 0.0022127161 -0.0147405918
-0.0003023018 0.0021861841 -0.0146689109
-0.0002055135 0.0021981524 -0.0145904845
-0.0001205062 0.0022474495 -0.0145129896
-0.0000556009 0.0023292498 -0.0144440119
-0.0000171511 0.0024355462 -0.0143903033
-0.0007403249 0.0023252086 -0.0134285532
-0.0007695118 0.0024425463 -0.0133962746
-0.0008288346 0.0025524181 -0.0133878535
-0.0009124864 0.0026440690 -0.0134041143
-0.0010122788 0.0027085274 -0.0134434652
-0.0011184434 0.0027394839 -0.0135020544
-0.0012205881 0.0027339082 -0.0135741466
-0.0013087143 0.0026923460 -0.0136526849
-0.0013741955 0.0026188657 -0.0137299816
-0.0014106220 0.0025206602 -0.0137984703
-0.0014144281 0.0024073424 -0.0138514468
-0.0013852412 0.0022900047 -0.0138837254
-0.0013259184 0.0021801329 -0.0138921465
-0.0012422666 0.0020884821 -0.0138758857
-0.0011424742 0.0020240236 -0.0138365348
-0.0010363096 0.0019930671 -0.0137779456
-0.0009341649 0.0019986429 -0.0137058534
-0.0008460388 0.0020402051 -0.0136273151
-0.0007805576 0.0021136853 -0.0135500184
-0.0007441311 0.0022118909 -0.0134815297
-0.0013680931 0.0018953717 -0.0125190725
-0.0013995059 0.0020046720 -0.0124668365
-0.0014634294 0.0021075875 -0.0124354663
-0.0015536063 0.0021940443 -0.0124280328
-0.0016612095 0.0022555794 -0.0124452637
-0.0017757061 0.0022861692 -0.0124854721
-0.0018858883 0.0022828194 -0.0125447223
-0.0019809706 0.0022458579 -0.0126172144
-0.0020516459 0.0021789028 -0.0126958524
-0.0020909958 0.0020885081 -0.0127729387
-0.0020951686 0.0019835222 -0.0128409275
-0.0020637558 0.0018742220 -0.0128931635
-0.0019998323 0.0017713064 -0.0129245337
-0.0019096554 0.0016848496 -0.0129319672
-0.0018020522 0.0016233146 -0.0129147363
-0.0016875556 0.0015927248 -0.0128745279
-0.0015773735 0.0015960746 -0.0128152777
-0.0014822911 0.0016330361 -0.0127427856
-0.0014116158 0.0016999912 -0.0126641476
-0.0013722659 0.0017903859 -0.0125870613
-0.0018425127 0.0013060149 -0.0116241189
-0.0018711993 0.0014074333 -0.0115566408
-0.0019349656 0.0015020103 -0.0115051534
-0.0020275698 0.0015804882 -0.0114746967
-0.0021399471 0.0016351848 -0.0114682519
-0.0022610972 0.0016607462 -0.0114864501
-0.0023791612 0.0016546701 -0.0115275097
-0.0024825821 0.0016175514 -0.0115874116
-0.0025612363 0.0015530236 -0.0116602922
-0.0026074247 0.0014674030 -0.0117390174
-0.0026166259 0.0013690707 -0.0118158811
-0.0025879393 0.0012676523 -0.0118833592
-0.0025241730 0.0011730752 -0.0119348466
-0.0024315688 0.0010945974 -0.0119653033
-0.0023191915 0.0010399008 -0.0119717481
-0.0021980414 0.0010143394 -0.0119535499
-0.0020799774 0.0010204155 -0.0119124903
-0.0019765565 0.0010575341 -0.0118525884
-0.0018979023 0.0011220620 -0.0117797078
-0.0018517139 0.0012076826 -0.0117009826
-0.0021269351 0.0006070441 -0.0107378206
-0.0021489054 0.0007035181 -0.0106611917
-0.0022078121 0.0007913173 -0.0105942349
-0.0022978889 0.0008618473 -0.0105435042
-0.0024103187 0.0009082041 -0.0105139657
-0.0025340958 0.0009258500 -0.0105085108
-0.0026571042 0.0009130577 -0.0105276733
-0.0027673030 0.0008710794 -0.0105695777
-0.0028539050 0.0008040242 -0.0106301218
-0.0029084332 0.0007184559 -0.0107033794
-0.0029255499 0.0006227507 -0.0107821794
-0.0029035796 0.0005262767 -0.0108588083
-0.0028446729 0.0004384775 -0.0109257651
-0.0027545961 0.0003679475 -0.0109764958
-0.0026421664 0.0003215907 -0.0110060343
-0.0025183892 0.0003039448 -0.0110114892
-0.0023953808 0.0003167371 -0.0109923267
-0.0022851821 0.0003587154 -0.0109504223
-0.0021985800 0.0004257706 -0.0108898782
-0.0021440518 0.0005113388 -0.0108166206
-0.0021989030 -0.0001446623 -0.0098535244
-0.0022125375 -0.0000484503 -0.0097746621
-0.0022635972 0.0000365238 -0.0096982801
-0.0023470842 0.0001019422 -0.0096318551
-0.0024548261 0.0001414011 -0.0095818893
-0.0025762765 0.0001510382 -0.0095532737
-0.0026995468 0.0001299100 -0.0095488093
-0.0028125707 0.0000800847 -0.0095689333
-0.0029042844 0.0000064397 -0.0096116757
-0.0029657104 -0.0000838163 -0.0096728526
-0.0029908359 -0.0001818484 -0.0097464756
-0.0029772015 -0.0002780604 -0.0098253379
-0.0029261418 -0.0003630345 -0.0099017199
-0.0028426548 -0.0004284529 -0.0099681449
-0.0027349129 -0.0004679118 -0.0100181107
-0.0026134625 -0.0004775489 -0.0100467263
-0.0024901922 -0.0004564207 -0.0100511907
-0.0023771683 -0.0004065954 -0.0100310667
-0.0022854546 -0.0003329504 -0.0099883243
-0.0022240286 -0.0002426944 -0.0099271474
-0.0020510424 -0.0008881937 -0.0089643966
-0.0020576633 -0.0007874687 -0.0088904198
-0.0021006582 -0.0007003698 -0.0088115077
-0.0021758186 -0.0006354228 -0.0087353845
-0.0022757870 -0.0005989852 -0.0086695019
-0.0023907780 -0.0005946238 -0.0086203088
-0.0025095354 -0.0006227655 -0.0085926206
-0.0026204345 -0.0006806555 -0.0085891476
-0.0027126196 -0.0007626272 -0.0086102298
-0.0027770670 -0.0008606567 -0.0086538035
-0.0028074681 -0.0009651481 -0.0087156034
-0.0028008472 -0.0010658731 -0.0087895802
-0.0027578523 -0.0011529720 -0.0088684923
-0.0026826919 -0.0012179190 -0.0089446155
-0.0025827235 -0.0012543565 -0.0090104981
-0.0024677325 -0.0012587180 -0.0090596912
-0.0023489751 -0.0012305763 -0.0090873794
-0.0022380760 -0.0011726863 -0.0090908524
-0.0021458909 -0.0010907145 -0.0090697702
-0.0020814435 -0.0009926851 -0.0090261965
-0.0016920373 -0.0015616535 -0.0080640393
-0.0016954425 -0.0014532335 -0.0080016261
-0.0017330012 -0.0013598098 -0.0079273073
-0.0018010368 -0.0012905276 -0.0078483577
-0.0018928896 -0.0012521686 -0.0077725055
-0.0019995684 -0.0012484876 -0.0077071756
-0.0021106308 -0.0012798450 -0.0076587629
-0.0022152051 -0.0013431714 -0.0076320065
-0.0023030549 -0.0014322678 -0.0076295254
-0.0023655809 -0.0015384129 -0.0076515625
-0.0023966625 -0.0016512165 -0.0076959607
-0.0023932573 -0.0017596365 -0.0077583739
-0.0023556987 -0.0018530602 -0.0078326927
-0.0022876630 -0.0019223424 -0.0079116423
-0.0021958102 -0.0019607014 -0.0079874945
-0.0020891314 -0.0019643824 -0.0080528244
-0.0019780691 -0.0019330250 -0.0081012371
-0.0018734948 -0.0018696986 -0.0081279935
-0.0017856450 -0.0017806022 -0.0081304746
-0.0017231190 -0.0016744571 -0.0081084375
-0.0011474927 -0.0021059040 -0.0071470687
-0.0011526147 -0.0019893226 -0.0071018531
-0.0011892842 -0.0018876065 -0.0070388364
-0.0012539117 -0.0018107124 -0.0069641873
-0.0013401710 -0.0017661672 -0.0068852127
-0.0014396185 -0.0017583314 -0.0068096434
-0.0015425195 -0.0017879719 -0.0067448766
-0.0016388013 -0.0018521874 -0.0066972520
-0.0017190393 -0.0019446919 -0.0066714316
-0.0017753791 -0.0020564306 -0.0066699428
-0.0018023059 -0.0021764655 -0.0066929313
-0.0017971838 -0.0022930470 -0.0067381469
-0.0017605143 -0.0023947631 -0.0068011636
-0.0016958868 -0.0024716571 -0.0068758127
-0.0016096275 -0.0025162023 -0.0069547873
-0.0015101800 -0.0025240381 -0.0070303566
-0.0014072791 -0.0024943976 -0.0070951234
-0.0013109972 -0.0024301821 -0.0071427480
-0.0012307593 -0.0023376776 -0.0071685684
-0.0011744194 -0.0022259389 -0.0071700572
-0.0004600229 -0.0024693196 -0.0062096003
-0.0004711886 -0.0023469909 -0.0061856640
-0.0005118299 -0.0022379413 -0.0061396381
-0.0005779687 -0.0021528453 -0.0060760280
-0.0006631307 -0.0021000327 -0.0060010602
-0.0007589799 -0.0020846730 -0.0059220732
-0.0008561336 -0.0021082700 -0.0058467988
-0.0009450820 -0.0021685136 -0.0057826052
-0.0010171180 -0.0022595069 -0.0057357763
-0.0010651903 -0.0023723428 -0.0057108960
-0.0010845933 -0.0024959761 -0.0057103997
-0.0010734276 -0.0026183047 -0.0057343360
-0.0010327863 -0.0027273543 -0.0057803619
-0.0009666475 -0.0028124503 -0.0058439720
-0.0008814855 -0.0028652630 -0.0059189398
-0.0007856364 -0.0028806226 -0.0059979268
-0.0006884826 -0.0028570257 -0.0060732012
-0.0005995343 -0.0027967820 -0.0061373948
-0.0005274982 -0.0027057887 -0.0061842237
-0.0004794259 -0.0025929529 -0.0062091040
0.0003122852 -0.0026133283 -0.0052496003
0.0002928822 -0.0024896950 -0.0052491040
0.0002448099 -0.0023768591 -0.0052242237
0.0001727738 -0.0022858658 -0.0051773948
0.0000838255 -0.0022256222 -0.0051132012
-0.0000133283 -0.0022020252 -0.0050379268
-0.0001091774 -0.0022173848 -0.0049589398
-0.0001943394 -0.0022701975 -0.0048839720
-0.0002604782 -0.0023552935 -0.0048203619
-0.0003011195 -0.0024643431 -0.0047743360
-0.0003122852 -0.0025866717 -0.0047503997
-0.0002928822 -0.0027103050 -0.0047508960
-0.0002448099 -0.0028231409 -0.0047757763
-0.0001727738 -0.0029141342 -0.0048226052
-0.0000838255 -0.0029743778 -0.0048867988
0.0000133283 -0.0029979748 -0.0049620732
0.0001091774 -0.0029826152 -0.0050410602
0.0001943394 -0.0029298025 -0.0051160280
0.0002604782 -0.0028447065 -0.0051796381
0.0003011195 -0.0027356569 -0.0052256640
0.0010997147 -0.0025179286 -0.0042670687
0.0010727879 -0.0023978936 -0.0042900572
0.0010164481 -0.0022861550 -0.0042885684
0.0009362101 -0.0021936505 -0.0042627480
0.0008399283 -0.0021294350 -0.0042151234
0.0007370273 -0.0020997945 -0.0041503566
0.0006375799 -0.0021076303 -0.0040747873
0.0005513206 -0.0021521754 -0.0039958127
0.0004866931 -0.0022290695 -0.0039211636
0.0004500236 -0.0023307856 -0.0038581469
0.0004449015 -0.0024473670 -0.0038129313
0.0004718283 -0.0025674020 -0.0037899428
0.0005281681 -0.0026791406 -0.0037914316
0.0006084061 -0.0027716452 -0.0038172520
0.0007046879 -0.0028358606 -0.0038648766
0.0008075889 -0.0028655012 -0.0039296434
0.0009070363 -0.0028576654 -0.0040052127
0.0009932956 -0.0028131202 -0.0040841873
0.0010579231 -0.0027362261 -0.0041588364
0.0010945927 -0.0026345100 -0.0042218531
0.0018272118 -0.0021859662 -0.0032640393
0.0017961302 -0.0020731626 -0.0033084375
0.0017336042 -0.0019670175 -0.0033304746
0.0016457544 -0.0018779211 -0.0033279935
0.0015411801 -0.0018145948 -0.0033012371
0.0014301178 -0.0017832374 -0.0032528244
0.0013234390 -0.0017869183 -0.0031874945
0.0012315862 -0.0018252773 -0.0031116423
0.0011635505 -0.0018945596 -0.0030326927
0.0011259919 -0.0019879832 -0.0029583739
0.0011225867 -0.0020964033 -0.0028959607
0.0011536683 -0.0022092069 -0.0028515625
0.0012161943 -0.0023153520 -0.0028295254
0.0013040441 -0.0024044484 -0.0028320065
0.0014086184 -0.0024677747 -0.0028587629
0.0015196807 -0.0024991322 -0.0029071756
0.0016263596 -0.0024954512 -0.0029725055
0.0017182124 -0.0024570922 -0.0030483577
0.0017862480 -0.0023878099 -0.0031273073
0.0018238067 -0.0022943863 -0.0032016261
0.0024225628 -0.0016449122 -0.0022443966
0.0023921616 -0.0015404208 -0.0023061965
0.0023277142 -0.0014423914 -0.0023497702
0.0022355291 -0.0013604196 -0.0023708524
0.0021246301 -0.0013025296 -0.0023673794
0.0020058727 -0.0012743879 -0.0023396912
0.0018908817 -0.0012787493 -0.0022904981
0.0017909132 -0.0013151869 -0.0022246155
0.0017157529 -0.0013801339 -0.0021484923
0.0016727580 -0.0014672328 -0.0020695802
0.0016661370 -0.0015679578 -0.0019956034
0.0016965382 -0.0016724492 -0.0019338035
0.0017609856 -0.0017704786 -0.0018902298
0.0018531707 -0.0018524504 -0.0018691476
0.0019640697 -0.0019103404 -0.0018726206
0.0020828272 -0.0019384821 -0.0019003088
0.0021978182 -0.0019341206 -0.0019495019
0.0022977866 -0.0018976831 -0.0020153845
0.0023729469 -0.0018327361 -0.0020915077
0.0024159419 -0.0017456372 -0.0021704198
0.0028252217 -0.0009452639 -0.0012135244
0.0028000962 -0.0008472319 -0.0012871474
0.0027386701 -0.0007569759 -0.0013483243
0.0026469564 -0.0006833308 -0.0013910667
0.0025339326 -0.0006335056 -0.0014111907
0.0024106622 -0.0006123774 -0.0014067263
0.0022892119 -0.0006220144 -0.0013781107
0.0021814699 -0.0006614734 -0.0013281449
0.0020979829 -0.0007268917 -0.0012617199
0.0020469232 -0.0008118658 -0.0011853379
0.0020332888 -0.0009080778 -0.0011064756
0.0020584143 -0.0010061099 -0.0010328526
0.0021198404 -0.0010963659 -0.0009716757
0.0022115541 -0.0011700110 -0.0009289333
0.0023245779 -0.0012198362 -0.0009088093
0.0024478483 -0.0012409644 -0.0009132737
0.0025692986 -0.0012313273 -0.0009418893
0.0026770406 -0.0011918684 -0.0009918551
0.0027605276 -0.0011264501 -0.0010582801
0.0028115873 -0.0010414760 -0.0011346621
0.0029941769 -0.0001554021 -0.0001778206
0.0029770602 -0.0000596968 -0.0002566206
0.0029225320 0.0000258714 -0.0003298782
0.0028359299 0.0000929266 -0.0003904223
0.0027257312 0.0001349049 -0.0004323267
0.0026027228 0.0001476972 -0.0004514892
0.0024789456 0.0001300513 -0.0004460343
0.0023665159 0.0000836945 -0.0004164958
0.0022764391 0.0000131645 -0.0003657651
0.0022175324 -0.0000746346 -0.0002988083
0.0021955621 -0.0001711086 -0.0002221794
0.0022126788 -0.0002668139 -0.0001433794
0.0022672070 -0.0003523821 -0.0000701218
0.0023538090 -0.0004194373 -0.0000095777
0.0024640078 -0.0004614156 0.0000323267
0.0025870162 -0.0004742079 0.0000514892
0.0027107933 -0.0004565620 0.0000460343
0.0028232231 -0.0004102052 0.0000164958
0.0029132999 -0.0003396752 -0.0000342349
0.0029722066 -0.0002518761 -0.0001011917
0.0029132991 0.0006464253 0.0008558811
0.0029040979 0.0007447576 0.0007790174
0.0028579095 0.0008303782 0.0007002922
0.0027792553 0.0008949061 0.0006274116
0.0026758344 0.0009320247 0.0005675097
0.0025577704 0.0009381008 0.0005264501
0.0024366203 0.0009125394 0.0005082519
0.0023242430 0.0008578428 0.0005146967
0.0022316388 0.0007793649 0.0005451534
0.0021678725 0.0006847879 0.0005966408
0.0021391859 0.0005833695 0.0006641189
0.0021483871 0.0004850372 0.0007409826
0.0021945755 0.0003994166 0.0008197078
0.0022732297 0.0003348887 0.0008925884
0.0023766506 0.0002977701 0.0009524903
0.0024947146 0.0002916940 0.0009935499
0.0026158647 0.0003172554 0.0010117481
0.0027282420 0.0003719520 0.0010053033
0.0028208462 0.0004504298 0.0009748466
0.0028846125 0.0005450069 0.0009233592
0.0025931071 0.0013816180 0.0018809275
0.0025889343 0.0014866039 0.0018129387
0.0025495843 0.0015769986 0.0017358524
0.0024789091 0.0016439537 0.0016572144
0.0023838267 0.0016809152 0.0015847223
0.0022736445 0.0016842650 0.0015254721
0.0021591480 0.0016536752 0.0014852637
0.0020515448 0.0015921401 0.0014680328
0.0019613678 0.0015056834 0.0014754663
0.0018974443 0.0014027678 0.0015068365
0.0018660315 0.0012934675 0.0015590725
0.0018702043 0.0011884817 0.0016270613
0.0019095543 0.0010980870 0.0017041476
0.0019802295 0.0010311319 0.0017827856
0.0020753119 0.0009941704 0.0018552777
0.0021854941 0.0009908206 0.0019145279
0.0022999906 0.0010214104 0.0019547363
0.0024075938 0.0010829454 0.0019719672
0.0024977708 0.0011694022 0.0019645337
0.0025616943 0.0012723178 0.0019331635
0.0020686824 0.0019805139 0.0028914468
0.0020648763 0.0020938316 0.0028384703
0.0020284498 0.0021920372 0.0027699816
0.0019629686 0.0022655174 0.0026926849
0.0018748424 0.0023070796 0.0026141466
0.0017726977 0.0023126554 0.0025420544
0.0016665331 0.0022816989 0.0024834652
0.0015667407 0.0022172404 0.0024441143
0.0014830889 0.0021255896 0.0024278535
0.0014237661 0.0020157178 0.0024362746
0.0013945793 0.0018983801 0.0024685532
0.0013983854 0.0017850623 0.0025215297
0.0014348119 0.0016868568 0.0025900184
0.0015002931 0.0016133765 0.0026673151
0.0015884193 0.0015718143 0.0027458534
0.0016905640 0.0015662386 0.0028179456
0.0017967286 0.0015971951 0.0028765348
0.0018965210 0.0016616535 0.0029158857
0.0019801728 0.0017533044 0.0029321465
0.0020394956 0.0018631762 0.0029237254
0.0013943224 0.0023898401 0.0038828786
0.0013860918 0.0025102275 0.0038496967
0.0013476420 0.0026165239 0.0037959881
0.0012827368 0.0026983243 0.0037270104
0.0011977294 0.0027476213 0.0036495155
0.0011009411 0.0027595896 0.0035710891
0.0010018461 0.0027330576 0.0034994082
0.0009101446 0.0026706224 0.0034414894
0.0008348129 0.0025783956 0.0034030022
0.0007832250 0.0024654050 0.0033877140
0.0007604307 0.0023427109 0.0033971214
0.0007686612 0.0022223235 0.0034303033
0.0008071110 0.0021160271 0.0034840119
0.0008720163 0.0020342268 0.0035529896
0.0009570236 0.0019849297 0.0036304845
0.0010538119 0.0019729614 0.0037089109
0.0011529069 0.0019994934 0.0037805918
0.0012446085 0.0020619286 0.0038385106
0.0013199402 0.0021541554 0.0038769978
0.0013715281 0.0022671460 0.0038922860
0.0006361831 0.0025772438 0.0048523856
0.0006202984 0.0027009434 0.0048419935
0.0005755927 0.0028127551 0.0048079134
0.0005064421 0.0029017340 0.0047534813
0.0004196154 0.0029591703 0.0046840254
0.0003236119 0.0029794416 0.0046063445
0.0002278292 0.0029605636 0.0045280425
0.0001416430 0.0029043843 0.0044567842
0.0000734898 0.0028164029 0.0043995449
0.0000300411 0.0027052316 0.0043619276
0.0000155498 0.0025817527 0.0043476144
0.0000314344 0.0024580531 0.0043580065
0.0000761401 0.0023462413 0.0043920866
0.0001452908 0.0022572624 0.0044465187
0.0002321174 0.0021998262 0.0045159746
0.0003281209 0.0021795549 0.0045936555
0.0004239036 0.0021984328 0.0046719575
0.0005100899 0.0022546121 0.0047432158
0.0005782430 0.0023425935 0.0048004551
0.0006216917 0.0024537648 0.0048380724
-0.0001355563 0.0025325894 0.0057991095
-0.0001596233 0.0026546749 0.0058124454
-0.0002126096 0.0027674799 0.0058010702
-0.0002893287 0.0028599623 0.0057660974
-0.0003822707 0.0029230693 0.0057109503
-0.0004823378 0.0029506236 0.0056410271
-0.0005797348 0.0029399280 0.0055631725
-0.0006649277 0.0028920293 0.0054850073
-0.0007295773 0.0028116163 0.0054141829
-0.0007673553 0.0027065604 0.0053576321
-0.0007745636 0.0025871451 0.0053208905
-0.0007504966 0.0024650597 0.0053075546
-0.0006975103 0.0023522547 0.0053189298
-0.0006207912 0.0022597723 0.0053539026
-0.0005278492 0.0021966652 0.0054090497
-0.0004277821 0.0021691109 0.0054789729
-0.0003303851 0.0021798066 0.0055568275
-0.0002451922 0.0022277052 0.0056349927
-0.0001805426 0.0023081182 0.0057058171
-0.0001427646 0.0024131741 0.0057623679
-0.0008536432 0.0022664808 0.0067242488
-0.0008835329 0.0023825954 0.0067601088
-0.0009439020 0.0024915210 0.0067724653
-0.0010288414 0.0025825954 0.0067601088
-0.0011300365 0.0026469035 0.0067242488
-0.0012375816 0.0026781503 0.0066683954
-0.0013409494 0.0026732774 0.0065980161
-0.0014300217 0.0026327616 0.0065200000
-0.0014960794 0.0025605689 0.0064419839
-0.0015326563 0.0024637660 0.0063716046
-0.0015361720 0.0023518287 0.0063157512
-0.0015062824 0.0022357142 0.0062798912
-0.0014459132 0.0021267885 0.0062675347
-0.0013609739 0.0020357142 0.0062798912
-0.0012597788 0.0019714061 0.0063157512
-0.0011522337 0.0019401592 0.0063716046
-0.0010488658 0.0019450321 0.0064419839
-0.0009597935 0.0019855480 0.0065200000
-0.0008937358 0.0020577407 0.0065980161
-0.0008571590 0.0021545436 0.0066683954
-0.0014589711 0.0018069839 0.0076309503
-0.0014902688 0.0019148781 0.0076860974
-0.0015545173 0.0020164209 0.0077210702
-0.0016454276 0.0021016726 0.0077324454
-0.0017541006 0.0021622881 0.0077191095
-0.0018698988 0.0021923339 0.0076823679
-0.0019814870 0.0021888690 0.0076258171
-0.0020779421 0.0021522326 0.0075549927
-0.0021498225 0.0020860108 0.0074768275
-0.0021900920 0.0019966859 0.0073989729
-0.0021948087 0.0018930016 0.0073290497
-0.0021635110 0.0017851074 0.0072739026
-0.0020992625 0.0016835646 0.0072389298
-0.0020083522 0.0015983129 0.0072275546
-0.0018996792 0.0015376974 0.0072408905
-0.0017838810 0.0015076516 0.0072776321
-0.0016722929 0.0015111165 0.0073341829
-0.0015758378 0.0015477529 0.0074050073
-0.0015039574 0.0016139748 0.0074831725
-0.0014636879 0.0017032996 0.0075610271
-0.0019038976 0.0011956657 0.0085240254
-0.0019316918 0.0012959915 0.0085934813
-0.0019949470 0.0013892537 0.0086479134
-0.0020874715 0.0014663231 0.0086819935
-0.0022002082 0.0015196556 0.0086923856
-0.0023221217 0.0015440306 0.0086780724
-0.0024412783 0.0015370622 0.0086404551
-0.0025460140 0.0014994325 0.0085832158
-0.0026260767 0.0014348249 0.0085119575
-0.0026736292 0.0013495636 0.0084336555
-0.0026840168 0.0012519947 0.0083559746
-0.0026562226 0.0011516689 0.0082865187
-0.0025929673 0.0010584067 0.0082320866
-0.0025004429 0.0009813374 0.0081980065
-0.0023877062 0.0009280049 0.0081876144
-0.0022657927 0.0009036299 0.0082019276
-0.0021466361 0.0009105983 0.0082395449
-0.0020419003 0.0009482280 0.0082967842
-0.0019618377 0.0010128356 0.0083680425
-0.0019142851 0.0010980968 0.0084463445
-0.0021540743 0.0004838115 0.0094095155
-0.0021746899 0.0005798919 0.0094870104
-0.0022324299 0.0006668982 0.0095559881
-0.0023216421 0.0007363135 0.0096096967
-0.0024335939 0.0007813430 0.0096428786
-0.0025573268 0.0007975789 0.0096522860
-0.0026807287 0.0007834319 0.0096369978
-0.0027917204 0.0007402868 0.0095985106
-0.0028794372 0.0006723670 0.0095405918
-0.0029352927 0.0005863209 0.0094689109
-0.0029538194 0.0004905713 0.0093904845
-0.0029332038 0.0003944909 0.0093129896
-0.0028754639 0.0003074847 0.0092440119
-0.0027862516 0.0002380694 0.0091903033
-0.0026742998 0.0001930399 0.0091571214
-0.0025505669 0.0001768040 0.0091477140
-0.0024271650 0.0001909510 0.0091630022
-0.0023161733 0.0002340960 0.0092014894
-0.0022284565 0.0003020158 0.0092594082
-0.0021726010 0.0003880619 0.0093310891
-0.0021894952 -0.0002708290 0.0102941466
-0.0022017907 -0.0001741726 0.0103726849
-0.0022514397 -0.0000891897 0.0104499816
-0.0023335824 -0.0000241988 0.0105184703
-0.0024401778 0.0000144381 0.0105714468
-0.0025607918 0.0000229391 0.0106037254
-0.0026836178 0.0000004721 0.0106121465
-0.0027966328 -0.0000507639 0.0105958857
-0.0028887740 -0.0001257533 0.0105565348
-0.0029510221 -0.0002171558 0.0104979456
-0.0029772836 -0.0003160242 0.0104258534
-0.0029649881 -0.0004126806 0.0103473151
-0.0029153391 -0.0004976635 0.0102700184
-0.0028331965 -0.0005626544 0.0102015297
-0.0027266010 -0.0006012913 0.0101485532
-0.0026059870 -0.0006097923 0.0101162746
-0.0024831610 -0.0005873253 0.0101078535
-0.0023701460 -0.0005360893 0.0101241143
-0.0022780048 -0.0004610999 0.0101634652
-0.0022157568 -0.0003696974 0.0102220544
-0.0020053923 -0.0010069571 0.0111847223
-0.0020111627 -0.0009051067 0.0112572144
-0.0020530010 -0.0008172003 0.0113358524
-0.0021268116 -0.0007518427 0.0114129387
-0.0022253696 -0.0007154318 0.0114809275
-0.0023390274 -0.0007115315 0.0115331635
-0.0024566594 -0.0007405237 0.0115645337
-0.0025667509 -0.0007995704 0.0115719672
-0.0026585254 -0.0008828918 0.0115547363
-0.0027229994 -0.0009823317 0.0115145279
-0.0027538618 -0.0010881563 0.0114552777
-0.0027480914 -0.0011900068 0.0113827856
-0.0027062531 -0.0012779132 0.0113041476
-0.0026324425 -0.0013432707 0.0112270613
-0.0025338845 -0.0013796817 0.0111590725
-0.0024202267 -0.0013835820 0.0111068365
-0.0023025947 -0.0013545898 0.0110754663
-0.0021925032 -0.0012955430 0.0110680328
-0.0021007287 -0.0012122217 0.0110852637
-0.0020362547 -0.0011127817 0.0111254721
-0.0016132211 -0.0016628504 0.0120875097
-0.0016165643 -0.0015530209 0.0121474116
-0.0016536284 -0.0014582761 0.0122202922
-0.0017207855 -0.0013878902 0.0122990174
-0.0018114617 -0.0013487529 0.0123758811
-0.0019167810 -0.0013446954 0.0124433592
-0.0020264340 -0.0013761149 0.0124948466
-0.0021296871 -0.0014399357 0.0125253033
-0.0022164332 -0.0015299107 0.0125317481
-0.0022781809 -0.0016372325 0.0125135499
-0.0023088860 -0.0017513956 0.0124724903
-0.0023055429 -0.0018612250 0.0124125884
-0.0022684787 -0.0019559698 0.0123397078
-0.0022013217 -0.0020263558 0.0122609826
-0.0021106455 -0.0020654930 0.0121841189
-0.0020053262 -0.0020695505 0.0121166408
-0.0018956732 -0.0020381310 0.0120651534
-0.0017924201 -0.0019743102 0.0120346967
-0.0017056740 -0.0018843352 0.0120282519
-0.0016439263 -0.0017770135 0.0120464501
-0.0010414483 -0.0021802654 0.0130076733
-0.0010473187 -0.0020624881 0.0130495777
-0.0010843305 -0.0019594035 0.0131101218
-0.0011488606 -0.0018811020 0.0131833794
-0.0012345923 -0.0018352485 0.0132621794
-0.0013331338 -0.0018263314 0.0133388083
-0.0014348389 -0.0018552236 0.0134057651
-0.0015297522 -0.0019190968 0.0134564958
-0.0016085828 -0.0020116988 0.0134860343
-0.0016636143 -0.0021239649 0.0134914892
-0.0016894598 -0.0022449059 0.0134723267
-0.0016835893 -0.0023626832 0.0134304223
-0.0016465776 -0.0024657678 0.0133698782
-0.0015820475 -0.0025440693 0.0132966206
-0.0014963157 -0.0025899228 0.0132178206
-0.0013977743 -0.0025988399 0.0131411917
-0.0012960692 -0.0025699477 0.0130742349
-0.0012011559 -0.0025060745 0.0130235042
-0.0011223253 -0.0024134725 0.0129939657
-0.0010672938 -0.0023012064 0.0129885108
-0.0003354298 -0.0025093552 0.0139488093
-0.0003478902 -0.0023864663 0.0139689333
-0.0003895897 -0.0022764838 0.0140116757
-0.0004564466 -0.0021901736 0.0140728526
-0.0005419164 -0.0021359842 0.0141464756
-0.0006376327 -0.0021192201 0.0142253379
-0.0007342262 -0.0021415224 0.0143017199
-0.0008222417 -0.0022007078 0.0143681449
-0.0008930634 -0.0022909830 0.0144181107
-0.0009397590 -0.0024035112 0.0144467263
-0.0009577576 -0.0025272772 0.0144511907
-0.0009452972 -0.0026501661 0.0144310667
-0.0009035977 -0.0027601486 0.0143883243
-0.0008367408 -0.0028464589 0.0143271474
-0.0007512710 -0.0029006483 0.0142535244
-0.0006555547 -0.0029174123 0.0141746621
-0.0005589612 -0.0028951101 0.0140982801
-0.0004709458 -0.0028359246 0.0140318551
-0.0004001240 -0.0027456494 0.0139818893
-0.0003534284 -0.0026331213 0.0139532737
0.0004444744 -0.0026142770 0.0149126206
0.0004236874 -0.0024909168 0.0149091476
0.0003742144 -0.0023779129 0.0149302298
0.0003008982 -0.0022863270 0.0149738035
0.0002109154 -0.0022251241 0.0150356034
0.0001130743 -0.0022002953 0.0151095802
0.0000169521 -0.0022142709 0.0151884923
-0.0000680419 -0.0022656829 0.0152646155
-0.0001335881 -0.0023494987 0.0153304981
-0.0001732702 -0.0024575139 0.0153796912
-0.0001832039 -0.0025791551 0.0154073794
-0.0001624169 -0.0027025154 0.0154108524
-0.0001129439 -0.0028155193 0.0153897702
-0.0000396277 -0.0029071052 0.0153461965
0.0000503550 -0.0029683080 0.0152843966
0.0001481962 -0.0029931369 0.0152104198
0.0002443183 -0.0029791613 0.0151315077
0.0003293124 -0.0029277493 0.0150553845
0.0003948585 -0.0028439335 0.0149895019
0.0004345406 -0.0027359183 0.0149403088
0.0012271590 -0.0024785930 0.0158987629
0.0011992473 -0.0023595681 0.0158720065
0.0011416587 -0.0022484856 0.0158695254
0.0010600303 -0.0021562192 0.0158915625
0.0009623525 -0.0020918006 0.0159359607
0.0008581866 -0.0020615355 0.0159983739
0.0007577292 -0.0020683864 0.0160726927
0.0006708137 -0.0021116828 0.0161516423
0.0006059480 -0.0021871864 0.0162274945
0.0005694816 -0.0022875065 0.0162928244
0.0005649842 -0.0024028230 0.0163412371
0.0005928959 -0.0025218480 0.0163679935
0.0006504845 -0.0026329304 0.0163704746
0.0007321129 -0.0027251968 0.0163484375
0.0008297907 -0.0027896154 0.0163040393
0.0009339566 -0.0028198806 0.0162416261
0.0010344140 -0.0028130297 0.0161673073
0.0011213295 -0.0027697333 0.0160883577
0.0011861952 -0.0026942297 0.0160125055
0.0012226616 -0.0025939096 0.0159471756
0.0019374399 -0.0021092132 0.0169048766
0.0019061201 -0.0019978000 0.0168572520
0.0018429380 -0.0018929037 0.0168314316
0.0017540782 -0.0018047922 0.0168299428
0.0016482390 -0.0017420905 0.0168529313
0.0015357806 -0.0017109362 0.0168981469
0.0014277114 -0.0017143790 0.0169611636
0.0013346098 -0.0017520818 0.0170358127
0.0012655892 -0.0018203541 0.0171147873
0.0012274060 -0.0019125128 0.0171903566
0.0012237976 -0.0020195369 0.0172551234
0.0012551174 -0.0021309500 0.0173027480
0.0013182996 -0.0022358464 0.0173285684
0.0014071594 -0.0023239579 0.0173300572
0.0015129986 -0.0023866596 0.0173070687
0.0016254569 -0.0024178139 0.0172618531
0.0017335262 -0.0024143711 0.0171988364
0.0018266278 -0.0023766682 0.0171241873
0.0018956483 -0.0023083960 0.0170452127
0.0019338316 -0.0022162372 0.0169696434
0.0025044400 -0.0015376554 0.0179267988
0.0024746315 -0.0014344441 0.0178626052
0.0024103521 -0.0013378153 0.0178157763
0.0023178940 -0.0012572276 0.0177908960
0.0022063076 -0.0012005695 0.0177903997
0.0020865157 -0.0011733870 0.0178143360
0.0019702445 -0.0011783411 0.0178603619
0.0018688754 -0.0012149467 0.0179239720
0.0017923311 -0.0012796206 0.0179989398
0.0017481042 -0.0013660321 0.0180779268
0.0017405241 -0.0014657227 0.0181532012
0.0017703326 -0.0015689339 0.0182173948
0.0018346120 -0.0016655627 0.0182642237
0.0019270701 -0.0017461504 0.0182891040
0.0020386565 -0.0018028086 0.0182896003
0.0021584484 -0.0018299910 0.0182656640
0.0022747196 -0.0018250370 0.0182196381
0.0023760887 -0.0017884314 0.0181560280
0.0024526330 -0.0017237575 0.0180810602
0.0024968599 -0.0016373459 0.0180020732
0.0028703732 -0.0008178449 0.0189589398
0.0028464620 -0.0007205310 0.0188839720
0.0027859688 -0.0006313332 0.0188203619
0.0026948154 -0.0005589828 0.0187743360
0.0025819243 -0.0005105620 0.0187503997
0.0024583462 -0.0004908105 0.0187508960
0.0023361777 -0.0005016618 0.0187757763
0.0022273776 -0.0005420537 0.0188226052
0.0021425960 -0.0006080323 0.0188867988
0.0020901318 -0.0006931391 0.0189620732
0.0020751206 -0.0007890434 0.0190410602
0.0020990319 -0.0008863574 0.0191160280
0.0021595251 -0.0009755552 0.0191796381
0.0022506785 -0.0010479056 0.0192256640
0.0023635696 -0.0010963264 0.0192496003
0.0024871477 -0.0011160779 0.0192491040
0.0026093161 -0.0011052265 0.0192242237
0.0027181163 -0.0010648347 0.0191773948
0.0028028979 -0.0009988561 0.0191132012
0.0028553621 -0.0009137492 0.0190379268
0.0029980909 -0.0000204243 0.0199947873
0.0029823815 0.0000753783 0.0199158127
0.0029292219 0.0001606043 0.0198411636
0.0028438157 0.0002269111 0.0197781469
0.0027345229 0.0002678081 0.0197329313
0.0026120421 0.0002792921 0.0197099428
0.0024883624 0.0002602388 0.0197114316
0.0023755904 0.0002125135 0.0197372520
0.0022847652 0.0001407877 0.0197848766
0.0022247772 0.0000520825 0.0198496434
0.0022014985 -0.0000449191 0.0199252127
