0.000589372350437 0.000112428788751 -0.0194
0.000529374735861 0.000282422359299 -0.01844
0.000421589981879 0.000426921406326 -0.01748
0.000275747916373 0.000532881869288 -0.01652
0.000105013835385 0.000590738600718 -0.01556
-7.51999401386e-05 0.000595268820789 -0.0146
-0.000248625348596 0.000546063582411 -0.01364
-0.000399607120461 0.000447564687255 -0.01268
-0.000514515993716 0.000308663720269 -0.01172
-0.000582979039749 0.000141899398214 -0.01076
-0.000598816037057 -3.76743117176e-05 -0.0098
-0.000560597365474 -0.000213847127228 -0.00884
-0.000471773059282 -0.000370715767854 -0.00788
-0.000340361369476 -0.000494119558577 -0.00692
-0.000178224948946 -0.000572918726848 -0.00596
3.67394039744e-20 -0.0006 -0.005
0.000178224948946 -0.000572918726848 -0.00404
0.000340361369476 -0.000494119558577 -0.00308
0.000471773059282 -0.000370715767854 -0.00212
0.000560597365474 -0.000213847127228 -0.00116
0.000598816037057 -3.76743117176e-05 -0.0002
0.000582979039749 0.000141899398214 0.00076
0.000514515993716 0.000308663720269 0.00172
0.000399607120461 0.000447564687255 0.00268
0.000248625348596 0.000546063582411 0.00364
7.51999401386e-05 0.000595268820789 0.0046
-0.000105013835385 0.000590738600718 0.00556
-0.000275747916373 0.000532881869288 0.00652
-0.000421589981879 0.000426921406326 0.00748
-0.000529374735861 0.000282422359299 0.00844
-0.000589372350437 0.000112428788751 0.0094
-0.000596166786312 -6.77138309241e-05 0.01036
-0.000549144703573 -0.000241743861428 0.01132
-0.000452550828442 -0.000393951453452 0.01228
-0.000315104777977 -0.000510596689077 0.01324
-0.000149213932299 -0.000581149896677 0.0142
3.01465909079e-05 -0.000599242173964 0.01516
0.000206785753905 -0.000563240314592 0.01612
0.000364758178617 -0.000476394239189 0.01708
0.00048980355043 -0.000346543622053 0.01804
0.000570633909777 -0.000185410196625 0.019
0.000599952626522 -7.53962393001e-06 0.01996
