-0.00191101465255 0.00176295859218 -0.0194230769231
-0.00234897112999 0.00111460065965 -0.0188461538462
-0.0025742088527 0.000365306423001 -0.0182692307692
-0.00256633068286 -0.00041706933023 -0.0176923076923
-0.00232605005387 -0.0011616760077 -0.0171153846154
-0.00187512636309 -0.00180108331912 -0.0165384615385
-0.0012543944785 -0.00227738764647 -0.0159615384615
-0.000520066803818 -0.00254745569531 -0.0153846153846
0.000261357219332 -0.00258683057116 -0.0148076923077
0.00101911318564 -0.00239194655351 -0.0142307692308
0.00168458002799 -0.00198045200126 -0.0136538461538
0.00219749422241 -0.00138961114793 -0.0130769230769
0.00251140714835 -0.000672929517267 -0.0125
0.00259789139525 0.000104691444284 -0.0119230769231
0.00244911509958 0.000872831730073 -0.0113461538462
0.00207855118485 0.00156192988702 -0.0107692307692
0.00151975727699 0.00210958238025 -0.0101923076923
0.000823336783884 0.00246619474906 -0.00961538461538
5.23563384902e-05 0.00259947279536 -0.00903846153846
-0.000723365406183 0.00249734709024 -0.00846153846154
-0.00143358043328 0.00216906596058 -0.00788461538462
-0.00201397290075 0.00164435797655 -0.00730769230769
-0.00241198347258 0.000970739783865 -0.00673076923077
-0.00259156900115 0.000209213078663 -0.00615384615385
-0.0025364665322 -0.000571259600372 -0.00557692307692
-0.00225166604984 -0.0013 -0.005
-0.00176295859218 -0.00191101465255 -0.00442307692308
-0.00111460065965 -0.00234897112999 -0.00384615384615
-0.000365306423001 -0.0025742088527 -0.00326923076923
0.00041706933023 -0.00256633068286 -0.00269230769231
0.0011616760077 -0.00232605005387 -0.00211538461538
0.00180108331912 -0.00187512636309 -0.00153846153846
0.00227738764647 -0.0012543944785 -0.000961538461538
0.00254745569531 -0.000520066803818 -0.000384615384615
0.00258683057116 0.000261357219332 0.000192307692308
0.00239194655351 0.00101911318564 0.000769230769231
0.00198045200126 0.00168458002799 0.00134615384615
0.00138961114793 0.00219749422241 0.00192307692308
0.000672929517267 0.00251140714835 0.0025
-0.000104691444284 0.00259789139525 0.00307692307692
-0.000872831730073 0.00244911509958 0.00365384615385
-0.00156192988702 0.00207855118485 0.00423076923077
-0.00210958238025 0.00151975727699 0.00480769230769
-0.00246619474906 0.000823336783884 0.00538461538462
-0.00259947279536 5.23563384902e-05 0.00596153846154
-0.00249734709024 -0.000723365406183 0.00653846153846
-0.00216906596058 -0.00143358043328 0.00711538461538
-0.00164435797655 -0.00201397290075 0.00769230769231
-0.000970739783865 -0.00241198347258 0.00826923076923
-0.000209213078663 -0.00259156900115 0.00884615384615
0.000571259600372 -0.0025364665322 0.00942307692308
0.0013 -0.00225166604984 0.01
0.00191101465255 -0.00176295859218 0.0105769230769
0.00234897112999 -0.00111460065965 0.0111538461538
0.0025742088527 -0.000365306423001 0.0117307692308
0.00256633068286 0.00041706933023 0.0123076923077
0.00232605005387 0.0011616760077 0.0128846153846
0.00187512636309 0.00180108331912 0.0134615384615
0.0012543944785 0.00227738764647 0.0140384615385
0.000520066803818 0.00254745569531 0.0146153846154
-0.000261357219332 0.00258683057116 0.0151923076923
-0.00101911318564 0.00239194655351 0.0157692307692
-0.00168458002799 0.00198045200126 0.0163461538462
-0.00219749422241 0.00138961114793 0.0169230769231
-0.00251140714835 0.000672929517267 0.0175
-0.00259789139525 -0.000104691444284 0.0180769230769
-0.00244911509958 -0.000872831730073 0.0186538461538
-0.00207855118485 -0.00156192988702 0.0192307692308
-0.00151975727699 -0.00210958238025 0.0198076923077
