-0.00158861216731 -0.000190555456152 -0.019848
-0.0014536597567 -0.000668485835115 -0.0194512
-0.00117866221925 -0.00108201449756 -0.0190544
-0.0007901127318 -0.00139130222132 -0.0186576
-0.0003254440306 -0.00156655232372 -0.0182608
0.00017057784684 -0.00159088126464 -0.017864
0.000650166307804 -0.0014619452015 -0.0174672
0.00106711794978 -0.00119216579436 -0.0170704
0.00138126378184 -0.000807533507023 -0.0166736
0.00156233909266 -0.000345103693887 -0.0162768
0.00159289914336 0.00015057330131 -0.01588
0.00146999978821 0.000631744111696 -0.0154832
0.00120548111268 0.00105205289172 -0.0150864
0.000824826763344 0.00137100722481 -0.0146896
0.0003647088613 0.00155787915016 -0.0142928
-0.000130544978509 0.00159466548485 -0.013896
-0.00061322215587 0.00147782224491 -0.0134992
-0.0010368217023 0.00121860607156 -0.0131024
-0.00136053416983 0.000841989769958 -0.0127056
-0.00155317320047 0.000384256436955 -0.0123088
-0.00159618001018 -0.000110496041143 -0.011912
-0.00148541133635 -0.000594603365156 -0.0115152
-0.00123153859841 -0.00102142678672 -0.0111184
-0.000859019816626 -0.00134984627075 -0.0107216
-0.000403743334065 -0.00154822198673 -0.0103248
9.04296551712e-05 -0.00159744248017 -0.009928
0.000575890679678 -0.00149276586411 -0.0095312
0.00100587057601 -0.00124427665104 -0.0091344
0.00133894521528 -0.000875914214107 -0.0087376
0.00154302629079 -0.000423166475422 -0.0083408
0.00159845269548 7.03489893086e-05 -0.007944
0.00149988466684 0.000557087054386 -0.0075472
0.00125681821796 0.000990155526676 -0.0071504
0.000892670294579 0.00132783272485 -0.0067536
0.000442522793888 0.00153758693312 -0.0063568
-5.0257214525e-05 0.00159921049659 -0.00596
-0.00053819545859 0.0015067666204 -0.0055632
-0.000974284120305 0.00126916131871 -0.0051664
-0.00131651055423 0.000909285412065 -0.0047696
-0.00153190477264 0.000461809232874 -0.0043728
-0.00159971576381 -3.01575035447e-05 -0.003976
-0.00151341063804 -0.000519218875493 -0.0035792
-0.00128130400419 -0.000958258863178 -0.0031824
-0.000925756942842 -0.00130498049134 -0.0027856
-0.000481022746829 -0.00152598070664 -0.0023888
1.00530303449e-05 -0.00159996841737 -0.001992
0.000500160301715 -0.0015198156706 -0.0015952
0.000942082285867 -0.0012932443569 -0.0011984
0.0012932443569 -0.000942082285867 -0.0008016
0.0015198156706 -0.000500160301715 -0.0004048
0.00159996841737 -1.00530303449e-05 -8.00000000001e-06
0.00152598070664 0.000481022746829 0.0003888
0.00130498049134 0.000925756942842 0.0007856
0.000958258863178 0.00128130400419 0.0011824
0.000519218875493 0.00151341063804 0.0015792
3.01575035447e-05 0.00159971576381 0.001976
-0.000461809232874 0.00153190477264 0.0023728
-0.000909285412065 0.00131651055423 0.0027696
-0.00126916131871 0.000974284120305 0.0031664
-0.0015067666204 0.00053819545859 0.0035632
-0.00159921049659 5.0257214525e-05 0.00396
-0.00153758693312 -0.000442522793888 0.0043568
-0.00132783272485 -0.000892670294579 0.0047536
-0.000990155526676 -0.00125681821796 0.0051504
-0.000557087054386 -0.00149988466684 0.0055472
-7.03489893086e-05 -0.00159845269548 0.005944
0.000423166475422 -0.00154302629079 0.0063408
0.000875914214107 -0.00133894521528 0.0067376
0.00124427665104 -0.00100587057601 0.0071344
0.00149276586411 -0.000575890679678 0.0075312
0.00159744248017 -9.04296551712e-05 0.007928
0.00154822198673 0.000403743334065 0.0083248
0.00134984627075 0.000859019816626 0.0087216
0.00102142678672 0.00123153859841 0.0091184
0.000594603365156 0.00148541133635 0.0095152
0.000110496041143 0.00159618001018 0.009912
-0.000384256436955 0.00155317320047 0.0103088
-0.000841989769958 0.00136053416983 0.0107056
-0.00121860607156 0.0010368217023 0.0111024
-0.00147782224491 0.00061322215587 0.0114992
-0.00159466548485 0.000130544978509 0.011896
-0.00155787915016 -0.0003647088613 0.0122928
-0.00137100722481 -0.000824826763344 0.0126896
-0.00105205289172 -0.00120548111268 0.0130864
-0.000631744111696 -0.00146999978821 0.0134832
-0.00015057330131 -0.00159289914336 0.01388
0.000345103693887 -0.00156233909266 0.0142768
0.000807533507023 -0.00138126378184 0.0146736
0.00119216579436 -0.00106711794978 0.0150704
0.0014619452015 -0.000650166307804 0.0154672
0.00159088126464 -0.00017057784684 0.015864
0.00156655232372 0.0003254440306 0.0162608
0.00139130222132 0.0007901127318 0.0166576
0.00108201449756 0.00117866221925 0.0170544
0.000668485835115 0.0014536597567 0.0174512
0.000190555456152 0.00158861216731 0.017848
-0.000305732975928 0.001570518178 0.0182448
-0.000772567188617 0.00140112095804 0.0186416
-0.0011649725197 0.0010967401827 0.0190384
-0.00144514476217 0.000686699800763 0.0194352
-0.00158609220971 0.000210502974548 0.019832
