-0.0001216807 0.0001025909 -0.0187428323
-0.0002216693 0.0001026182 -0.0187443472
-0.0001434438 0.0000507862 -0.0173074664
-0.0002434428 0.0000507949 -0.0173079182
-0.0001499377 -0.0000050278 -0.0158721183
-0.0002499356 -0.0000050403 -0.0158714715
-0.0001406494 -0.0000604462 -0.0144367446
-0.0002406350 -0.0000604761 -0.0144350502
-0.0001163109 -0.0001110950 -0.0130013041
-0.0002162769 -0.0001111331 -0.0129986959
-0.0000788420 -0.0001529757 -0.0115657606
-0.0001787870 -0.0001530101 -0.0115624446
-0.0000311987 -0.0001827808 -0.0101300861
-0.0001311279 -0.0001828010 -0.0101263241
0.0000228585 -0.0001981552 -0.0086942632
-0.0000770650 -0.0001981548 -0.0086903522
0.0000790619 -0.0001978825 -0.0072582858
-0.0000208677 -0.0001978617 -0.0072545347
0.0001329726 -0.0001819818 -0.0058221603
0.0000330269 -0.0001819470 -0.0058188653
0.0001803318 -0.0001517071 -0.0043859047
0.0000803650 -0.0001516692 -0.0043833260
0.0002173974 -0.0001094487 -0.0029495474
0.0001174112 -0.0001094193 -0.0029478885
0.0002412404 -0.0000585444 -0.0015131245
0.0001412422 -0.0000585327 -0.0015125165
0.0002499766 -0.0000030159 -0.0000766776
0.0001499778 -0.0000030254 -0.0000771686
0.0002429161 0.0000527497 0.0013597499
0.0001429281 0.0000527218 0.0013581988
0.0002206177 0.0001043467 0.0027961162
0.0001206487 0.0001043092 0.0027936274
0.0001848443 0.0001476998 0.0042323841
0.0000848965 0.0001476642 0.0042291543
0.0001384232 0.0001793859 0.0056685246
0.0000384923 0.0001793632 0.0056648087
0.0000850219 0.0001969043 0.0071045184
-0.0000149017 0.0001969016 0.0071006098
0.0000288581 0.0001988742 0.0085403578
-0.0000710700 0.0001988923 0.0085365652
-0.0000256340 0.0001851422 0.0099760475
-0.0001255769 0.0001851756 0.0099726704
-0.0000741530 0.0001567946 0.0114116039
-0.0001741167 0.0001568328 0.0114089089
-0.0001128702 0.0001160703 0.0128470539
-0.0002128540 0.0001161016 0.0128452538
-0.0001387306 0.0000661842 0.0142824328
-0.0002387277 0.0000661989 0.0142816698
-0.0001496937 0.0000110737 0.0157177816
-0.0002496931 0.0000110672 0.0157181159
-0.0001448940 -0.0000449120 0.0171531435
-0.0002448842 -0.0000449376 0.0171545488
-0.0001247096 -0.0000973542 0.0185885610
-0.0002246817 -0.0000973911 0.0185909262
-0.0000216922 0.0001025636 -0.0187413175
-0.0000781943 0.0002197775 -0.0187379444
-0.0002050893 0.0002487578 -0.0187388224
-0.0003068226 0.0001676817 -0.0187432903
-0.0003067870 0.0000376012 -0.0187479837
-0.0002050094 -0.0000435304 -0.0187493683
-0.0000781302 -0.0000146195 -0.0187464016
-0.0000434449 0.0000507774 -0.0173070145
-0.0000999311 0.0001679685 -0.0173027138
-0.0002268340 0.0001969223 -0.0173021620
-0.0003285930 0.0001158358 -0.0173057746
-0.0003285816 -0.0000142310 -0.0173108313
-0.0002268083 -0.0000953353 -0.0173135242
-0.0000999105 -0.0000664039 -0.0173118256
-0.0000499398 -0.0000050154 -0.0158727651
-0.0001064005 0.0001121650 -0.0158678763
-0.0002332958 0.0001410921 -0.0158659383
-0.0003350710 0.0000599832 -0.0158684104
-0.0003350873 -0.0000700851 -0.0158734311
-0.0002333323 -0.0001511686 -0.0158772196
-0.0001064298 -0.0001222099 -0.0158769232
-0.0000406637 -0.0000604164 -0.0144384390
-0.0000970971 0.0000567686 -0.0144333483
-0.0002239719 0.0000856771 -0.0144301771
-0.0003257487 0.0000045406 -0.0144313135
-0.0003257876 -0.0001255437 -0.0144359017
-0.0002240592 -0.0002066195 -0.0144404867
-0.0000971672 -0.0001776351 -0.0144416159
-0.0000163450 -0.0001110570 -0.0130039123
-0.0000727577 0.0000061464 -0.0129990215
-0.0001996051 0.0000350503 -0.0129948675
-0.0003013685 -0.0000461105 -0.0129945784
-0.0003014180 -0.0001762203 -0.0129983719
-0.0001997163 -0.0002573038 -0.0130033913
-0.0000728469 -0.0002283034 -0.0130058570
0.0000211030 -0.0001529413 -0.0115690766
-0.0000353021 -0.0000357113 -0.0115647720
-0.0001621239 -0.0000067967 -0.0115599633
-0.0002638631 -0.0000879708 -0.0115582715
-0.0002639078 -0.0002181080 -0.0115609707
-0.0001622245 -0.0002992121 -0.0115660282
-0.0000353828 -0.0002702103 -0.0115696357
0.0000687305 -0.0001827607 -0.0101338482
0.0000123175 -0.0000655041 -0.0101304696
-0.0001144884 -0.0000365668 -0.0101253859
-0.0002161999 -0.0001177393 -0.0101224251
-0.0002162261 -0.0002478969 -0.0101238168
-0.0001145472 -0.0003290284 -0.0101285130
0.0000122704 -0.0003000401 -0.0101329774
0.0001227820 -0.0001981556 -0.0086981741
0.0000663483 -0.0000808807 -0.0086959884
-0.0000604564 -0.0000519157 -0.0086910311
-0.0001621454 -0.0001330720 -0.0086870350
-0.0001621449 -0.0002632371 -0.0086870094
-0.0000604552 -0.0003443941 -0.0086909735
0.0000663492 -0.0003154301 -0.0086959423
0.0001789915 -0.0001979032 -0.0072620369
0.0001225304 -0.0000806240 -0.0072612166
-0.0000042880 -0.0000516349 -0.0072567771
-0.0001059667 -0.0001327654 -0.0072520613
-0.0001059396 -0.0002629226 -0.0072506204
-0.0000042272 -0.0003440954 -0.0072535393
0.0001225791 -0.0003151590 -0.0072586201
0.0002329183 -0.0001820165 -0.0058254553
0.0001764317 -0.0000647482 -0.0058260653
0.0000495889 -0.0000357461 -0.0058224942
-0.0000520948 -0.0001168494 -0.0058174310
-0.0000520496 -0.0002469856 -0.0058146886
0.0000496905 -0.0003281595 -0.0058163319
0.0001765131 -0.0002992456 -0.0058211235
0.0002802985 -0.0001517450 -0.0043884834
0.0002237963 -0.0000344996 -0.0043904755
0.0000969259 -0.0000054995 -0.0043880547
-0.0000047766 -0.0000865825 -0.0043830441
-0.0000047273 -0.0002166913 -0.0043792167
0.0000970368 -0.0002978514 -0.0043794546
0.0002238853 -0.0002689476 -0.0043835787
0.0003173837 -0.0001094781 -0.0029512062
0.0002608804 0.0000077397 -0.0029544230
0.0001339878 0.0000367232 -0.0029533438
0.0000322584 -0.0000443526 -0.0029487812
0.0000322967 -0.0001744360 -0.0029441711
0.0001340737 -0.0002555716 -0.0029429848
0.0002609494 -0.0002266626 -0.0029461157
0.0003412385 -0.0000585562 -0.0015137324
0.0002847493 0.0000586376 -0.0015179199
0.0001578466 0.0000875954 -0.0015182675
0.0000560908 0.0000065113 -0.0015145134
0.0000561061 -0.0001235566 -0.0015094845
0.0001578810 -0.0002046646 -0.0015069677
0.0002847768 -0.0001757367 -0.0015088582
0.0003499754 -0.0000030064 -0.0000761866
0.0002935107 0.0001141747 -0.0000810142
0.0001666134 0.0001431052 -0.0000827611
0.0000648397 0.0000620000 -0.0000801118
0.0000648273 -0.0000680671 -0.0000750613
0.0001665855 -0.0001491529 -0.0000714128
0.0002934884 -0.0001201981 -0.0000719136
0.0003429041 0.0000527775 0.0013613010
0.0002864670 0.0001699609 0.0013562145
0.0001595887 0.0001988714 0.0013532062
0.0000578112 0.0001177387 0.0013545415
0.0000577749 -0.0000123425 0.0013592148
0.0001595072 -0.0000934184 0.0013637070
0.0002864017 -0.0000644373 0.0013646355
0.0003205867 0.0001043843 0.0027986049
0.0002641717 0.0002215844 0.0027936612
0.0001373203 0.0002504880 0.0027896291
0.0000355542 0.0001693301 0.0027895449
0.0000355053 0.0000392243 0.0027934719
0.0001372104 -0.0000418572 0.0027984531
0.0002640836 -0.0000128583 0.0028007375
0.0002847921 0.0001477355 0.0042356140
0.0002283868 0.0002649615 0.0042312034
0.0001015618 0.0002938737 0.0042264659
-0.0000001812 0.0002127006 0.0042249689
-0.0000002276 0.0000825671 0.0042278396
0.0001014576 0.0000014665 0.0042329164
0.0002283033 0.0000304691 0.0042363763
0.0002383541 0.0001794086 0.0056722405
0.0001819432 0.0002966617 0.0056687114
0.0000551358 0.0003255953 0.0056636425
-0.0000465795 0.0002444216 0.0056608509
-0.0000466090 0.0001142662 0.0056624387
0.0000550695 0.0000331387 0.0056672102
0.0001818900 0.0000621298 0.0056715724
0.0001849455 0.0001969070 0.0071084270
0.0001285153 0.0003141801 0.0071060579
0.0000017114 0.0003431411 0.0071010580
-0.0000999802 0.0002619818 0.0070971922
-0.0000999837 0.0001318168 0.0070973715
0.0000017036 0.0000506630 0.0071014610
0.0001285090 0.0000796309 0.0071063811
0.0001287861 0.0001988561 0.0085441504
0.0000723290 0.0003161357 0.0085431286
-0.0000544866 0.0003451218 0.0085385923
-0.0001561659 0.0002639873 0.0085339576
-0.0001561423 0.0001338281 0.0085327144
-0.0000544336 0.0000526568 0.0085357990
0.0000723715 0.0000815969 0.0085408884
0.0000743090 0.0001851089 0.0099794247
0.0000178256 0.0003023796 0.0099798307
-0.0001090133 0.0003313807 0.0099761164
-0.0002106954 0.0002502738 0.0099710787
-0.0002106520 0.0001201340 0.0099685112
-0.0001089158 0.0000389593 0.0099703471
0.0000179037 0.0000678758 0.0099752041
0.0000258107 0.0001567564 0.0114142989
-0.0000306902 0.0002740056 0.0114161007
-0.0001575567 0.0003030069 0.0114135016
-0.0002592559 0.0002219218 0.0114084588
-0.0002592062 0.0000918089 0.0114047696
-0.0001574450 0.0000106460 0.0114052121
-0.0000306005 0.0000395504 0.0114094530
-0.0000128864 0.0001160390 0.0128488540
-0.0000693904 0.0002332607 0.0128519093
-0.0001962805 0.0002622474 0.0128506306
-0.0002980058 0.0001811715 0.0128459809
-0.0002979652 0.0000510849 0.0128414614
-0.0001961891 -0.0000300546 0.0128404754
-0.0000693171 -0.0000011473 0.0128437654
-0.0000387335 0.0000661696 0.0142831958
-0.0000952255 0.0001833663 0.0142872634
-0.0002221277 0.0002123280 0.0142874061
-0.0003238800 0.0001312460 0.0142835166
-0.0003238610 0.0000011767 0.0142785237
-0.0002220849 -0.0000799351 0.0142761871
-0.0000951912 -0.0000510105 0.0142782664
-0.0000496942 0.0000110802 0.0157174472
-0.0001061628 0.0001282622 0.0157222059
-0.0002330618 0.0001571964 0.0157237588
-0.0003348337 0.0000760948 0.0157209366
-0.0003348422 -0.0000539715 0.0157158645
-0.0002330809 -0.0001350598 0.0157123618
-0.0001061781 -0.0001061091 0.0157130662
-0.0000449039 -0.0000448863 0.0171517383
-0.0001013448 0.0000722958 0.0171568122
-0.0002282264 0.0001012084 0.0171596527
-0.0003300044 0.0000200797 0.0171581207
-0.0003300378 -0.0001099987 0.0171533699
-0.0002283015 -0.0001910751 0.0171489777
-0.0001014050 -0.0001620974 0.0171482516
-0.0000247376 -0.0000973174 0.0185861958
-0.0000811551 0.0000198796 0.0185911844
-0.0002080106 0.0000487833 0.0185950880
-0.0003097792 -0.0000323715 0.0185949672
-0.0003098271 -0.0001624734 0.0185909129
-0.0002081183 -0.0002435532 0.0185859781
-0.0000812416 -0.0002145560 0.0185838787
0.0000782963 0.0001025362 -0.0187398026
0.0000496319 0.0002186493 -0.0187360473
-0.0000297313 0.0003081779 -0.0187340198
-0.0001416121 0.0003506121 -0.0187341847
-0.0002603799 0.0003362308 -0.0187365042
-0.0003588265 0.0002683285 -0.0187404469
-0.0004143989 0.0001624609 -0.0187451096
-0.0004143662 0.0000428809 -0.0187494241
-0.0003587359 -0.0000630172 -0.0187524020
-0.0002602522 -0.0001309733 -0.0187533612
-0.0001414765 -0.0001454195 -0.0187520818
-0.0000296189 -0.0001030464 -0.0187488570
0.0000496953 -0.0000135612 -0.0187444256
0.0000565541 0.0000507686 -0.0173065626
0.0000279082 0.0001668642 -0.0173021786
-0.0000514467 0.0002563687 -0.0172990577
-0.0001633313 0.0002987778 -0.0172979149
-0.0002821142 0.0002843759 -0.0172990120
-0.0003805837 0.0002164625 -0.0173020976
-0.0004361816 0.0001105956 -0.0173064649
-0.0004361710 -0.0000089719 -0.0173111134
-0.0003805545 -0.0001148485 -0.0173149781
-0.0002820731 -0.0001827793 -0.0173171738
-0.0001632877 -0.0001972020 -0.0173171974
-0.0000514105 -0.0001548126 -0.0173150434
0.0000279286 -0.0000653220 -0.0173112054
0.0000500581 -0.0000050029 -0.0158734119
0.0000214372 0.0001110879 -0.0158687454
-0.0000578977 0.0002005765 -0.0158647775
-0.0001697721 0.0002429622 -0.0158624172
-0.0002885568 0.0002285350 -0.0158622052
-0.0003870397 0.0001605999 -0.0158641901
-0.0004426595 0.0000547200 -0.0158679172
-0.0004426745 -0.0000648488 -0.0158725326
-0.0003870811 -0.0001707147 -0.0158769789
-0.0002886152 -0.0002386252 -0.0158802377
-0.0001698341 -0.0002530228 -0.0158815623
-0.0000579491 -0.0002106092 -0.0158806494
0.0000214082 -0.0001211008 -0.0158777079
0.0000593219 -0.0000603865 -0.0144401334
0.0000307247 0.0000557135 -0.0144355529
-0.0000485849 0.0001451993 -0.0144310514
-0.0001604382 0.0001875708 -0.0144276600
-0.0002792109 0.0001731211 -0.0144261557
-0.0003776935 0.0001051606 -0.0144268831
-0.0004333249 -0.0000007420 -0.0144296756
-0.0004333607 -0.0001203254 -0.0144338935
-0.0003777925 -0.0002261947 -0.0144385704
-0.0002793505 -0.0002940965 -0.0144426350
-0.0001605865 -0.0003084752 -0.0144451561
-0.0000487079 -0.0002660369 -0.0144455561
0.0000306553 -0.0001765036 -0.0144437435
0.0000836210 -0.0001110190 -0.0130065205
0.0000550389 0.0000051016 -0.0130023877
-0.0000242478 0.0000945985 -0.0129977079
-0.0001360756 0.0001369692 -0.0129935532
-0.0002548261 0.0001225070 -0.0129908754
-0.0003532949 0.0000545250 -0.0129902880
-0.0004089240 -0.0000514028 -0.0129919254
-0.0004089695 -0.0001710098 -0.0129954126
-0.0003534210 -0.0002768954 -0.0129999508
-0.0002550039 -0.0003448025 -0.0130045002
-0.0001362644 -0.0003591744 -0.0130080187
-0.0000244043 -0.0003167186 -0.0130097002
0.0000549506 -0.0002271613 -0.0130091595
0.0001210480 -0.0001529069 -0.0115723926
0.0000924678 -0.0000367610 -0.0115690339
0.0000131944 0.0000527576 -0.0115645454
-0.0000986115 0.0000951413 -0.0115599555
-0.0002173365 0.0000806804 -0.0115563157
-0.0003157822 0.0000126877 -0.0115544597
-0.0003713958 -0.0000932604 -0.0115548128
-0.0003714370 -0.0002128925 -0.0115572940
-0.0003158962 -0.0003188023 -0.0115613350
-0.0002174973 -0.0003867272 -0.0115660101
-0.0000987822 -0.0004011064 -0.0115702481
0.0000130529 -0.0003586458 -0.0115730783
0.0000923878 -0.0002690726 -0.0115738522
0.0001686597 -0.0001827406 -0.0101376102
0.0001400674 -0.0000665722 -0.0101352907
0.0000607937 0.0000229719 -0.0101313480
-0.0000510005 0.0000653782 -0.0101266853
-0.0001697047 0.0000509319 -0.0101223708
-0.0002681252 -0.0000170574 -0.0101193928
-0.0003237149 -0.0001230143 -0.0101184337
-0.0003237390 -0.0002426652 -0.0101197131
-0.0002681919 -0.0003485997 -0.0101229378
-0.0001697988 -0.0004165494 -0.0101273693
-0.0000511004 -0.0004309479 -0.0101319922
0.0000607109 -0.0003884965 -0.0101357476
0.0001400206 -0.0002989205 -0.0101377751
0.0002227055 -0.0001981560 -0.0087020851
0.0001940910 -0.0000819751 -0.0087009880
0.0001148035 0.0000075904 -0.0086979024
0.0000030069 0.0000500221 -0.0086935351
-0.0001156875 0.0000355994 -0.0086888866
-0.0002140884 -0.0000323736 -0.0086850219
-0.0002696532 -0.0001383252 -0.0086828262
-0.0002696527 -0.0002579830 -0.0086828026
-0.0002140871 -0.0003639350 -0.0086849566
-0.0001156857 -0.0004319087 -0.0086887946
0.0000030089 -0.0004463324 -0.0086934374
0.0001148051 -0.0004039015 -0.0086978214
0.0001940919 -0.0003143367 -0.0087009423
0.0002789211 -0.0001979240 -0.0072657879
0.0002502811 -0.0000817444 -0.0072659999
0.0001709706 0.0000078318 -0.0072640150
0.0000591585 0.0000502837 -0.0072602880
-0.0000595403 0.0000358861 -0.0072556726
-0.0001579334 -0.0000320627 -0.0072512262
-0.0002134800 -0.0001379964 -0.0072479674
-0.0002134551 -0.0002576469 -0.0072466428
-0.0001578645 -0.0003636037 -0.0072475558
-0.0000594432 -0.0004315934 -0.0072504972
0.0000592616 -0.0004460403 -0.0072547933
0.0001710560 -0.0004036349 -0.0072594597
0.0002503294 -0.0003140917 -0.0072634276
0.0003328640 -0.0001820512 -0.0058287503
0.0003042032 -0.0000658863 -0.0058302545
0.0002248673 0.0000236866 -0.0058295271
0.0001130314 0.0000661472 -0.0058267346
-0.0000056845 0.0000517685 -0.0058225168
-0.0001040839 -0.0000161556 -0.0058178399
-0.0001596247 -0.0001220645 -0.0058137753
-0.0001595831 -0.0002416957 -0.0058112542
-0.0001039688 -0.0003476433 -0.0058108542
-0.0000055222 -0.0004156358 -0.0058126668
0.0001132037 -0.0004300970 -0.0058162769
0.0002250102 -0.0003877140 -0.0058208573
0.0003042839 -0.0002981963 -0.0058253589
0.0003802653 -0.0001517830 -0.0043910621
0.0003515947 -0.0000356415 -0.0043937399
0.0002722393 0.0000539150 -0.0043943274
0.0001603784 0.0000963703 -0.0043926900
0.0000416380 0.0000819985 -0.0043892027
-0.0000567799 0.0000140918 -0.0043846646
-0.0001123290 -0.0000917930 -0.0043801152
-0.0001122836 -0.0002113991 -0.0043765967
-0.0000566542 -0.0003173261 -0.0043749152
0.0000418153 -0.0003853075 -0.0043754559
0.0001605667 -0.0003997695 -0.0043780949
0.0002723954 -0.0003573990 -0.0043822277
0.0003516829 -0.0002679026 -0.0043869075
0.0004173699 -0.0001095075 -0.0029528650
0.0003887037 0.0000066088 -0.0029565048
0.0003093405 0.0000961411 -0.0029583608
0.0001974614 0.0001385786 -0.0029580077
0.0000786966 0.0001241994 -0.0029555265
-0.0000197463 0.0000562976 -0.0029514855
-0.0000753153 -0.0000495713 -0.0029468105
-0.0000752802 -0.0001691540 -0.0029425724
-0.0000196489 -0.0002750556 -0.0029397423
0.0000788340 -0.0003430153 -0.0029389683
0.0001976073 -0.0003574643 -0.0029404279
0.0003094614 -0.0003150926 -0.0029437866
0.0003887720 -0.0002256069 -0.0029482751
0.0004412367 -0.0000585679 -0.0015143403
0.0004125876 0.0000575295 -0.0015186548
0.0003332307 0.0001470371 -0.0015216328
0.0002213458 0.0001894499 -0.0015225919
0.0001025643 0.0001750514 -0.0015213126
0.0000040976 0.0001071403 -0.0015180878
-0.0000514967 0.0000012742 -0.0015136563
-0.0000514826 -0.0001182943 -0.0015090334
0.0000041366 -0.0002241734 -0.0015052780
0.0001026192 -0.0002921077 -0.0015032506
0.0002214041 -0.0003065340 -0.0015034155
0.0003332790 -0.0002641476 -0.0015057349
0.0004126149 -0.0001746586 -0.0015096776
0.0004499742 -0.0000029968 -0.0000756957
0.0004213496 0.0001130938 -0.0000803442
0.0003420113 0.0002025839 -0.0000842089
0.0002301346 0.0002449726 -0.0000864046
0.0001113493 0.0002305489 -0.0000864281
0.0000128676 0.0001626173 -0.0000842742
-0.0000427496 0.0000567401 -0.0000804362
-0.0000427610 -0.0000628276 -0.0000757934
0.0000128360 -0.0001686943 -0.0000714094
0.0001113048 -0.0002366071 -0.0000682885
0.0002300873 -0.0002510081 -0.0000671457
0.0003419721 -0.0002085981 -0.0000682428
0.0004213275 -0.0001190929 -0.0000713284
0.0004428920 0.0000528054 0.0013628521
0.0004142918 0.0001689033 0.0013582367
0.0003349785 0.0002583886 0.0013537903
0.0002231218 0.0003007614 0.0013505315
0.0001043467 0.0002863144 0.0013492069
0.0000058631 0.0002183574 0.0013501199
-0.0000497675 0.0001124585 0.0013530613
-0.0000498008 -0.0000071222 0.0013573574
0.0000057708 -0.0001129901 0.0013620239
0.0001042164 -0.0001808923 0.0013659917
0.0002229835 -0.0001952731 0.0013683520
0.0003348639 -0.0001528380 0.0013685640
0.0004142271 -0.0000633085 0.0013665791
0.0004205557 0.0001044218 0.0028010936
0.0003919722 0.0002205390 0.0027968758
0.0003126826 0.0003100336 0.0027921988
0.0002008512 0.0003524035 0.0027881343
0.0000820972 0.0003379423 0.0027856132
-0.0000163743 0.0002699629 0.0027852131
-0.0000720046 0.0001640385 0.0027870258
-0.0000720496 0.0000444351 0.0027906358
-0.0000164988 -0.0000614475 0.0027952163
0.0000819216 -0.0001293530 0.0027997179
0.0002006648 -0.0001437250 0.0028031092
0.0003125281 -0.0001012710 0.0028046135
0.0003918850 -0.0000117168 0.0028038861
0.0003847399 0.0001477711 0.0042388438
0.0003561603 0.0002639134 0.0042353566
0.0002768858 0.0003534285 0.0042308185
0.0001650773 0.0003958096 0.0042262690
0.0000463487 0.0003813476 0.0042227506
-0.0000521006 0.0003133557 0.0042210691
-0.0001077171 0.0002074099 0.0042216098
-0.0001077597 0.0000877812 0.0042242488
-0.0000522187 -0.0000181250 0.0042283816
0.0000461821 -0.0000860468 0.0042330613
0.0001649004 -0.0001004241 0.0042372160
0.0002767392 -0.0000579633 0.0042398938
0.0003560775 0.0000316084 0.0042404813
0.0003382851 0.0001794312 0.0056759565
0.0003096952 0.0002955969 0.0056734752
0.0002304225 0.0003851374 0.0056694342
0.0001186274 0.0004275401 0.0056647592
-0.0000000793 0.0004130911 0.0056605211
-0.0000985031 0.0003451004 0.0056576910
-0.0001540965 0.0002391440 0.0056569170
-0.0001541236 0.0001194951 0.0056583766
-0.0000985783 0.0000135638 0.0056617353
-0.0000001853 -0.0000543822 0.0056662238
0.0001185148 -0.0000687774 0.0056708137
0.0002303292 -0.0000263239 0.0056744536
0.0003096425 0.0000632526 0.0056763095
0.0002848691 0.0001969097 0.0071123355
0.0002562581 0.0003130896 0.0071110562
0.0001769733 0.0004026526 0.0071078314
0.0000651780 0.0004450808 0.0071033999
-0.0000535171 0.0004306544 0.0070987770
-0.0001519201 0.0003626785 0.0070950216
-0.0002074882 0.0002567253 0.0070929942
-0.0002074915 0.0001370676 0.0070931591
-0.0001519290 0.0000311174 0.0070954785
-0.0000535296 -0.0000368532 0.0070994212
0.0000651646 -0.0000512732 0.0071040839
0.0001769623 -0.0000088390 0.0071083984
0.0002562519 0.0000807283 0.0071113764
0.0002287142 0.0001988379 0.0085479430
0.0002000777 0.0003150186 0.0085479666
0.0001207708 0.0004045941 0.0085458127
0.0000089616 0.0004470437 0.0085419747
-0.0001097358 0.0004326427 0.0085373319
-0.0002081291 0.0003646902 0.0085329479
-0.0002636776 0.0002587534 0.0085298270
-0.0002636559 0.0001391010 0.0085286842
-0.0002080690 0.0000331440 0.0085297812
-0.0001096511 -0.0000348441 0.0085328668
0.0000090515 -0.0000492881 0.0085372341
0.0001208453 -0.0000068791 0.0085418826
0.0002001198 0.0000826676 0.0085457474
0.0001742519 0.0001850756 0.0099828018
0.0001455936 0.0003012433 0.0099841264
0.0000662612 0.0003908175 0.0099832135
-0.0000455712 0.0004332778 0.0099802720
-0.0001642840 0.0004188970 0.0099759760
-0.0002626816 0.0003509696 0.0099713095
-0.0003182224 0.0002450570 0.0099673416
-0.0003181825 0.0001254225 0.0099649813
-0.0002625711 0.0000194728 0.0099647693
-0.0001641282 -0.0000485201 0.0099667542
-0.0000454058 -0.0000629801 0.0099704813
0.0000663983 -0.0000205943 0.0099750967
0.0001456710 0.0000689270 0.0099795430
0.0001257743 0.0001567182 0.0114169939
0.0000971044 0.0002728633 0.0114195150
0.0000177511 0.0003624228 0.0114199151
-0.0000941064 0.0004048797 0.0114181024
-0.0002128432 0.0003905077 0.0114144924
-0.0003112579 0.0003225993 0.0114099119
-0.0003668050 0.0002167113 0.0114054103
-0.0003667593 0.0000971016 0.0114020190
-0.0003111312 -0.0000088288 0.0114005147
-0.0002126645 -0.0000768126 0.0114012421
-0.0000939168 -0.0000912753 0.0114040346
0.0000179084 -0.0000489038 0.0114082525
0.0000971931 0.0000405950 0.0114129294
0.0000870974 0.0001160078 0.0128506540
0.0000584297 0.0002321275 0.0128541725
-0.0000209332 0.0003216634 0.0128558540
-0.0001328104 0.0003641041 0.0128553133
-0.0002515720 0.0003497268 0.0128526743
-0.0003500113 0.0002818251 0.0128485415
-0.0004055769 0.0001759547 0.0128438618
-0.0004055395 0.0000563690 0.0128397071
-0.0003499076 -0.0000495363 0.0128370293
-0.0002514259 -0.0001174995 0.0128364418
-0.0001326552 -0.0001319511 0.0128380793
-0.0000208046 -0.0000895804 0.0128415665
0.0000585024 -0.0000000940 0.0128461046
0.0000612636 0.0000661550 0.0142839588
0.0000326114 0.0001822545 0.0142881968
-0.0000467472 0.0002717653 0.0142910270
-0.0001586321 0.0003141817 0.0142918009
-0.0002774120 0.0002997866 0.0142903413
-0.0003758756 0.0002318776 0.0142869826
-0.0004314663 0.0001260120 0.0142824942
-0.0004314487 0.0000064422 0.0142779043
-0.0003758271 -0.0000994397 0.0142742644
-0.0002773435 -0.0001673775 0.0142724084
-0.0001585595 -0.0001818074 0.0142727615
-0.0000466869 -0.0001394238 0.0142752427
0.0000326455 -0.0000499361 0.0142792838
0.0000503052 0.0000110868 0.0157171129
0.0000216770 0.0001271774 0.0157217358
-0.0000576646 0.0002166694 0.0157254912
-0.0001695432 0.0002590612 0.0157275187
-0.0002883289 0.0002446412 0.0157273538
-0.0003868092 0.0001767130 0.0157250343
-0.0004424236 0.0000708381 0.0157210916
-0.0004424314 -0.0000487288 0.0157164289
-0.0003868308 -0.0001545965 0.0157121144
-0.0002883593 -0.0002225118 0.0157091364
-0.0001695755 -0.0002369163 0.0157081773
-0.0000576914 -0.0001945100 0.0157094566
0.0000216618 -0.0001050077 0.0157126814
0.0000550862 -0.0000448607 0.0171503330
0.0000264828 0.0000712354 0.0171549758
-0.0000528342 0.0001607205 0.0171593598
-0.0001646942 0.0002030948 0.0171624807
-0.0002834716 0.0001886508 0.0171636235
-0.0003819558 0.0001206974 0.0171625265
-0.0004375852 0.0000148020 0.0171594409
-0.0004376159 -0.0001047761 0.0171550736
-0.0003820408 -0.0002106430 0.0171504251
-0.0002835915 -0.0002785459 0.0171465603
-0.0001648216 -0.0002929289 0.0171443647
-0.0000529397 -0.0002504972 0.0171443411
0.0000264232 -0.0001609714 0.0171464950
0.0000752344 -0.0000972805 0.0185838305
0.0000466492 0.0000188333 0.0185881266
-0.0000326434 0.0001083258 0.0185927931
-0.0001444785 0.0001506953 0.0185967610
-0.0002632359 0.0001362353 0.0185991212
-0.0003617099 0.0000682586 0.0185993332
-0.0004173411 -0.0000376622 0.0185973483
-0.0004173852 -0.0001572620 0.0185936213
-0.0003618321 -0.0002631418 0.0185890059
-0.0002634082 -0.0003310459 0.0185845595
-0.0001446614 -0.0003454183 0.0185813007
-0.0000327950 -0.0003029664 0.0185799761
0.0000465636 -0.0002134155 0.0185808891
0.0002282791 0.0001024953 -0.0187375303
0.0002086702 0.0002260270 -0.0187333700
0.0001518304 0.0003374773 -0.0187302100
0.0000633237 0.0004259367 -0.0187283598
-0.0000481863 0.0004827460 -0.0187280003
-0.0001717843 0.0005023444 -0.0187291669
-0.0002953715 0.0004828135 -0.0187317452
-0.0004068505 0.0004260651 -0.0187354830
-0.0004953089 0.0003376542 -0.0187400144
-0.0005520877 0.0002262349 -0.0187448957
-0.0005716291 0.0001027138 -0.0187496491
-0.0005520202 -0.0000208179 -0.0187538095
-0.0004951804 -0.0001322682 -0.0187569694
-0.0004066737 -0.0002207276 -0.0187588197
-0.0002951637 -0.0002775369 -0.0187591792
-0.0001715657 -0.0002971353 -0.0187580126
-0.0000479785 -0.0002776044 -0.0187554342
0.0000635005 -0.0002208560 -0.0187516965
0.0001519589 -0.0001324451 -0.0187471651
0.0002087377 -0.0000210258 -0.0187422838
0.0002065526 0.0000507554 -0.0173058848
0.0001869645 0.0001742706 -0.0173011714
0.0001301395 0.0002856988 -0.0172970963
0.0000416400 0.0003741324 -0.0172940584
-0.0000698712 0.0004309151 -0.0172923551
-0.0001934784 0.0004504886 -0.0172921531
-0.0003170823 0.0004309368 -0.0172934721
-0.0004285834 0.0003741737 -0.0172961832
-0.0005170675 0.0002857556 -0.0173000208
-0.0005738729 0.0001743374 -0.0173046094
-0.0005934392 0.0000508257 -0.0173094998
-0.0005738512 -0.0000726895 -0.0173142132
-0.0005170262 -0.0001841177 -0.0173182883
-0.0004285266 -0.0002725513 -0.0173213262
-0.0003170155 -0.0003293340 -0.0173230295
-0.0001934082 -0.0003489075 -0.0173232316
-0.0000698044 -0.0003293557 -0.0173219125
0.0000416968 -0.0002725926 -0.0173192014
0.0001301808 -0.0001841745 -0.0173153638
0.0001869862 -0.0000727563 -0.0173107752
0.0002000550 -0.0000049842 -0.0158743821
0.0001804934 0.0001185282 -0.0158694877
0.0001236927 0.0002299454 -0.0158648192
0.0000352129 0.0003183612 -0.0158608336
-0.0000762850 0.0003751209 -0.0158579209
-0.0001998867 0.0003946683 -0.0158563663
-0.0003234934 0.0003750900 -0.0158563219
-0.0004350054 0.0003183026 -0.0158577922
-0.0005235073 0.0002298647 -0.0158606331
-0.0005803359 0.0001184333 -0.0158645666
-0.0005999283 -0.0000050840 -0.0158692077
-0.0005803667 -0.0001285964 -0.0158741020
-0.0005235660 -0.0002400136 -0.0158787705
-0.0004350862 -0.0003284294 -0.0158827562
-0.0003235883 -0.0003851890 -0.0158856689
-0.0001999866 -0.0004047364 -0.0158872235
-0.0000763799 -0.0003851582 -0.0158872678
0.0000351322 -0.0003283707 -0.0158857976
0.0001236341 -0.0002399328 -0.0158829566
0.0001804626 -0.0001285014 -0.0158790231
0.0002093004 -0.0000603417 -0.0144426750
0.0001897627 0.0000631824 -0.0144379862
0.0001329884 0.0001746035 -0.0144330930
0.0000445348 0.0002630147 -0.0144284743
-0.0000669395 0.0003197619 -0.0144245823
-0.0001905227 0.0003392902 -0.0144217978
-0.0003141176 0.0003196881 -0.0144203935
-0.0004256259 0.0002628743 -0.0144205068
-0.0005141323 0.0001744101 -0.0144221267
-0.0005709732 0.0000629551 -0.0144250946
-0.0005905848 -0.0000605807 -0.0144291199
-0.0005710471 -0.0001841048 -0.0144338086
-0.0005142728 -0.0002955258 -0.0144387019
-0.0004258192 -0.0003839371 -0.0144433205
-0.0003143449 -0.0004406843 -0.0144472126
-0.0001907617 -0.0004602126 -0.0144499971
-0.0000671668 -0.0004406104 -0.0144514014
0.0000443415 -0.0003837966 -0.0144512880
0.0001328479 -0.0002953325 -0.0144496681
0.0001896889 -0.0001838775 -0.0144467003
0.0002335700 -0.0001109620 -0.0130104327
0.0002140462 0.0000125849 -0.0130063198
0.0001572922 0.0001240232 -0.0130015882
0.0000688632 0.0002124447 -0.0129967012
-0.0000425845 0.0002691939 -0.0129921371
-0.0001661418 0.0002887160 -0.0129883427
-0.0002897140 0.0002690999 -0.0129856893
-0.0004012050 0.0002122659 -0.0129844368
-0.0004897012 0.0001237771 -0.0129847077
-0.0005465401 0.0000122956 -0.0129864756
-0.0005661578 -0.0001112661 -0.0129895673
-0.0005466341 -0.0002348130 -0.0129936802
-0.0004898800 -0.0003462513 -0.0129984118
-0.0004014511 -0.0004346728 -0.0130032988
-0.0002900033 -0.0004914220 -0.0130078629
-0.0001664460 -0.0005109441 -0.0130116573
-0.0000428738 -0.0004913280 -0.0130143107
0.0000686171 -0.0004344940 -0.0130155632
0.0001571134 -0.0003460052 -0.0130152923
0.0002139522 -0.0002345237 -0.0130135244
0.0002709655 -0.0001528554 -0.0115773667
0.0002514414 -0.0000292819 -0.0115741543
0.0001946952 0.0000821819 -0.0115699580
0.0001062816 0.0001706251 -0.0115651886
-0.0000051448 0.0002273904 -0.0115603128
-0.0001286769 0.0002469210 -0.0115558080
-0.0002522224 0.0002273053 -0.0115521152
-0.0003636879 0.0001704634 -0.0115495957
-0.0004521624 0.0000819593 -0.0115484963
-0.0005089853 -0.0000295436 -0.0115489245
-0.0005285945 -0.0001531305 -0.0115508385
-0.0005090703 -0.0002767040 -0.0115540508
-0.0004523241 -0.0003881678 -0.0115582471
-0.0003639105 -0.0004766110 -0.0115630165
-0.0002524841 -0.0005333762 -0.0115678923
-0.0001289520 -0.0005529069 -0.0115723971
-0.0000054065 -0.0005332912 -0.0115760899
0.0001060590 -0.0004764493 -0.0115786094
0.0001945335 -0.0003879452 -0.0115797088
0.0002513564 -0.0002764423 -0.0115792806
0.0003185535 -0.0001827104 -0.0101432532
0.0002990149 -0.0000591146 -0.0101411951
0.0002422617 0.0000523749 -0.0101378655
0.0001538495 0.0001408447 -0.0101335902
0.0000424325 0.0001976348 -0.0101287878
-0.0000810828 0.0002171862 -0.0101239284
-0.0002046061 0.0001975851 -0.0101194876
-0.0003160459 0.0001407501 -0.0101159001
-0.0004044937 0.0000522446 -0.0101135172
-0.0004612917 -0.0000592677 -0.0101125720
-0.0004808801 -0.0001828714 -0.0101131570
-0.0004613415 -0.0003064672 -0.0101152151
-0.0004045883 -0.0004179567 -0.0101185448
-0.0003161761 -0.0005064265 -0.0101228200
-0.0002047591 -0.0005632166 -0.0101276224
-0.0000812438 -0.0005827680 -0.0101324819
0.0000422794 -0.0005631669 -0.0101369227
0.0001537192 -0.0005063319 -0.0101405101
0.0002421671 -0.0004178265 -0.0101428931
0.0002989651 -0.0003063141 -0.0101438383
0.0003725908 -0.0001981566 -0.0087079515
0.0003530279 -0.0000745497 -0.0087072102
0.0002962551 0.0000369578 -0.0087050101
0.0002078298 0.0001254509 -0.0087015666
0.0000964076 0.0001822671 -0.0086972168
-0.0000271048 0.0002018450 -0.0086923865
-0.0001506169 0.0001822680 -0.0086875484
-0.0002620387 0.0001254527 -0.0086831762
-0.0003504633 0.0000369603 -0.0086796979
-0.0004072352 -0.0000745468 -0.0086774539
-0.0004267972 -0.0001981535 -0.0086766639
-0.0004072343 -0.0003217604 -0.0086774052
-0.0003504615 -0.0004332679 -0.0086796053
-0.0002620362 -0.0005217609 -0.0086830488
-0.0001506140 -0.0005785772 -0.0086873986
-0.0000271017 -0.0005981550 -0.0086922289
0.0000964105 -0.0005785781 -0.0086970670
0.0002078323 -0.0005217627 -0.0087014392
0.0002962569 -0.0004332704 -0.0087049175
0.0003530288 -0.0003217633 -0.0087071615
0.0004288155 -0.0001979552 -0.0072714145
0.0004092263 -0.0000743519 -0.0072720485
0.0003524273 0.0000371604 -0.0072711517
0.0002639785 0.0001256660 -0.0072688119
0.0001525379 0.0001825015 -0.0072652581
0.0000290140 0.0002021034 -0.0072608383
-0.0000945018 0.0001825529 -0.0072559850
-0.0002059188 0.0001257637 -0.0072511733
-0.0002943308 0.0000372948 -0.0072468743
-0.0003510835 -0.0000741938 -0.0072435087
-0.0003706214 -0.0001977890 -0.0072414060
-0.0003510321 -0.0003213923 -0.0072407720
-0.0002942331 -0.0004329046 -0.0072416688
-0.0002057843 -0.0005214102 -0.0072440086
-0.0000943437 -0.0005782457 -0.0072475624
0.0000291801 -0.0005978476 -0.0072519822
0.0001526959 -0.0005782970 -0.0072568355
0.0002641129 -0.0005215079 -0.0072616472
0.0003525249 -0.0004330390 -0.0072659462
0.0004092776 -0.0003215503 -0.0072693118
0.0004827825 -0.0001821033 -0.0058336927
0.0004631728 -0.0000585172 -0.0058356519
0.0004063491 0.0000529851 -0.0058361292
0.0003178738 0.0001414889 -0.0058350779
0.0002064073 0.0001983308 -0.0058326008
0.0000828608 0.0002179468 -0.0058289405
-0.0000406720 0.0001984167 -0.0058244552
-0.0001520991 0.0001416522 -0.0058195840
-0.0002405130 0.0000532099 -0.0058148037
-0.0002972592 -0.0000582530 -0.0058105823
-0.0003167831 -0.0001818255 -0.0058073329
-0.0002971734 -0.0003054117 -0.0058053737
-0.0002403497 -0.0004169139 -0.0058048964
-0.0001518743 -0.0005054177 -0.0058059478
-0.0000404078 -0.0005622596 -0.0058084248
0.0000831386 -0.0005818756 -0.0058120852
0.0002066715 -0.0005623455 -0.0058165705
0.0003180985 -0.0005055810 -0.0058214417
0.0004065124 -0.0004171387 -0.0058262219
0.0004632587 -0.0003056759 -0.0058304434
0.0005302154 -0.0001518398 -0.0043949302
0.0005105976 -0.0000282791 -0.0043980599
0.0004537584 0.0000832016 -0.0043998737
0.0003652616 0.0001716895 -0.0044001938
0.0002537698 0.0002285231 -0.0043989890
0.0001301967 0.0002481389 -0.0043963772
0.0000066384 0.0002286168 -0.0043926141
-0.0001048102 0.0001718679 -0.0043880680
-0.0001932399 0.0000834470 -0.0043831839
-0.0002499945 -0.0000279905 -0.0043784400
-0.0002695185 -0.0001515364 -0.0043743006
-0.0002499008 -0.0002750972 -0.0043711708
-0.0001930616 -0.0003865778 -0.0043693571
-0.0001045647 -0.0004750658 -0.0043690370
0.0000069270 -0.0005318993 -0.0043702418
0.0001305001 -0.0005515151 -0.0043728536
0.0002540584 -0.0005319931 -0.0043766167
0.0003655071 -0.0004752442 -0.0043811628
0.0004539368 -0.0003868233 -0.0043860468
0.0005106914 -0.0002753858 -0.0043907908
0.0005673492 -0.0001095515 -0.0029553532
0.0005477382 0.0000139835 -0.0029594063
0.0004908975 0.0001254375 -0.0029624132
0.0004023909 0.0002139007 -0.0029640795
0.0002908823 0.0002707136 -0.0029642421
0.0001672868 0.0002903150 -0.0029628851
0.0000437027 0.0002707862 -0.0029601413
-0.0000677725 0.0002140388 -0.0029562793
-0.0001562270 0.0001256277 -0.0029516772
-0.0002130023 0.0000142070 -0.0029467854
-0.0002325406 -0.0001093164 -0.0029420827
-0.0002129296 -0.0002328514 -0.0029380296
-0.0001560889 -0.0003443055 -0.0029350227
-0.0000675823 -0.0004327687 -0.0029333564
0.0000439263 -0.0004895816 -0.0029331938
0.0001675219 -0.0005091830 -0.0029345508
0.0002911059 -0.0004896542 -0.0029372946
0.0004025811 -0.0004329068 -0.0029411566
0.0004910357 -0.0003444957 -0.0029457587
0.0005478109 -0.0002330750 -0.0029506505
0.0005912339 -0.0000585855 -0.0015152522
0.0005716424 0.0000649313 -0.0015199087
0.0005148145 0.0001763620 -0.0015238714
0.0004263131 0.0002647990 -0.0015267523
0.0003148011 0.0003215855 -0.0015282694
0.0001911943 0.0003411628 -0.0015282744
0.0000675921 0.0003216146 -0.0015267666
-0.0000439065 0.0002648543 -0.0015238936
-0.0001323871 0.0001764380 -0.0015199368
-0.0001891888 0.0000650207 -0.0015152833
-0.0002087513 -0.0000584915 -0.0015103888
-0.0001891597 -0.0001820084 -0.0015057323
-0.0001323319 -0.0002934391 -0.0015017697
-0.0000438304 -0.0003818761 -0.0014988888
0.0000676815 -0.0004386626 -0.0014973716
0.0001912883 -0.0004582399 -0.0014973666
0.0003148905 -0.0004386916 -0.0014988745
0.0004263891 -0.0003819313 -0.0015017474
0.0005148698 -0.0002935151 -0.0015057042
0.0005716714 -0.0001820977 -0.0015103577
0.0005999724 -0.0000029825 -0.0000749592
0.0005804070 0.0001205293 -0.0000798514
0.0005236025 0.0002319472 -0.0000844569
0.0004351193 0.0003203649 -0.0000883249
0.0003236187 0.0003771273 -0.0000910769
0.0002000153 0.0003966781 -0.0000924433
0.0000764081 0.0003771037 -0.0000922906
-0.0000351032 0.0003203201 -0.0000906335
-0.0001236033 0.0002318856 -0.0000876344
-0.0001804291 0.0001204568 -0.0000835868
-0.0002000180 -0.0000030588 -0.0000788869
-0.0001804526 -0.0001265706 -0.0000739948
-0.0001236481 -0.0002379885 -0.0000693893
-0.0000351649 -0.0003264062 -0.0000655212
0.0000763356 -0.0003831686 -0.0000627693
0.0001999391 -0.0004027194 -0.0000614028
0.0003235462 -0.0003831450 -0.0000615556
0.0004350576 -0.0003263614 -0.0000632126
0.0005235577 -0.0002379269 -0.0000662117
0.0005803834 -0.0001264981 -0.0000702593
0.0005928740 0.0000528472 0.0013651787
0.0005733334 0.0001763688 0.0013604372
0.0005165555 0.0002877884 0.0013555525
0.0004280981 0.0003761994 0.0013510028
0.0003166200 0.0004329475 0.0013472334
0.0001930335 0.0004524779 0.0013446132
0.0000694362 0.0004328787 0.0013433989
-0.0000420736 0.0003760684 0.0013437092
-0.0001305803 0.0002876081 0.0013455137
-0.0001874203 0.0001761569 0.0013486359
-0.0002070298 0.0000526243 0.0013527700
-0.0001874891 -0.0000708973 0.0013575115
-0.0001307112 -0.0001823169 0.0013623962
-0.0000422538 -0.0002707279 0.0013669459
0.0000692242 -0.0003274760 0.0013707154
0.0001928107 -0.0003470063 0.0013733355
0.0003164081 -0.0003274071 0.0013745498
0.0004279178 -0.0002705969 0.0013742395
0.0005164245 -0.0001821366 0.0013724350
0.0005732645 -0.0000706854 0.0013693128
0.0005705092 0.0001044782 0.0028048267
0.0005509843 0.0002280213 0.0028006102
0.0004942280 0.0003394565 0.0027958321
0.0004057960 0.0004278757 0.0027909599
0.0002943445 0.0004846238 0.0027864707
0.0001707834 0.0005041458 0.0027828038
0.0000472075 0.0004845309 0.0027803183
-0.0000642866 0.0004276991 0.0027792573
-0.0001527851 0.0003392135 0.0027797248
-0.0002096252 0.0002277356 0.0027816749
-0.0002292429 0.0001041777 0.0027849169
-0.0002097180 -0.0000193654 0.0027891334
-0.0001529617 -0.0001308006 0.0027939115
-0.0000645296 -0.0002192198 0.0027987837
0.0000469218 -0.0002759679 0.0028032729
0.0001704829 -0.0002954899 0.0028069398
0.0002940588 -0.0002758750 0.0028094253
0.0004055529 -0.0002190432 0.0028104863
0.0004940514 -0.0001305576 0.0028100188
0.0005508915 -0.0000190797 0.0028080686
0.0005346617 0.0001478245 0.0042436886
0.0005151385 0.0002713943 0.0042403301
0.0004583921 0.0003828542 0.0042360358
0.0003699771 0.0004712939 0.0042312260
0.0002585482 0.0005280561 0.0042263714
0.0001350129 0.0005475847 0.0042219474
0.0000114636 0.0005279680 0.0042183868
-0.0001000057 0.0004711263 0.0042160384
-0.0001884838 0.0003826236 0.0042151319
-0.0002453097 0.0002711232 0.0042157561
-0.0002649209 0.0001475395 0.0042178499
-0.0002453978 0.0000239697 0.0042212083
-0.0001886513 -0.0000874902 0.0042255026
-0.0001002363 -0.0001759298 0.0042303125
0.0000111925 -0.0002326921 0.0042351670
0.0001347279 -0.0002522207 0.0042395911
0.0002582771 -0.0002326040 0.0042431516
0.0003697465 -0.0001757623 0.0042455001
0.0004582246 -0.0000872596 0.0042464066
0.0005150505 0.0000242408 0.0042457824
0.0004881815 0.0001794652 0.0056815303
0.0004686456 0.0003030584 0.0056792951
0.0004118943 0.0004145445 0.0056758237
0.0003234828 0.0005030106 0.0056714560
0.0002120654 0.0005597969 0.0056666194
0.0000885484 0.0005793448 0.0056617875
-0.0000349774 0.0005597408 0.0056574332
-0.0001464206 0.0005029040 0.0056539827
-0.0002348723 0.0004143978 0.0056517738
-0.0002916741 0.0003028859 0.0056510227
-0.0003112660 0.0001792839 0.0056518030
-0.0002917301 0.0000556907 0.0056540382
-0.0002349789 -0.0000557954 0.0056575096
-0.0001465673 -0.0001442615 0.0056618774
-0.0000351499 -0.0002010478 0.0056667139
0.0000883671 -0.0002205957 0.0056715459
0.0002118929 -0.0002009917 0.0056759002
0.0003233361 -0.0001441549 0.0056793507
0.0004117877 -0.0000556487 0.0056815595
0.0004685896 0.0000558632 0.0056823106
0.0004347545 0.0001969138 0.0071181984
0.0004151954 0.0003205199 0.0071172629
0.0003584260 0.0004320256 0.0071148885
0.0002700033 0.0005205158 0.0071113078
0.0001585827 0.0005773286 0.0071068711
0.0000350709 0.0005969026 0.0071020129
-0.0000884420 0.0005773219 0.0070972086
-0.0001998656 0.0005205031 0.0070929286
-0.0002882931 0.0004320081 0.0070895917
-0.0003450685 0.0003204994 0.0070875247
-0.0003646342 0.0001968922 0.0070869298
-0.0003450751 0.0000732861 0.0070878653
-0.0002883057 -0.0000382196 0.0070902397
-0.0001998830 -0.0001267098 0.0070938204
-0.0000884625 -0.0001835226 0.0070982571
0.0000350494 -0.0002030966 0.0071031153
0.0001585622 -0.0001835159 0.0071079196
0.0002699859 -0.0001266972 0.0071121997
0.0003584133 -0.0000382022 0.0071155365
0.0004151887 0.0000733066 0.0071176035
0.0003786063 0.0001988108 0.0085536319
0.0003590205 0.0003224155 0.0085540700
0.0003022254 0.0004339280 0.0085529801
0.0002137804 0.0005224327 0.0085504691
0.0001023430 0.0005792661 0.0085467827
-0.0000211784 0.0005988650 0.0085422818
-0.0001446928 0.0005793109 0.0085374069
-0.0002561095 0.0005225179 0.0085326353
-0.0003445225 0.0004340452 0.0085284339
-0.0004012773 0.0003225533 0.0085252142
-0.0004208182 0.0001989557 0.0085232912
-0.0004012325 0.0000753510 0.0085228531
-0.0003444373 -0.0000361615 0.0085239429
-0.0002559923 -0.0001246662 0.0085264539
-0.0001445549 -0.0001814996 0.0085301403
-0.0000210335 -0.0002010985 0.0085346413
0.0001024808 -0.0001815444 0.0085395161
0.0002138976 -0.0001247514 0.0085442878
0.0003023106 -0.0000362788 0.0085484891
0.0003590653 0.0000752131 0.0085517089
0.0003241664 0.0001850256 0.0099878675
0.0003045590 0.0003086149 0.0099896446
0.0002477384 0.0004201194 0.0099899253
0.0001592667 0.0005086244 0.0099886823
0.0000478041 0.0005654663 0.0099860373
-0.0000757387 0.0005850810 0.0099822491
-0.0001992685 0.0005655487 0.0099776885
-0.0003106932 0.0005087811 0.0099728021
-0.0003991060 0.0004203351 0.0099680680
-0.0004558522 0.0003088684 0.0099639498
-0.0004753773 0.0001852922 0.0099608504
-0.0004557698 0.0000617029 0.0099590734
-0.0003989493 -0.0000498016 0.0099587926
-0.0003104776 -0.0001383066 0.0099600356
-0.0001990150 -0.0001951485 0.0099626807
-0.0000754722 -0.0002147633 0.0099664689
0.0000480576 -0.0001952309 0.0099710294
0.0001594824 -0.0001384633 0.0099759159
0.0002478951 -0.0000500173 0.0099806499
0.0003046413 0.0000614494 0.0099847682
0.0002757198 0.0001566609 0.0114210365
0.0002561023 0.0002802255 0.0114240121
0.0001992646 0.0003917097 0.0114256413
0.0001107702 0.0004802007 0.0114257645
-0.0000007183 0.0005370362 0.0114243697
-0.0001242877 0.0005566530 0.0114215933
-0.0002478421 0.0005371307 0.0114177072
-0.0003592872 0.0004803803 0.0114130918
-0.0004477139 0.0003919570 0.0114081988
-0.0005044665 0.0002805162 0.0114035073
-0.0005239895 0.0001569665 0.0113994764
-0.0005043720 0.0000334019 0.0113965007
-0.0004475342 -0.0000780823 0.0113948715
-0.0003590399 -0.0001665732 0.0113947483
-0.0002475514 -0.0002234088 0.0113961431
-0.0001239820 -0.0002430256 0.0113989195
-0.0000004276 -0.0002235033 0.0114028056
0.0001110175 -0.0001667529 0.0114074210
0.0001994442 -0.0000783296 0.0114123140
0.0002561968 0.0000331112 0.0114170055
0.0002370731 0.0001159609 0.0128533541
0.0002174602 0.0002394993 0.0128572935
0.0001606188 0.0003509571 0.0128601425
0.0000721128 0.0004394241 0.0128616221
-0.0000393942 0.0004962405 0.0128615876
-0.0001629871 0.0005158447 0.0128600424
-0.0002865678 0.0004963178 0.0128571376
-0.0003980392 0.0004395711 0.0128531577
-0.0004864899 0.0003511594 0.0128484921
-0.0005432617 0.0002397371 0.0128435977
-0.0005627972 0.0001162110 0.0128389535
-0.0005431844 -0.0000073274 0.0128350142
-0.0004863429 -0.0001187852 0.0128321652
-0.0003978369 -0.0002072522 0.0128306856
-0.0002863299 -0.0002640686 0.0128307201
-0.0001627370 -0.0002836729 0.0128322653
-0.0000391564 -0.0002641459 0.0128351701
0.0000723151 -0.0002073992 0.0128391500
0.0001607658 -0.0001189876 0.0128438156
0.0002175375 -0.0000075653 0.0128487100
0.0002112592 0.0000661330 0.0142851033
0.0001916643 0.0001896517 0.0142896953
0.0001348338 0.0003010853 0.0142935390
0.0000463308 0.0003895258 0.0142962583
-0.0000651816 0.0004463161 0.0142975869
-0.0001887877 0.0004658972 0.0142973947
-0.0003123880 0.0004463523 0.0142957006
-0.0004238837 0.0003895946 0.0142926704
-0.0005123609 0.0003011800 0.0142886008
-0.0005691587 0.0001897631 0.0142838900
-0.0005887175 0.0000662501 0.0142789993
-0.0005691225 -0.0000572686 0.0142744073
-0.0005122921 -0.0001687021 0.0142705635
-0.0004237890 -0.0002571426 0.0142678443
-0.0003122766 -0.0003139330 0.0142665157
-0.0001886706 -0.0003335140 0.0142667079
-0.0000650702 -0.0003139692 0.0142684019
0.0000464255 -0.0002572115 0.0142714321
0.0001349027 -0.0001687969 0.0142755018
0.0001917005 -0.0000573799 0.0142802125
0.0002003044 0.0000110965 0.0157166114
0.0001807352 0.0001346082 0.0157214934
0.0001239269 0.0002460271 0.0157260285
0.0000354405 0.0003344468 0.0157297726
-0.0000760625 0.0003912122 0.0157323593
-0.0001996673 0.0004107667 0.0157335355
-0.0003232747 0.0003911961 0.0157331858
-0.0004347851 0.0003344162 0.0157313447
-0.0005232830 0.0002459849 0.0157281923
-0.0005801058 0.0001345586 0.0157240371
-0.0005996911 0.0000110444 0.0157192860
-0.0005801219 -0.0001124672 0.0157144040
-0.0005233137 -0.0002238862 0.0157098690
-0.0004348273 -0.0003123059 0.0157061248
-0.0003233243 -0.0003690713 0.0157035381
-0.0001997194 -0.0003886257 0.0157023620
-0.0000761121 -0.0003690552 0.0157027116
0.0000353983 -0.0003122752 0.0157045527
0.0001238963 -0.0002238440 0.0157077052
0.0001807190 -0.0001124177 0.0157118603
0.0002050714 -0.0000448222 0.0171482251
0.0001855276 0.0000786972 0.0171530117
0.0001287460 0.0001901157 0.0171578799
0.0000402848 0.0002785267 0.0171623533
-0.0000711969 0.0003352760 0.0171659939
-0.0001947865 0.0003548087 0.0171684454
-0.0003183861 0.0003352126 0.0171694679
-0.0004298970 0.0002784061 0.0171689612
-0.0005184036 0.0001899496 0.0171669749
-0.0005752424 0.0000785020 0.0171637035
-0.0005948496 -0.0000450274 0.0171594672
-0.0005753058 -0.0001685468 0.0171546806
-0.0005185243 -0.0002799653 0.0171498124
-0.0004300630 -0.0003683763 0.0171453390
-0.0003185813 -0.0004251256 0.0171416984
-0.0001949917 -0.0004446583 0.0171392469
-0.0000713921 -0.0004250622 0.0171382244
0.0000401188 -0.0003682557 0.0171387311
0.0001286254 -0.0002797992 0.0171407174
0.0001854642 -0.0001683516 0.0171439888
0.0002251924 -0.0000972252 0.0185802827
0.0002056661 0.0000263144 0.0185845958
0.0001489072 0.0001377466 0.0185894128
0.0000604719 0.0002261638 0.0185942622
-0.0000509833 0.0002829109 0.0185986693
-0.0001745483 0.0003024333 0.0186022026
-0.0002981277 0.0002828198 0.0186045164
-0.0004096247 0.0002259905 0.0186053841
-0.0004981253 0.0001375081 0.0186047208
-0.0005549663 0.0000260340 0.0186025915
-0.0005745837 -0.0000975200 0.0185992045
-0.0005550574 -0.0002210596 0.0185948914
-0.0004982985 -0.0003324919 0.0185900744
-0.0004098632 -0.0004209090 0.0185852250
-0.0002984080 -0.0004776562 0.0185808179
-0.0001748430 -0.0004971785 0.0185772846
-0.0000512636 -0.0004775651 0.0185749708
0.0000602334 -0.0004207358 0.0185741031
0.0001487340 -0.0003322534 0.0185747664
0.0002055750 -0.0002207793 0.0185768957
