-0.000171675001261 0.000102604551274 -0.0187435897436
-0.000193443326067 5.07905463653e-05 -0.0173076923077
-0.000199936635262 -5.0340719064e-06 -0.0158717948718
-0.000190642192629 -6.0461180848e-05 -0.0144358974359
-0.000166293922461 -0.000111114046604 -0.013
-0.000128814456126 -0.000152992927591 -0.0115641025641
-8.11633138372e-05 -0.000182790909202 -0.0101282051282
-2.71032097555e-05 -0.000198155030269 -0.00869230769231
2.90970661303e-05 -0.000197872081767 -0.00725641025641
8.29997277824e-05 -0.000181964406377 -0.00582051282051
0.000130348417461 -0.000151688134228 -0.00438461538462
0.000167404303805 -0.000109433994114 -0.00294871794872
0.000191241314078 -5.85385325214e-05 -0.00151282051282
0.000199977187923 -3.02064731628e-06 -7.69230769231e-05
0.000192922107749 5.27357596091e-05 0.00135897435897
0.000170633169331 0.000104327951787 0.00279487179487
0.000134870391426 0.000147682014872 0.00423076923077
8.84577380438e-05 0.000179374548307 0.00566666666667
3.5060127584e-05 0.000196902989956 0.00710256410256
-2.11059629627e-05 0.000198883227869 0.00853846153846
-7.56054469622e-05 0.000185158894978 0.00997435897436
-0.000124134839328 0.000156813716444 0.0114102564103
-0.000162862075955 0.000116085934616 0.0128461538462
-0.000188729107978 6.61915689636e-05 0.0142820512821
-0.000199693376855 1.1070467038e-05 0.0157179487179
-0.000194889102505 -4.49248007752e-05 0.0171538461538
-0.000174695648577 -9.737263665e-05 0.0185897435897
