0.000971631732915 0.000236498997024 -0.019848
0.000852311700541 0.000523034191159 -0.0196496
0.000650880225196 0.000759180434712 -0.0194512
0.000386743152288 0.00092218747235 -0.0192528
8.53473649056e-05 0.000996351256989 -0.0190544
-0.000224270760949 0.000974526872787 -0.018856
-0.000512282711756 0.000858816874098 -0.0186576
-0.000750941506147 0.000660368726051 -0.0184592
-0.000917254830427 0.000398300861232 -0.0182608
-0.000995200110891 9.78608158696e-05 -0.0180624
-0.000977268123568 -0.000212007109922 -0.017864
-0.000865186430516 -0.000501450336974 -0.0176656
-0.000669752947028 -0.000742583995213 -0.0174672
-0.000409795673853 -0.000912177343334 -0.0172688
-0.000110358813476 -0.000993891811159 -0.0170704
0.000199709980514 -0.000979855052384 -0.016872
0.000490538777371 -0.000871419363966 -0.0166736
0.000734109221658 -0.000679031406252 -0.0164752
0.000906955812864 -0.000421225774986 -0.0162768
0.000992426564388 -0.000122839384147 -0.0160784
0.000982287250729 0.000187381314586 -0.01588
0.000877514690197 0.000479549756009 -0.0156816
0.000688202638545 0.000725518523747 -0.0154832
0.000432589359686 0.000901591063557 -0.0152848
0.000135300557055 0.000990804601958 -0.0150864
-0.000175023058975 0.000984564334529 -0.014888
-0.000468485008181 0.000883471446686 -0.0146896
-0.000716813258051 0.000697265195663 -0.0144912
-0.00089608394257 0.000443884633512 -0.0142928
-0.000989026179995 0.000147740364437 -0.0140944
-0.000986685944208 -0.000162637165195 -0.013896
-0.000889288692792 -0.000457346281139 -0.0136976
-0.000706217646524 -0.000707994799231 -0.0134992
-0.000455109812809 -0.000890435319541 -0.0133008
-0.000160156841902 -0.000987091579334 -0.0131024
0.000150225589121 -0.000988651744738 -0.012904
0.000446135333818 -0.000894965509905 -0.0127056
0.000699064539826 -0.000715058577431 -0.0125072
0.000884646086452 -0.00046626312499 -0.0123088
0.000985001105469 -0.000172548028746 -0.0121104
0.000990461425697 0.000137790290685 -0.011912
0.000900501001589 0.000434853936556 -0.0117136
0.000723786592301 0.000690023890025 -0.0115152
0.000477342808819 0.000878717157491 -0.0113168
0.000184911968255 0.000982755088512 -0.0111184
-0.000125333233564 0.000992114701314 -0.01092
-0.000423503870816 0.000905894293725 -0.0107216
-0.000680874277454 0.000732400312877 -0.0105232
-0.000872649468905 0.000488347114684 -0.0103248
-0.000980353883133 0.000197246708021 -0.0101264
-0.00099361131052 -0.000112856384873 -0.009928
-0.000911144534652 -0.000412086928905 -0.0097296
-0.000740898378953 -0.000671617146941 -0.0095312
-0.00049927430488 -0.000866443978851 -0.0093328
-0.000209550300246 -0.000977797868512 -0.0091344
0.000100361714851 -0.000994951016981 -0.008936
0.000400604913692 -0.000916250895293 -0.0087376
0.000662253960295 -0.000749279448586 -0.0085392
0.000860101667249 -0.000510122653874 -0.0083408
0.000975087448273 -0.000221820802048 -0.0081424
0.000996133609143 8.78511965507e-05 -0.007944
0.000921212569297 0.000389059638319 -0.0077456
0.000757542198309 0.000652786196072 -0.0075472
0.000520890448588 0.000853623535623 -0.0073488
0.000234056275775 0.000972223050421 -0.0071504
-7.53268055279e-05 0.000997158900261 -0.006952
-0.000377452925918 0.000926028773158 -0.0067536
-0.00064321534934 0.000765685323336 -0.0065552
-0.000847010606945 0.000531575988662 -0.0063568
-0.00096920512728 0.000246254789303 -0.0061584
-0.000998026728428 -6.27905195293e-05 -0.00596
-0.00093069874634 -0.000365786609325 -0.0057616
-0.000773707537776 -0.000633542931449 -0.0055632
-0.000542177586725 -0.000840263925474 -0.0053648
-0.000258414416344 -0.000966034155413 -0.0051664
5.02443181798e-05 -0.000998736956606 -0.004968
0.000354062530786 -0.000935221751401 -0.0047696
0.000623770469785 -0.000781607574825 -0.0045712
0.000833384556588 -0.000552693568662 -0.0043728
0.000962710635555 -0.000270533236754 -0.0041744
0.000999289472641 3.76901826699e-05 -0.003976
0.000939597074106 0.00034228254167 -0.0037776
0.000789384186978 0.000613899507533 -0.0035792
0.000563122273878 0.00082637358662 -0.0033808
0.000282609336829 0.000959235092528 -0.0031824
-2.51300954433e-05 0.000999684189283 -0.002984
-0.000330448502171 0.000943824023541 -0.0027856
-0.000603931603431 0.000797036146217 -0.0025872
-0.000819232122682 0.000573462055558 -0.0023888
-0.000955608075159 0.000294640809614 -0.0021904
-0.000999921044204 -1.25660398833e-05 -0.001992
-0.000947901932221 -0.000318562281024 -0.0017936
-0.000804562244209 -0.000593868331529 -0.0015952
-0.000583711280933 -0.000811961292496 -0.0013968
-0.0003066257552 -0.000951830156198 -0.0011984
6.12323399574e-20 -0.001 -0.001
0.0003066257552 -0.000951830156198 -0.0008016
0.000583711280933 -0.000811961292496 -0.0006032
0.000804562244209 -0.000593868331529 -0.0004048
0.000947901932221 -0.000318562281024 -0.0002064
0.000999921044204 -1.25660398834e-05 -8.00000000001e-06
0.000955608075159 0.000294640809614 0.0001904
0.000819232122682 0.000573462055558 0.0003888
0.000603931603431 0.000797036146217 0.0005872
0.000330448502171 0.000943824023541 0.0007856
2.51300954433e-05 0.000999684189283 0.000984
-0.000282609336829 0.000959235092528 0.0011824
-0.000563122273878 0.00082637358662 0.0013808
-0.000789384186978 0.000613899507533 0.0015792
-0.000939597074106 0.00034228254167 0.0017776
-0.000999289472641 3.76901826699e-05 0.001976
-0.000962710635555 -0.000270533236754 0.0021744
-0.000833384556588 -0.000552693568662 0.0023728
-0.000623770469785 -0.000781607574825 0.0025712
-0.000354062530786 -0.000935221751401 0.0027696
-5.02443181798e-05 -0.000998736956606 0.002968
0.000258414416344 -0.000966034155414 0.0031664
0.000542177586725 -0.000840263925474 0.0033648
0.000773707537775 -0.000633542931449 0.0035632
0.00093069874634 -0.000365786609325 0.0037616
0.000998026728428 -6.27905195293e-05 0.00396
0.00096920512728 0.000246254789303 0.0041584
0.000847010606945 0.000531575988662 0.0043568
0.00064321534934 0.000765685323336 0.0045552
0.000377452925918 0.000926028773158 0.0047536
7.53268055279e-05 0.000997158900261 0.004952
-0.000234056275775 0.000972223050421 0.0051504
-0.000520890448588 0.000853623535623 0.0053488
-0.000757542198309 0.000652786196072 0.0055472
-0.000921212569297 0.000389059638319 0.0057456
-0.000996133609143 8.78511965508e-05 0.005944
-0.000975087448273 -0.000221820802048 0.0061424
-0.000860101667249 -0.000510122653874 0.0063408
-0.000662253960295 -0.000749279448586 0.0065392
-0.000400604913692 -0.000916250895293 0.0067376
-0.000100361714851 -0.000994951016981 0.006936
0.000209550300246 -0.000977797868512 0.0071344
0.00049927430488 -0.000866443978851 0.0073328
0.000740898378953 -0.000671617146941 0.0075312
0.000911144534652 -0.000412086928905 0.0077296
0.00099361131052 -0.000112856384873 0.007928
0.000980353883133 0.000197246708021 0.0081264
0.000872649468905 0.000488347114684 0.0083248
0.000680874277454 0.000732400312877 0.0085232
0.000423503870816 0.000905894293725 0.0087216
0.000125333233564 0.000992114701314 0.00892
-0.000184911968255 0.000982755088512 0.0091184
-0.000477342808819 0.000878717157491 0.0093168
-0.000723786592301 0.000690023890025 0.0095152
-0.000900501001589 0.000434853936556 0.0097136
-0.000990461425697 0.000137790290685 0.009912
-0.000985001105469 -0.000172548028746 0.0101104
-0.000884646086452 -0.00046626312499 0.0103088
-0.000699064539826 -0.000715058577431 0.0105072
-0.000446135333818 -0.000894965509905 0.0107056
-0.000150225589121 -0.000988651744738 0.010904
0.000160156841902 -0.000987091579334 0.0111024
0.000455109812809 -0.000890435319541 0.0113008
0.000706217646524 -0.000707994799231 0.0114992
0.000889288692792 -0.000457346281139 0.0116976
0.000986685944208 -0.000162637165195 0.011896
0.000989026179995 0.000147740364437 0.0120944
0.00089608394257 0.000443884633512 0.0122928
0.000716813258051 0.000697265195663 0.0124912
0.000468485008181 0.000883471446686 0.0126896
0.000175023058975 0.000984564334529 0.012888
-0.000135300557055 0.000990804601958 0.0130864
-0.000432589359686 0.000901591063557 0.0132848
-0.000688202638545 0.000725518523747 0.0134832
-0.000877514690197 0.000479549756009 0.0136816
-0.000982287250729 0.000187381314586 0.01388
-0.000992426564388 -0.000122839384147 0.0140784
-0.000906955812864 -0.000421225774986 0.0142768
-0.000734109221658 -0.000679031406252 0.0144752
-0.000490538777371 -0.000871419363966 0.0146736
-0.000199709980514 -0.000979855052384 0.014872
0.000110358813476 -0.000993891811159 0.0150704
0.000409795673853 -0.000912177343334 0.0152688
0.000669752947028 -0.000742583995213 0.0154672
0.000865186430516 -0.000501450336974 0.0156656
0.000977268123568 -0.000212007109922 0.015864
0.000995200110891 9.78608158696e-05 0.0160624
0.000917254830427 0.000398300861232 0.0162608
0.000750941506147 0.000660368726051 0.0164592
0.000512282711756 0.000858816874098 0.0166576
0.000224270760949 0.000974526872787 0.016856
-8.53473649056e-05 0.000996351256989 0.0170544
-0.000386743152288 0.00092218747235 0.0172528
-0.000650880225196 0.000759180434712 0.0174512
-0.000852311700541 0.000523034191159 0.0176496
-0.000971631732915 0.000236498997024 0.017848
-0.000997345067674 -7.28204366034e-05 0.0180464
-0.00092697449018 -0.000375124372117 0.0182448
-0.000767299479885 -0.000641288942808 0.0184432
-0.0005337030774 -0.000845671937085 0.0186416
-0.000248689887165 -0.000968583161129 0.01884
6.02820091099e-05 -0.00099818138601 0.0190384
0.000363446355459 -0.000931615127992 0.0192368
0.000631596393462 -0.000775297359576 0.0194352
0.000838898632228 -0.000544287685738 0.0196336
0.000965381638833 -0.00026084150629 0.019832
