0.000196457450146 3.74762629171e-05 -0.0194
0.000176458245287 9.41407864331e-05 -0.01844
0.00014052999396 0.000142307135442 -0.01748
9.19159721243e-05 0.000177627289763 -0.01652
3.50046117951e-05 0.000196912866906 -0.01556
-2.50666467129e-05 0.000198422940263 -0.0146
-8.28751161987e-05 0.000182021194137 -0.01364
-0.000133202373487 0.000149188229085 -0.01268
-0.000171505331239 0.000102887906756 -0.01172
-0.000194326346583 4.72997994047e-05 -0.01076
-0.000199605345686 -1.25581039059e-05 -0.0098
-0.000186865788491 -7.12823757426e-05 -0.00884
-0.000157257686427 -0.000123571922618 -0.00788
-0.000113453789825 -0.000164706519526 -0.00692
-5.94083163154e-05 -0.000190972908949 -0.00596
1.22464679915e-20 -0.0002 -0.005
5.94083163154e-05 -0.000190972908949 -0.00404
0.000113453789825 -0.000164706519526 -0.00308
0.000157257686427 -0.000123571922618 -0.00212
0.000186865788491 -7.12823757427e-05 -0.00116
0.000199605345686 -1.25581039059e-05 -0.0002
0.000194326346583 4.72997994047e-05 0.00076
0.000171505331239 0.000102887906756 0.00172
0.000133202373487 0.000149188229085 0.00268
8.28751161987e-05 0.000182021194137 0.00364
2.50666467129e-05 0.000198422940263 0.0046
-3.50046117951e-05 0.000196912866906 0.00556
-9.19159721243e-05 0.000177627289763 0.00652
-0.00014052999396 0.000142307135442 0.00748
-0.000176458245287 9.41407864331e-05 0.00844
-0.000196457450146 3.74762629171e-05 0.0094
-0.000198722262104 -2.25712769747e-05 0.01036
-0.000183048234524 -8.05812871427e-05 0.01132
-0.000150850276147 -0.000131317151151 0.01228
-0.000105034925992 -0.000170198896359 0.01324
-4.9737977433e-05 -0.000193716632226 0.0142
1.0048863636e-05 -0.000199747391321 0.01516
6.89285846349e-05 -0.000187746771531 0.01612
0.000121586059539 -0.00015879807973 0.01708
0.000163267850143 -0.000115514540684 0.01804
0.000190211303259 -6.1803398875e-05 0.019
0.000199984208841 -2.51320797667e-06 0.01996
