-0.000515025003783 0.000307813653821 -0.0187435897436
-0.000580329978201 0.000152371639096 -0.0173076923077
-0.000599809905787 -1.51022157192e-05 -0.0158717948718
-0.000571926577888 -0.000181383542544 -0.0144358974359
-0.000498881767382 -0.000333342139812 -0.013
-0.000386443368378 -0.000458978782774 -0.0115641025641
-0.000243489941512 -0.000548372727607 -0.0101282051282
-8.13096292664e-05 -0.000594465090807 -0.00869230769231
8.72911983908e-05 -0.0005936162453 -0.00725641025641
0.000248999183347 -0.00054589321913 -0.00582051282051
0.000391045252382 -0.000455064402683 -0.00438461538462
0.000502212911414 -0.000328301982342 -0.00294871794872
0.000573723942234 -0.000175615597564 -0.00151282051282
0.00059993156377 -9.06194194883e-06 -7.69230769231e-05
0.000578766323248 0.000158207278827 0.00135897435897
0.000511899507994 0.00031298385536 0.00279487179487
0.000404611174278 0.000443046044615 0.00423076923077
0.000265373214131 0.00053812364492 0.00566666666667
0.000105180382752 0.000590708969869 0.00710256410256
-6.33178888881e-05 0.000596649683606 0.00853846153846
-0.000226816340887 0.000555476684935 0.00997435897436
-0.000372404517983 0.000470441149333 0.0114102564103
-0.000488586227865 0.000348257803847 0.0128461538462
-0.000566187323934 0.000198574706891 0.0142820512821
-0.000599080130564 3.32114011139e-05 0.0157179487179
-0.000584667307516 -0.000134774402326 0.0171538461538
-0.000524086945732 -0.00029211790995 0.0185897435897
