-0.000294002254239 0.000271224398797 -0.0194230769231
-0.000361380173844 0.000171477024561 -0.0188461538462
-0.000396032131184 5.6200988154e-05 -0.0182692307692
-0.000394820105055 -6.41645123431e-05 -0.0176923076923
-0.000357853854442 -0.000178719385801 -0.0171153846154
-0.000288480978938 -0.000277089741404 -0.0165384615385
-0.000192983765923 -0.000350367330227 -0.0159615384615
-8.00102775104e-05 -0.000391916260817 -0.0153846153846
4.02088029742e-05 -0.000397973934025 -0.0148076923077
0.000156786643944 -0.000367991777464 -0.0142307692308
0.000259166158152 -0.000304684923271 -0.0136538461538
0.000338076034218 -0.000213786330451 -0.0130769230769
0.000386370330516 -0.000103527618041 -0.0125
0.000399675599269 1.61063760438e-05 -0.0119230769231
0.000376786938397 0.000134281804627 -0.0113461538462
0.000319777105361 0.000240296905695 -0.0107692307692
0.000233808811844 0.000324551135423 -0.0101923076923
0.000126667197521 0.000379414576779 -0.00961538461538
8.05482130618e-06 0.000399918891594 -0.00903846153846
-0.000111286985567 0.000384207244653 -0.00846153846154
-0.000220550835889 0.000333702455473 -0.00788461538462
-0.000309841984731 0.000252978150238 -0.00730769230769
-0.000371074380398 0.000149344582133 -0.00673076923077
-0.000398702923254 3.21866274867e-05 -0.00615384615385
-0.000390225620339 -8.78860923649e-05 -0.00557692307692
-0.000346410161514 -0.0002 -0.005
-0.000271224398797 -0.000294002254239 -0.00442307692308
-0.000171477024561 -0.000361380173844 -0.00384615384615
-5.6200988154e-05 -0.000396032131184 -0.00326923076923
6.41645123431e-05 -0.000394820105055 -0.00269230769231
0.000178719385801 -0.000357853854442 -0.00211538461538
0.000277089741404 -0.000288480978938 -0.00153846153846
0.000350367330227 -0.000192983765923 -0.000961538461538
0.000391916260817 -8.00102775104e-05 -0.000384615384615
0.000397973934025 4.02088029742e-05 0.000192307692308
0.000367991777464 0.000156786643944 0.000769230769231
0.000304684923271 0.000259166158152 0.00134615384615
0.000213786330451 0.000338076034218 0.00192307692308
0.000103527618041 0.000386370330516 0.0025
-1.61063760438e-05 0.000399675599269 0.00307692307692
-0.000134281804627 0.000376786938397 0.00365384615385
-0.000240296905695 0.000319777105361 0.00423076923077
-0.000324551135423 0.000233808811844 0.00480769230769
-0.000379414576779 0.000126667197521 0.00538461538462
-0.000399918891594 8.05482130618e-06 0.00596153846154
-0.000384207244653 -0.000111286985567 0.00653846153846
-0.000333702455473 -0.000220550835889 0.00711538461538
-0.000252978150238 -0.000309841984731 0.00769230769231
-0.000149344582133 -0.000371074380398 0.00826923076923
-3.21866274867e-05 -0.000398702923254 0.00884615384615
8.78860923649e-05 -0.000390225620339 0.00942307692308
0.0002 -0.000346410161514 0.01
0.000294002254239 -0.000271224398797 0.0105769230769
0.000361380173844 -0.000171477024561 0.0111538461538
0.000396032131184 -5.6200988154e-05 0.0117307692308
0.000394820105055 6.41645123431e-05 0.0123076923077
0.000357853854442 0.000178719385801 0.0128846153846
0.000288480978938 0.000277089741404 0.0134615384615
0.000192983765923 0.000350367330227 0.0140384615385
8.00102775104e-05 0.000391916260817 0.0146153846154
-4.02088029742e-05 0.000397973934025 0.0151923076923
-0.000156786643944 0.000367991777464 0.0157692307692
-0.000259166158152 0.000304684923271 0.0163461538462
-0.000338076034218 0.000213786330451 0.0169230769231
-0.000386370330516 0.000103527618041 0.0175
-0.000399675599269 -1.61063760438e-05 0.0180769230769
-0.000376786938397 -0.000134281804627 0.0186538461538
-0.000319777105361 -0.000240296905695 0.0192307692308
-0.000233808811844 -0.000324551135423 0.0198076923077
