-0.0008085147 0.0005126904 -0.0187398703
-0.0009082354 0.0005133551 -0.0187473092
-0.0009172291 0.0002538459 -0.0173065828
-0.0010172042 0.0002540596 -0.0173088018
-0.0009497086 -0.0000250185 -0.0158733830
-0.0010496577 -0.0000253222 -0.0158702068
-0.0009033857 -0.0003019425 -0.0144400577
-0.0010030363 -0.0003026694 -0.0144317371
-0.0007818836 -0.0005551077 -0.0130064040
-0.0008810557 -0.0005560328 -0.0129935960
-0.0005947414 -0.0007645462 -0.0115722445
-0.0006934031 -0.0007653831 -0.0115559606
-0.0003566778 -0.0009137098 -0.0101374422
-0.0004549553 -0.0009141993 -0.0101189681
-0.0000864468 -0.0009907798 -0.0087019104
-0.0001845853 -0.0009907705 -0.0086827050
0.0001946291 -0.0009896131 -0.0072656204
0.0000963416 -0.0009891077 -0.0072472001
0.0004643380 -0.0009102445 -0.0058286031
0.0003656593 -0.0009093996 -0.0058124225
0.0007013374 -0.0007589021 -0.0043909470
0.0006021467 -0.0007579792 -0.0043782838
0.0008868541 -0.0005475275 -0.0029527909
0.0007871890 -0.0005468124 -0.0029446450
0.0010061841 -0.0002928356 -0.0015143132
0.0009062291 -0.0002925497 -0.0015113278
0.0010498713 -0.0000149873 -0.0000757176
0.0009499006 -0.0000152192 -0.0000781285
0.0010144641 0.0002640177 0.0013627828
0.0009147569 0.0002633399 0.0013551659
0.0009027889 0.0005220967 0.0028009824
0.0008035428 0.0005211828 0.0027887612
0.0007237171 0.0007388436 0.0042386996
0.0006249868 0.0007379766 0.0042228389
0.0004914484 0.0008971486 0.0056757905
0.0003931290 0.0008965969 0.0056575428
0.0002243710 0.0009845477 0.0071121610
0.0001262303 0.0009844822 0.0070929672
-0.0000564051 0.0009941957 0.0085477736
-0.0001546545 0.0009946366 0.0085291494
-0.0003287213 0.0009253891 0.0099826510
-0.0004273332 0.0009261998 0.0099660670
-0.0005711162 0.0007836038 0.0114168736
-0.0006702322 0.0007845334 0.0114036392
-0.0007645076 0.0005800493 0.0128505736
-0.0008641132 0.0005808100 0.0128417341
-0.0008936810 0.0003307797 0.0142839247
-0.0009936101 0.0003311359 0.0142801779
-0.0009484737 0.0000554316 0.0157171278
-0.0010484601 0.0000552731 0.0157187696
-0.0009245657 -0.0002243119 0.0171503958
-0.0010243253 -0.0002249361 0.0171572965
-0.0008238187 -0.0004864149 0.0185839362
-0.0009231378 -0.0004873115 0.0185955510
-0.0007087939 0.0005120256 -0.0187324313
-0.0007658923 0.0006278201 -0.0187158674
-0.0008926321 0.0006571698 -0.0187201789
-0.0009935755 0.0005779739 -0.0187421193
-0.0009927102 0.0004498684 -0.0187651670
-0.0008906878 0.0003693194 -0.0187719666
-0.0007643331 0.0003969820 -0.0187573978
-0.0008172539 0.0002536323 -0.0173043639
-0.0008739670 0.0003688736 -0.0172832445
-0.0010008989 0.0003975772 -0.0172805348
-0.0011024674 0.0003181286 -0.0172982753
-0.0011021893 0.0001903543 -0.0173231070
-0.0010002740 0.0001104709 -0.0173363311
-0.0008734658 0.0001386323 -0.0173279896
-0.0008497595 -0.0000247149 -0.0158765592
-0.0009058512 0.0000902648 -0.0158525521
-0.0010326003 0.0001183195 -0.0158430352
-0.0011345621 0.0000383234 -0.0158551750
-0.0011349573 -0.0000894848 -0.0158798298
-0.0010334884 -0.0001688629 -0.0158984342
-0.0009065634 -0.0001400376 -0.0158969786
-0.0008037351 -0.0003012156 -0.0144483783
-0.0008591618 -0.0001861248 -0.0144233792
-0.0009854095 -0.0001585208 -0.0144078066
-0.0010874110 -0.0002391899 -0.0144133870
-0.0010883572 -0.0003673867 -0.0144359182
-0.0009875355 -0.0004465763 -0.0144584337
-0.0008608667 -0.0004171274 -0.0144639790
-0.0006827115 -0.0005541826 -0.0130192119
-0.0007376355 -0.0004386426 -0.0129951948
-0.0008632185 -0.0004111515 -0.0129747962
-0.0009648940 -0.0004924107 -0.0129733765
-0.0009660981 -0.0006212303 -0.0129920049
-0.0008659243 -0.0007006065 -0.0130166538
-0.0007398054 -0.0006707675 -0.0130287620
-0.0004960797 -0.0007637093 -0.0115885284
-0.0005508190 -0.0006475210 -0.0115673899
-0.0006757799 -0.0006197701 -0.0115437759
-0.0007768643 -0.0007013537 -0.0115354683
-0.0007779536 -0.0008308376 -0.0115487229
-0.0006782276 -0.0009107178 -0.0115735587
-0.0005527819 -0.0008808429 -0.0115912738
-0.0002584003 -0.0009132202 -0.0101559162
-0.0003133299 -0.0007963852 -0.0101393253
-0.0004379039 -0.0007680822 -0.0101143607
-0.0005383154 -0.0008496241 -0.0100998212
-0.0005389526 -0.0009796081 -0.0101066554
-0.0004393357 -0.0010601537 -0.0101297170
-0.0003144781 -0.0010306083 -0.0101516401
0.0000116916 -0.0009907892 -0.0087211158
-0.0000437446 -0.0008735092 -0.0087103827
-0.0001682865 -0.0008445329 -0.0086860387
-0.0002681517 -0.0009256800 -0.0086664154
-0.0002681395 -0.0010558450 -0.0086662895
-0.0001682591 -0.0011370111 -0.0086857559
-0.0000437226 -0.0011080586 -0.0087101559
0.0002929166 -0.0009901185 -0.0072840406
0.0002368146 -0.0008727332 -0.0072800128
0.0001119397 -0.0008431706 -0.0072582117
0.0000123254 -0.0009236919 -0.0072350541
0.0000129832 -0.0010536629 -0.0072279781
0.0001134178 -0.0011352128 -0.0072423121
0.0002379999 -0.0011069329 -0.0072672623
0.0005630166 -0.0009110894 -0.0058447837
0.0005062955 -0.0007939711 -0.0058477791
0.0003808259 -0.0007640909 -0.0058302425
0.0002810892 -0.0008439492 -0.0058053792
0.0002821889 -0.0009734111 -0.0057919119
0.0003832971 -0.0010549891 -0.0057999816
0.0005082772 -0.0010272534 -0.0058235118
0.0008005281 -0.0007598249 -0.0044036102
0.0007434264 -0.0006432631 -0.0044133924
0.0006172845 -0.0006134323 -0.0044015050
0.0005170899 -0.0006927958 -0.0043768993
0.0005182911 -0.0008215912 -0.0043581040
0.0006199836 -0.0009028329 -0.0043592723
0.0007455909 -0.0008753444 -0.0043795244
0.0009865192 -0.0005482425 -0.0029609367
0.0009293932 -0.0004323544 -0.0029767334
0.0008027095 -0.0004029248 -0.0029714338
0.0007018634 -0.0004821147 -0.0029490287
0.0007027942 -0.0006102926 -0.0029263896
0.0008048008 -0.0006909378 -0.0029205642
0.0009310704 -0.0006633230 -0.0029359391
0.0011061391 -0.0002931214 -0.0015172985
0.0010493527 -0.0001778157 -0.0015378621
0.0009224254 -0.0001490147 -0.0015395689
0.0008209360 -0.0002284061 -0.0015211336
0.0008213081 -0.0003562066 -0.0014964384
0.0009232615 -0.0004361798 -0.0014840792
0.0010500232 -0.0004081043 -0.0014933629
0.0011498419 -0.0000147555 -0.0000733067
0.0010936539 0.0001002395 -0.0000970135
0.0009668566 0.0001283791 -0.0001055918
0.0008649311 0.0000484735 -0.0000925820
0.0008646294 -0.0000793066 -0.0000677807
0.0009661785 -0.0001587403 -0.0000498638
0.0010931101 -0.0001300123 -0.0000523231
0.0011141713 0.0002646954 0.0013703996
0.0010586550 0.0003797476 0.0013454215
0.0009323213 0.0004073975 0.0013306490
0.0008303020 0.0003268244 0.0013372060
0.0008294198 0.0001987013 0.0013601551
0.0009303390 0.0001195076 0.0013822150
0.0010570653 0.0001488778 0.0013867742
0.0010020351 0.0005230105 0.0028132037
0.0009470560 0.0006384700 0.0027889268
0.0008213757 0.0006659539 0.0027691265
0.0007196340 0.0005847663 0.0027687130
0.0007184445 0.0004560432 0.0027879976
0.0008187029 0.0003767156 0.0028124586
0.0009449126 0.0004065188 0.0028236764
0.0008224475 0.0007397105 0.0042545603
0.0007677047 0.0008558013 0.0042329014
0.0006426654 0.0008834942 0.0042096370
0.0005414867 0.0008019357 0.0042022856
0.0005403582 0.0006725412 0.0042163829
0.0006401298 0.0005927472 0.0042413134
0.0007656713 0.0006226404 0.0042583040
0.0005897679 0.0008977002 0.0056940382
0.0005348874 0.0010144510 0.0056767077
0.0004102782 0.0010426630 0.0056518162
0.0003097735 0.0009610919 0.0056381073
0.0003090555 0.0008311625 0.0056459043
0.0004086647 0.0007507142 0.0056693357
0.0005335935 0.0007803263 0.0056907573
0.0003225117 0.0009846133 0.0071313547
0.0002671621 0.0011018483 0.0071197211
0.0001426390 0.0011307289 0.0070951680
0.0000427107 0.0010495074 0.0070761842
0.0000426254 0.0009193453 0.0070770651
0.0001424472 0.0008382573 0.0070971472
0.0002670083 0.0008673042 0.0071213084
0.0000418443 0.0009937549 0.0085663979
-0.0000141606 0.0011111484 0.0085613798
-0.0001389683 0.0011406401 0.0085391038
-0.0002385962 0.0010600222 0.0085163442
-0.0002380224 0.0009300016 0.0085102394
-0.0001376789 0.0008484864 0.0085253864
-0.0000131266 0.0008768593 0.0085503793
-0.0002301093 0.0009245784 0.0099992350
-0.0002867527 0.0010417556 0.0100012287
-0.0004121277 0.0010716118 0.0099829889
-0.0005118243 0.0009916645 0.0099582506
-0.0005107690 0.0008621158 0.0099456422
-0.0004097564 0.0007805184 0.0099546581
-0.0002848511 0.0008083169 0.0099785092
-0.0004720001 0.0007826741 0.0114301079
-0.0005290677 0.0008993273 0.0114389559
-0.0006551168 0.0009291884 0.0114261926
-0.0007552299 0.0008497712 0.0114014290
-0.0007540199 0.0007208787 0.0113833127
-0.0006523978 0.0006395694 0.0113854855
-0.0005268872 0.0006670710 0.0114063113
-0.0006649019 0.0005792887 0.0128594132
-0.0007220478 0.0006952723 0.0128744169
-0.0008486693 0.0007247771 0.0128681379
-0.0009494178 0.0006455853 0.0128453045
-0.0009484277 0.0005173301 0.0128231107
-0.0008464445 0.0004365901 0.0128182689
-0.0007202636 0.0004641643 0.0128344250
-0.0007937518 0.0003304235 0.0142876715
-0.0008506061 0.0004457993 0.0143076461
-0.0009775209 0.0004746971 0.0143083472
-0.0010789269 0.0003953563 0.0142892470
-0.0010784633 0.0002675222 0.0142647282
-0.0009764791 0.0001874563 0.0142532541
-0.0008497706 0.0002154501 0.0142634648
-0.0008484873 0.0000555902 0.0157154861
-0.0009047702 0.0001706081 0.0157388542
-0.0010316086 0.0001988361 0.0157464801
-0.0011334906 0.0001190179 0.0157326213
-0.0011336970 -0.0000087418 0.0157077137
-0.0010320724 -0.0000882373 0.0156905133
-0.0009051421 -0.0000596068 0.0156939723
-0.0008248060 -0.0002236877 0.0171434950
-0.0008804148 -0.0001086668 0.0171684116
-0.0010068306 -0.0000809641 0.0171823601
-0.0011088598 -0.0001614402 0.0171748370
-0.0011096723 -0.0002894950 0.0171515074
-0.0010086563 -0.0003687006 0.0171299389
-0.0008818789 -0.0003394136 0.0171263731
-0.0007244995 -0.0004855183 0.0185723214
-0.0007795400 -0.0003701346 0.0185968188
-0.0009053179 -0.0003426500 0.0186159885
-0.0010071199 -0.0004237608 0.0186153952
-0.0010082870 -0.0005523890 0.0185954857
-0.0009079403 -0.0006316749 0.0185712523
-0.0007816430 -0.0006019146 0.0185609432
-0.0006121809 -0.0008263215 0.0199977875
-0.0006090732 0.0005113608 -0.0187249924
-0.0006384016 0.0006258936 -0.0187065511
-0.0007181232 0.0007145691 -0.0186965949
-0.0008299748 0.0007570727 -0.0186974046
-0.0009483326 0.0007436674 -0.0187087948
-0.0010460821 0.0006774242 -0.0187281561
-0.0011008303 0.0005735186 -0.0187510531
-0.0011000348 0.0004557542 -0.0187722403
-0.0010438780 0.0003511093 -0.0187868640
-0.0009452247 0.0002835568 -0.0187915741
-0.0008266752 0.0002685722 -0.0187852916
-0.0007153877 0.0003095883 -0.0187694557
-0.0006368569 0.0003972088 -0.0187476942
-0.0007172788 0.0002534186 -0.0173021449
-0.0007461558 0.0003675266 -0.0172806164
-0.0008256753 0.0004556162 -0.0172652907
-0.0009376202 0.0004975071 -0.0172596787
-0.0010563452 0.0004836027 -0.0172650661
-0.0011546520 0.0004170882 -0.0172802186
-0.0012100196 0.0003132013 -0.0173016649
-0.0012097639 0.0001957413 -0.0173244921
-0.0011539436 0.0000916169 -0.0173434707
-0.0010553464 0.0000246816 -0.0173542528
-0.0009365597 0.0000102696 -0.0173543685
-0.0008247962 0.0000516824 -0.0173437913
-0.0007456594 0.0001394330 -0.0173249442
-0.0007498105 -0.0000244113 -0.0158797354
-0.0007780791 0.0000895789 -0.0158568198
-0.0008571146 0.0001772814 -0.0158373348
-0.0009688108 0.0002186046 -0.0158257442
-0.0010875795 0.0002040819 -0.0158247033
-0.0011862122 0.0001370403 -0.0158344504
-0.0012421134 0.0000328382 -0.0158527528
-0.0012424767 -0.0000846530 -0.0158754174
-0.0011872190 -0.0001885174 -0.0158972522
-0.0010889990 -0.0002549610 -0.0159132550
-0.0009703179 -0.0002687623 -0.0159197598
-0.0008583640 -0.0002267597 -0.0159152764
-0.0007787846 -0.0001385753 -0.0159008319
-0.0007040845 -0.0003004887 -0.0144566989
-0.0007317759 -0.0001862729 -0.0144342057
-0.0008101954 -0.0000986389 -0.0144121000
-0.0009213781 -0.0000576626 -0.0143954460
-0.0010398533 -0.0000727311 -0.0143880590
-0.0011384797 -0.0001403924 -0.0143916312
-0.0011946634 -0.0002451462 -0.0144053442
-0.0011955332 -0.0003629945 -0.0144260566
-0.0011408899 -0.0004669399 -0.0144490235
-0.0010432516 -0.0005331695 -0.0144689833
-0.0009249861 -0.0005465111 -0.0144813635
-0.0008131866 -0.0005039083 -0.0144833280
-0.0007334649 -0.0004151207 -0.0144744268
-0.0005835394 -0.0005532575 -0.0130320198
-0.0006108635 -0.0004385425 -0.0130117251
-0.0006887258 -0.0003506373 -0.0129887443
-0.0007992890 -0.0003096796 -0.0129683421
-0.0009172244 -0.0003250526 -0.0129551923
-0.0010155144 -0.0003932344 -0.0129523074
-0.0010716419 -0.0004986053 -0.0129603483
-0.0010727489 -0.0006170263 -0.0129774729
-0.0010185817 -0.0007213684 -0.0129997583
-0.0009215493 -0.0007877281 -0.0130220990
-0.0008038808 -0.0008009033 -0.0130393771
-0.0006925326 -0.0007578756 -0.0130476344
-0.0006130131 -0.0006685022 -0.0130449792
-0.0003974180 -0.0007628724 -0.0116048123
-0.0004246985 -0.0006475393 -0.0115883187
-0.0005022348 -0.0005591069 -0.0115662774
-0.0006122644 -0.0005178340 -0.0115437379
-0.0007295809 -0.0005331758 -0.0115258637
-0.0008273083 -0.0006016176 -0.0115167495
-0.0008830585 -0.0007074802 -0.0115184834
-0.0008840599 -0.0008265119 -0.0115306681
-0.0008300830 -0.0009314438 -0.0115505122
-0.0007334933 -0.0009982373 -0.0115734697
-0.0006164183 -0.0010115909 -0.0115942813
-0.0005056785 -0.0009684454 -0.0116081793
-0.0004266431 -0.0008786849 -0.0116119799
-0.0001601228 -0.0009127307 -0.0101743903
-0.0001876968 -0.0007968517 -0.0101630001
-0.0002652394 -0.0007077996 -0.0101436388
-0.0003749865 -0.0006659751 -0.0101207418
-0.0004917965 -0.0006809597 -0.0100995546
-0.0005889094 -0.0007493206 -0.0100849309
-0.0006440780 -0.0008553972 -0.0100802208
-0.0006446638 -0.0009748885 -0.0100865033
-0.0005905326 -0.0010804206 -0.0101023392
-0.0004940851 -0.0011478174 -0.0101241007
-0.0003774164 -0.0011616390 -0.0101468025
-0.0002672538 -0.0011187190 -0.0101652438
-0.0001888343 -0.0010288900 -0.0101752000
0.0001098300 -0.0009907986 -0.0087403213
0.0000817162 -0.0008746152 -0.0087349339
0.0000038371 -0.0007850426 -0.0087197814
-0.0001059661 -0.0007426009 -0.0086983351
-0.0002225389 -0.0007570129 -0.0086755079
-0.0003191758 -0.0008249770 -0.0086565293
-0.0003737384 -0.0009309235 -0.0086457472
-0.0003737272 -0.0010505813 -0.0086456315
-0.0003191447 -0.0011565382 -0.0086562087
-0.0002224951 -0.0012245208 -0.0086750558
-0.0001059196 -0.0012389551 -0.0086978551
0.0000038757 -0.0011965343 -0.0087193836
0.0000817380 -0.0011069766 -0.0087347093
0.0003912042 -0.0009906239 -0.0073024609
0.0003624714 -0.0008744716 -0.0073035018
0.0002840297 -0.0007846390 -0.0072937547
0.0001738492 -0.0007417056 -0.0072754524
0.0000571709 -0.0007555070 -0.0072527877
-0.0000392757 -0.0008228813 -0.0072309530
-0.0000933957 -0.0009283940 -0.0072149502
-0.0000927910 -0.0010478734 -0.0072084454
-0.0000376000 -0.0011539481 -0.0072129288
0.0000595336 -0.0012223178 -0.0072273732
0.0001763577 -0.0012373198 -0.0072484697
0.0002861093 -0.0011955172 -0.0072713853
0.0003636457 -0.0011064867 -0.0072908703
0.0006616953 -0.0009119343 -0.0058609642
0.0006324560 -0.0007961393 -0.0058683512
0.0005533999 -0.0007063876 -0.0058647791
0.0004426377 -0.0006632402 -0.0058510660
0.0003255438 -0.0006765818 -0.0058303536
0.0002289429 -0.0007433560 -0.0058073868
0.0001749651 -0.0008482654 -0.0057874270
0.0001759761 -0.0009672768 -0.0057750468
0.0002317443 -0.0010731260 -0.0057730822
0.0003294938 -0.0011415642 -0.0057819835
0.0004468315 -0.0011569130 -0.0057997114
0.0005568767 -0.0011156563 -0.0058222046
0.0006344193 -0.0010272455 -0.0058443103
0.0008997188 -0.0007607478 -0.0044162733
0.0008702424 -0.0006455253 -0.0044294231
0.0007907102 -0.0005561704 -0.0044323080
0.0006793421 -0.0005131531 -0.0044242671
0.0005616511 -0.0005263283 -0.0044071424
0.0004645990 -0.0005926776 -0.0043848571
0.0004104190 -0.0006970013 -0.0043625164
0.0004115233 -0.0008153999 -0.0043452383
0.0004676587 -0.0009207499 -0.0043369810
0.0005659655 -0.0009889168 -0.0043396362
0.0006839227 -0.0010042844 -0.0043525956
0.0007945076 -0.0009633322 -0.0043728903
0.0008723867 -0.0008754417 -0.0043958711
0.0010861843 -0.0005489576 -0.0029690826
0.0010568134 -0.0004343458 -0.0029869568
0.0009770909 -0.0003455807 -0.0029960710
0.0008652802 -0.0003029972 -0.0029943371
0.0007469957 -0.0003163508 -0.0029821525
0.0006493351 -0.0003825823 -0.0029623083
0.0005946712 -0.0004865188 -0.0029393508
0.0005955268 -0.0006043498 -0.0029185392
0.0006517059 -0.0007090816 -0.0029046412
0.0007503386 -0.0007767214 -0.0029008406
0.0008688293 -0.0007917737 -0.0029080082
0.0009800333 -0.0007507902 -0.0029245018
0.0010584749 -0.0006631599 -0.0029465431
0.0012060941 -0.0002934073 -0.0015202838
0.0011771389 -0.0001792552 -0.0015414710
0.0010975707 -0.0000910903 -0.0015560948
0.0009856178 -0.0000491101 -0.0015608049
0.0008669270 -0.0000629317 -0.0015545223
0.0007686892 -0.0001293887 -0.0015386864
0.0007134093 -0.0002332568 -0.0015169249
0.0007137513 -0.0003507408 -0.0014942232
0.0007696369 -0.0004549268 -0.0014757819
0.0008682634 -0.0005219468 -0.0014658256
0.0009870366 -0.0005364475 -0.0014666354
0.0010987470 -0.0004951069 -0.0014780256
0.0011778031 -0.0004073956 -0.0014973869
0.0012498126 -0.0000145236 -0.0000708957
0.0012214544 0.0000994620 -0.0000937229
0.0011423375 0.0001872021 -0.0001127014
0.0010305867 0.0002285965 -0.0001234836
0.0009118027 0.0002141623 -0.0001235993
0.0008131975 0.0001472060 -0.0001130220
0.0007573604 0.0000430667 -0.0000941749
0.0007570830 -0.0000743987 -0.0000713757
0.0008124288 -0.0001782802 -0.0000498472
0.0009107188 -0.0002447798 -0.0000345215
0.0010294359 -0.0002586633 -0.0000289095
0.0011413835 -0.0002167501 -0.0000342968
0.0012209156 -0.0001286420 -0.0000494493
0.0012138785 0.0002653732 0.0013780165
0.0011861138 0.0003795373 0.0013553518
0.0011076054 0.0004671595 0.0013335171
0.0009963385 0.0005081668 0.0013175143
0.0008778032 0.0004931649 0.0013110095
0.0007791544 0.0004255904 0.0013154929
0.0007229913 0.0003209239 0.0013299373
0.0007221803 0.0002031433 0.0013510338
0.0007769072 0.0000992306 0.0013739494
0.0008746346 0.0000329911 0.0013934344
0.0009929744 0.0000195992 0.0014050250
0.0011048164 0.0000621231 0.0014060660
0.0011845389 0.0001508210 0.0013963188
0.0011012813 0.0005239243 0.0028254250
0.0010739229 0.0006385564 0.0028047126
0.0009959917 0.0007264042 0.0027817458
0.0008853408 0.0007673430 0.0027617860
0.0007673190 0.0007519942 0.0027494057
0.0006689637 0.0006838739 0.0027474412
0.0006128069 0.0005785877 0.0027563425
0.0006117134 0.0004602554 0.0027740703
0.0006659338 0.0003559856 0.0027965636
0.0007630468 0.0002896651 0.0028186692
0.0008808050 0.0002764872 0.0028353232
0.0009922313 0.0003194708 0.0028427102
0.0010717995 0.0004087689 0.0028391380
0.0009211779 0.0007405775 0.0042704209
0.0008939127 0.0008558222 0.0042532963
0.0008163488 0.0009441693 0.0042310110
0.0007062551 0.0009853794 0.0042086703
0.0005888528 0.0009700118 0.0041913922
0.0004910373 0.0009015870 0.0041831349
0.0004352170 0.0007957804 0.0041857900
0.0004341796 0.0006768309 0.0041987494
0.0004881628 0.0005719885 0.0042190441
0.0005847997 0.0005052713 0.0042420249
0.0007019520 0.0004919633 0.0042624272
0.0008127814 0.0005351133 0.0042755770
0.0008918982 0.0006248362 0.0042784619
0.0006880874 0.0008982519 0.0057122858
0.0006605735 0.0010140643 0.0057001012
0.0005830533 0.0011030296 0.0056802571
0.0004732855 0.0011447668 0.0056572996
0.0003564168 0.0011297145 0.0056364880
0.0002592203 0.0010613209 0.0056225899
0.0002039625 0.0009552543 0.0056187893
0.0002033024 0.0008358131 0.0056259569
0.0002573912 0.0007303600 0.0056424505
0.0003538378 0.0006630529 0.0056644918
0.0004705474 0.0006493112 0.0056870313
0.0005807832 0.0006922828 0.0057049055
0.0006592917 0.0007821235 0.0057140197
0.0004206524 0.0009846788 0.0071505485
0.0003926250 0.0011008382 0.0071442659
0.0003148112 0.0011903493 0.0071284300
0.0002050372 0.0012327062 0.0071066685
0.0000884509 0.0012182055 0.0070839668
-0.0000082391 0.0011501691 0.0070655254
-0.0000628824 0.0010441834 0.0070555692
-0.0000629608 0.0009245283 0.0070563790
-0.0000084564 0.0008186154 0.0070677691
0.0000881445 0.0007507082 0.0070871305
0.0002047118 0.0007363632 0.0071100274
0.0003145414 0.0007788668 0.0071312146
0.0003924727 0.0008684820 0.0071458383
0.0001400937 0.0009933140 0.0085850221
0.0001114468 0.0011094921 0.0085851378
0.0000330932 0.0011993076 0.0085745605
-0.0000770173 0.0012421850 0.0085557134
-0.0001936596 0.0012283015 0.0085329141
-0.0002901125 0.0011608377 0.0085113857
-0.0003442797 0.0010552487 0.0084960600
-0.0003437522 0.0009357237 0.0084904480
-0.0002886508 0.0008296445 0.0084958353
-0.0001915986 0.0007613124 0.0085109878
-0.0000748291 0.0007463816 0.0085324342
0.0000349073 0.0007882725 0.0085552614
0.0001124712 0.0008773885 0.0085742399
-0.0001314974 0.0009237676 0.0100158191
-0.0001606779 0.0010396304 0.0100223239
-0.0002396504 0.0011294147 0.0100178405
-0.0003503234 0.0011725522 0.0100033960
-0.0004673431 0.0011591603 0.0099822995
-0.0005639015 0.0010923072 0.0099593839
-0.0006178784 0.0009873080 0.0099398989
-0.0006169083 0.0008682169 0.0099283083
-0.0005612134 0.0007623160 0.0099272674
-0.0004635528 0.0006938661 0.0099370145
-0.0003462993 0.0006785482 0.0099553169
-0.0002363143 0.0007198714 0.0099779815
-0.0001587940 0.0008083691 0.0099998163
-0.0003728841 0.0007817445 0.0114433422
-0.0004023470 0.0008970557 0.0114557225
-0.0004818261 0.0009864828 0.0114576870
-0.0005931135 0.0010295394 0.0114487857
-0.0007107148 0.0010163615 0.0114310579
-0.0008076889 0.0009499681 0.0114085646
-0.0008618201 0.0008455691 0.0113864590
-0.0008607078 0.0007270811 0.0113698050
-0.0008046066 0.0006216483 0.0113624180
-0.0007063687 0.0005534239 0.0113659902
-0.0005884993 0.0005380375 0.0113797032
-0.0004780007 0.0005790139 0.0114004156
-0.0004001869 0.0006669658 0.0114233824
-0.0005652963 0.0005785280 0.0128682528
-0.0005947031 0.0006932219 0.0128855309
-0.0006744193 0.0007820765 0.0128937882
-0.0007861829 0.0008247363 0.0128911330
-0.0009043901 0.0008114283 0.0128781737
-0.0010019612 0.0007452014 0.0128578790
-0.0010565437 0.0006412272 0.0128348982
-0.0010556335 0.0005233250 0.0128144959
-0.0009994390 0.0004185049 0.0128013461
-0.0009008339 0.0003507797 0.0127984612
-0.0007824072 0.0003356646 0.0128065021
-0.0006712892 0.0003766222 0.0128236268
-0.0005929356 0.0004642697 0.0128459121
-0.0006938227 0.0003300673 0.0142914184
-0.0007228522 0.0004442696 0.0143122300
-0.0008024629 0.0005325135 0.0143261280
-0.0009144167 0.0005745835 0.0143299286
-0.0010330666 0.0005608417 0.0143227611
-0.0011312312 0.0004944363 0.0143062674
-0.0011864221 0.0003905800 0.0142842261
-0.0011859959 0.0002730650 0.0142616866
-0.0011300501 0.0001688125 0.0142438124
-0.0010314013 0.0001017055 0.0142346983
-0.0009126487 0.0000871176 0.0142364321
-0.0008009971 0.0001283904 0.0142486168
-0.0007220245 0.0002160691 0.0142684609
-0.0007485009 0.0000557487 0.0157138443
-0.0007769488 0.0001697371 0.0157365460
-0.0008561438 0.0002575213 0.0157549874
-0.0009679433 0.0002989910 0.0157649436
-0.0010867354 0.0002846460 0.0157641339
-0.0011853063 0.0002177727 0.0157527437
-0.0012410745 0.0001136907 0.0157333824
-0.0012412642 -0.0000037558 0.0157104854
-0.0011858320 -0.0001076614 0.0156892982
-0.0010874767 -0.0001742225 0.0156746745
-0.0009687303 -0.0001881908 0.0156699644
-0.0008567962 -0.0001463662 0.0156762469
-0.0007773172 -0.0000583304 0.0156920828
-0.0007250464 -0.0002230634 0.0171365943
-0.0007528883 -0.0001089450 0.0171593936
-0.0008314863 -0.0000213273 0.0171809220
-0.0009428346 0.0000197177 0.0171962477
-0.0010614245 0.0000047869 0.0172018597
-0.0011600886 -0.0000626992 0.0171964724
-0.0012162241 -0.0001672803 0.0171813199
-0.0012169710 -0.0002849981 0.0171598735
-0.0011621583 -0.0003888850 0.0171370463
-0.0010643428 -0.0004551416 0.0171180678
-0.0009459329 -0.0004685895 0.0171072856
-0.0008340550 -0.0004261478 0.0171071699
-0.0007543388 -0.0003375394 0.0171177472
-0.0006251804 -0.0004846216 0.0185607066
-0.0006525797 -0.0003700694 0.0185818031
-0.0007305842 -0.0002822732 0.0186047187
-0.0008413240 -0.0002413462 0.0186242036
-0.0009594300 -0.0002566641 0.0186357942
-0.0010578454 -0.0003247178 0.0186368352
-0.0011140246 -0.0004299171 0.0186270880
-0.0011150975 -0.0005481621 0.0186087857
-0.0010608183 -0.0006523642 0.0185861211
-0.0009636218 -0.0007186520 0.0185642863
-0.0008457745 -0.0007318398 0.0185482835
-0.0007342737 -0.0006889064 0.0185417787
-0.0006546631 -0.0005996874 0.0185462621
-0.0004565347 -0.0007084293 0.0199871117
-0.0006759772 -0.0009569214 0.0199925552
-0.0005650581 -0.0009137740 0.0199801750
-0.0004858631 -0.0008240952 0.0199782104
-0.0004594922 0.0005103637 -0.0187138340
-0.0004798366 0.0006321447 -0.0186934039
-0.0005372350 0.0007422653 -0.0186778864
-0.0006260688 0.0008299461 -0.0186688003
-0.0007376424 0.0008866041 -0.0186670352
-0.0008610341 0.0009066934 -0.0186727638
-0.0009841655 0.0008882475 -0.0186854253
-0.0010949837 0.0008330720 -0.0187037803
-0.0011826410 0.0007465678 -0.0187260322
-0.0012385568 0.0006372026 -0.0187500027
-0.0012572579 0.0005156819 -0.0187733455
-0.0012369134 0.0003939008 -0.0187937756
-0.0011795150 0.0002837802 -0.0188092931
-0.0010906812 0.0001960995 -0.0188183791
-0.0009791076 0.0001394414 -0.0188201443
-0.0008557159 0.0001193521 -0.0188144157
-0.0007325845 0.0001377980 -0.0188017542
-0.0006217663 0.0001929735 -0.0187833992
-0.0005341090 0.0002794777 -0.0187611473
-0.0004781932 0.0003888429 -0.0187371768
-0.0005673160 0.0002530981 -0.0172988164
-0.0005871526 0.0003744764 -0.0172756703
-0.0006441926 0.0004840570 -0.0172556587
-0.0007328523 0.0005711133 -0.0172407406
-0.0008444533 0.0006271238 -0.0172323761
-0.0009680712 0.0006466057 -0.0172313841
-0.0010916055 0.0006276519 -0.0172378617
-0.0012029637 0.0005721179 -0.0172511748
-0.0012912453 0.0004854397 -0.0172700202
-0.0013478088 0.0003761019 -0.0172925532
-0.0013671172 0.0002548073 -0.0173165682
-0.0013472806 0.0001334291 -0.0173397143
-0.0012902407 0.0000238485 -0.0173597259
-0.0012015809 -0.0000632079 -0.0173746441
-0.0010899800 -0.0001192183 -0.0173830085
-0.0009663620 -0.0001387002 -0.0173840005
-0.0008428278 -0.0001197465 -0.0173775229
-0.0007314696 -0.0000642125 -0.0173642098
-0.0006431879 0.0000224658 -0.0173453644
-0.0005866245 0.0001318035 -0.0173228314
-0.0005998868 -0.0000239558 -0.0158844997
-0.0006190790 0.0000973534 -0.0158604653
-0.0006755273 0.0002066691 -0.0158375398
-0.0007637062 0.0002932908 -0.0158179675
-0.0008749842 0.0003487392 -0.0158036642
-0.0009984686 0.0003675868 -0.0157960300
-0.0011220720 0.0003479886 -0.0157958122
-0.0012336950 0.0002918630 -0.0158030321
-0.0013224113 0.0002047040 -0.0158169830
-0.0013795368 0.0000950432 -0.0158362992
-0.0013994795 -0.0000263849 -0.0158590900
-0.0013802874 -0.0001476941 -0.0158831245
-0.0013238391 -0.0002570098 -0.0159060499
-0.0012356601 -0.0003436315 -0.0159256222
-0.0011243821 -0.0003990800 -0.0159399255
-0.0010008977 -0.0004179276 -0.0159475597
-0.0008772944 -0.0003983293 -0.0159477775
-0.0007656714 -0.0003422037 -0.0159405576
-0.0006769550 -0.0002550447 -0.0159266067
-0.0006198296 -0.0001453839 -0.0159072905
-0.0005546086 -0.0002993983 -0.0144691798
-0.0005732191 -0.0001778030 -0.0144461548
-0.0006290258 -0.0000683949 -0.0144221259
-0.0007165661 0.0000181163 -0.0143994449
-0.0008272708 0.0000732624 -0.0143803322
-0.0009503034 0.0000916453 -0.0143666586
-0.0010736206 0.0000714654 -0.0143597626
-0.0011851512 0.0000146983 -0.0143603192
-0.0012739780 -0.0000730995 -0.0143682739
-0.0013314058 -0.0001833336 -0.0143828481
-0.0013518133 -0.0003052135 -0.0144026151
-0.0013332028 -0.0004268088 -0.0144256400
-0.0012773961 -0.0005362169 -0.0144496690
-0.0011898558 -0.0006227282 -0.0144723499
-0.0010791512 -0.0006778742 -0.0144914626
-0.0009561186 -0.0006962571 -0.0145051362
-0.0008328014 -0.0006760772 -0.0145120322
-0.0007212707 -0.0006193101 -0.0145114757
-0.0006324439 -0.0005315123 -0.0145035209
-0.0005750161 -0.0004212782 -0.0144889468
-0.0004347813 -0.0005518698 -0.0130512317
-0.0004530531 -0.0004297218 -0.0130310345
-0.0005083670 -0.0003198928 -0.0130077993
-0.0005953084 -0.0002331335 -0.0129838007
-0.0007053669 -0.0001779365 -0.0129613879
-0.0008277692 -0.0001597050 -0.0129427546
-0.0009505337 -0.0001802235 -0.0129297249
-0.0010616435 -0.0002374836 -0.0129235743
-0.0011502221 -0.0003258802 -0.0129249047
-0.0012075991 -0.0004367605 -0.0129335859
-0.0012281579 -0.0005592707 -0.0129487683
-0.0012098861 -0.0006814186 -0.0129689655
-0.0011545723 -0.0007912477 -0.0129922007
-0.0010676309 -0.0008780070 -0.0130161993
-0.0009575723 -0.0009332039 -0.0130386121
-0.0008351700 -0.0009514355 -0.0130572454
-0.0007124055 -0.0009309169 -0.0130702751
-0.0006012958 -0.0008736569 -0.0130764257
-0.0005127171 -0.0007852603 -0.0130750953
-0.0004553401 -0.0006743800 -0.0130664141
-0.0002494254 -0.0007616171 -0.0116292382
-0.0002677064 -0.0006388210 -0.0116134635
-0.0003228286 -0.0005283728 -0.0115928569
-0.0004093965 -0.0004410838 -0.0115694357
-0.0005189360 -0.0003854985 -0.0115454925
-0.0006407248 -0.0003670580 -0.0115233709
-0.0007628412 -0.0003875673 -0.0115052364
-0.0008733317 -0.0004450190 -0.0114928642
-0.0009613807 -0.0005337892 -0.0114874652
-0.0010183693 -0.0006451884 -0.0114895681
-0.0010387191 -0.0007683122 -0.0114989669
-0.0010204382 -0.0008911082 -0.0115147417
-0.0009653159 -0.0010015565 -0.0115353482
-0.0008787481 -0.0010888455 -0.0115587694
-0.0007692085 -0.0011444308 -0.0115827127
-0.0006474198 -0.0011628713 -0.0116048342
-0.0005253034 -0.0011423619 -0.0116229687
-0.0004148129 -0.0010849103 -0.0116353410
-0.0003267639 -0.0009961401 -0.0116407399
-0.0002697753 -0.0008847409 -0.0116386370
-0.0000127065 -0.0009119964 -0.0102021014
-0.0000313416 -0.0007886574 -0.0101919948
-0.0000866329 -0.0006775834 -0.0101756440
-0.0001731681 -0.0005896470 -0.0101546496
-0.0002824766 -0.0005334561 -0.0101310666
-0.0004038584 -0.0005145111 -0.0101072035
-0.0005254319 -0.0005346663 -0.0100853962
-0.0006352967 -0.0005919490 -0.0100677793
-0.0007226983 -0.0006807517 -0.0100560774
-0.0007790813 -0.0007923820 -0.0100514358
-0.0007989266 -0.0009159127 -0.0100543089
-0.0007802915 -0.0010392517 -0.0100644155
-0.0007250003 -0.0011503257 -0.0100807663
-0.0006384650 -0.0012382621 -0.0101017607
-0.0005291566 -0.0012944530 -0.0101253437
-0.0004077747 -0.0013133980 -0.0101492068
-0.0002862012 -0.0012932428 -0.0101710141
-0.0001763365 -0.0012359601 -0.0101886309
-0.0000889348 -0.0011471574 -0.0102003329
-0.0000325518 -0.0010355271 -0.0102049745
0.0002570377 -0.0009908126 -0.0087691294
0.0002378131 -0.0008672041 -0.0087654890
0.0001820445 -0.0007556915 -0.0087546851
0.0000951909 -0.0006671905 -0.0087377753
-0.0000142459 -0.0006103643 -0.0087164147
-0.0001355535 -0.0005907753 -0.0086926945
-0.0002568575 -0.0006103411 -0.0086689363
-0.0003662837 -0.0006671465 -0.0086474659
-0.0004531207 -0.0007556308 -0.0086303850
-0.0005088684 -0.0008671328 -0.0086193654
-0.0005280698 -0.0009907377 -0.0086154860
-0.0005088452 -0.0011143462 -0.0086191264
-0.0004530766 -0.0012258588 -0.0086299303
-0.0003662230 -0.0013143598 -0.0086468401
-0.0002567862 -0.0013711860 -0.0086682006
-0.0001354786 -0.0013907750 -0.0086919209
-0.0000141746 -0.0013712092 -0.0087156791
0.0000952516 -0.0013144038 -0.0087371495
0.0001820886 -0.0012259195 -0.0087542304
0.0002378363 -0.0011144175 -0.0087652500
0.0005386355 -0.0009913819 -0.0073300913
0.0005187686 -0.0008678606 -0.0073332045
0.0004623622 -0.0007562324 -0.0073288006
0.0003749377 -0.0006674245 -0.0073173107
0.0002650528 -0.0006101299 -0.0072998593
0.0001434638 -0.0005899570 -0.0072781549
0.0000220727 -0.0006088805 -0.0072543219
-0.0000872380 -0.0006650480 -0.0072306934
-0.0001737680 -0.0007529615 -0.0072095822
-0.0002290473 -0.0008640154 -0.0071930549
-0.0002476648 -0.0009873389 -0.0071827292
-0.0002277980 -0.0011108603 -0.0071796160
-0.0001713916 -0.0012224884 -0.0071840199
-0.0000839671 -0.0013112963 -0.0071955099
0.0000259178 -0.0013685909 -0.0072129612
0.0001475069 -0.0013887638 -0.0072346656
0.0002688980 -0.0013698403 -0.0072584986
0.0003782086 -0.0013136728 -0.0072821271
0.0004647387 -0.0012257593 -0.0073032383
0.0005200180 -0.0011147054 -0.0073197656
0.0008097132 -0.0009132017 -0.0058852350
0.0007893502 -0.0007900973 -0.0058948561
0.0007323429 -0.0006787124 -0.0058972000
0.0006442719 -0.0005899501 -0.0058920371
0.0005337579 -0.0005324991 -0.0058798730
0.0004116190 -0.0005119831 -0.0058618983
0.0002898109 -0.0005304103 -0.0058398725
0.0001802570 -0.0005859771 -0.0058159516
0.0000936813 -0.0006732440 -0.0057924772
0.0000385584 -0.0007836688 -0.0057717471
0.0000202840 -0.0009064424 -0.0057557906
0.0000406471 -0.0010295468 -0.0057461695
0.0000976543 -0.0011409317 -0.0057438257
0.0001857254 -0.0012296940 -0.0057489885
0.0002962394 -0.0012871450 -0.0057611526
0.0004183783 -0.0013076610 -0.0057791274
0.0005401864 -0.0012892337 -0.0058011532
0.0006497403 -0.0012336670 -0.0058250740
0.0007363160 -0.0011464001 -0.0058485484
0.0007914389 -0.0010359753 -0.0058692785
0.0010485048 -0.0007621321 -0.0044352681
0.0010279452 -0.0006396453 -0.0044506373
0.0009705602 -0.0005287871 -0.0044595438
0.0008819670 -0.0004404089 -0.0044611158
0.0007708378 -0.0003831620 -0.0044551994
0.0006480507 -0.0003626499 -0.0044423737
0.0005256249 -0.0003808806 -0.0044238943
0.0004155444 -0.0004360695 -0.0044015700
0.0003285845 -0.0005228143 -0.0043775860
0.0002732576 -0.0006326239 -0.0043542901
0.0002549793 -0.0007547493 -0.0043339627
0.0002755390 -0.0008772360 -0.0043185935
0.0003329240 -0.0009880943 -0.0043096870
0.0004215172 -0.0010764724 -0.0043081150
0.0005326464 -0.0011337194 -0.0043140314
0.0006554335 -0.0011542315 -0.0043268570
0.0007778592 -0.0011360008 -0.0043453365
0.0008879398 -0.0010808119 -0.0043676608
0.0009748996 -0.0009940670 -0.0043916448
0.0010302266 -0.0008842575 -0.0044149407
0.0012356819 -0.0005500301 -0.0029813014
0.0012152863 -0.0004281705 -0.0030012051
0.0011578634 -0.0003179593 -0.0030159710
0.0010690343 -0.0002301849 -0.0030241537
0.0009574942 -0.0001734392 -0.0030249522
0.0008341613 -0.0001532769 -0.0030182884
0.0007111085 -0.0001716715 -0.0030048145
0.0006003809 -0.0002268226 -0.0029858495
0.0005128173 -0.0003133315 -0.0029632498
0.0004569891 -0.0004227301 -0.0029392277
0.0004383611 -0.0005443098 -0.0029161345
0.0004587568 -0.0006661694 -0.0028962308
0.0005161796 -0.0007763806 -0.0028814649
0.0006050087 -0.0008641550 -0.0028732822
0.0007165489 -0.0009209007 -0.0028724837
0.0008398817 -0.0009410631 -0.0028791475
0.0009629346 -0.0009226684 -0.0028926214
0.0010736622 -0.0008675174 -0.0029115864
0.0011612258 -0.0007810085 -0.0029341861
0.0012170540 -0.0006716098 -0.0029582082
0.0013560267 -0.0002938361 -0.0015247618
0.0013361047 -0.0001724188 -0.0015476283
0.0012789957 -0.0000627748 -0.0015670876
0.0011902899 0.0000243633 -0.0015812349
0.0010786703 0.0000804657 -0.0015886852
0.0009550632 0.0001000408 -0.0015887094
0.0008315679 0.0000811724 -0.0015813051
0.0007202732 0.0000257075 -0.0015671970
0.0006320733 -0.0000609247 -0.0015477662
0.0005756017 -0.0001702439 -0.0015249146
0.0005563865 -0.0002915493 -0.0015008792
0.0005763084 -0.0004129665 -0.0014780127
0.0006334174 -0.0005226106 -0.0014585534
0.0007221233 -0.0006097486 -0.0014444062
0.0008337428 -0.0006658510 -0.0014369558
0.0009573500 -0.0006854261 -0.0014369316
0.0010808452 -0.0006665577 -0.0014443359
0.0011921400 -0.0006110928 -0.0014584440
0.0012803399 -0.0005244606 -0.0014778748
0.0013368114 -0.0004151414 -0.0015007264
0.0013997686 -0.0000141759 -0.0000672793
0.0013804835 0.0001071207 -0.0000913030
0.0013239429 0.0002164532 -0.0001139191
0.0012356813 0.0003031193 -0.0001329138
0.0011243385 0.0003586355 -0.0001464277
0.0010008133 0.0003775676 -0.0001531380
0.0008771974 0.0003580624 -0.0001523879
0.0007655911 0.0003020291 -0.0001442508
0.0006769192 0.0002149526 -0.0001295231
0.0006198615 0.0001053567 -0.0001096466
0.0006000033 -0.0000160306 -0.0000865669
0.0006192884 -0.0001373272 -0.0000625431
0.0006758290 -0.0002466597 -0.0000399270
0.0007640905 -0.0003333258 -0.0000209323
0.0008754334 -0.0003888420 -0.0000074184
0.0009989586 -0.0004077741 -0.0000007081
0.0011225745 -0.0003882689 -0.0000014582
0.0012341808 -0.0003322355 -0.0000095954
0.0013228527 -0.0002451591 -0.0000243231
0.0013799104 -0.0001355632 -0.0000441996
0.0013634393 0.0002663898 0.0013894417
0.0013447570 0.0003879248 0.0013661578
0.0012888633 0.0004972977 0.0013421707
0.0012012295 0.0005838023 0.0013198285
0.0010904338 0.0006389711 0.0013013181
0.0009673216 0.0006574036 0.0012884516
0.0008439440 0.0006372955 0.0012824883
0.0007323781 0.0005806153 0.0012840120
0.0006435448 0.0004929111 0.0012928735
0.0005861396 0.0003827681 0.0013082054
0.0005657818 0.0002609678 0.0013285070
0.0005844641 0.0001394328 0.0013517909
0.0006403578 0.0000300599 0.0013757780
0.0007279916 -0.0000564447 0.0013981202
0.0008387873 -0.0001116135 0.0014166306
0.0009618995 -0.0001300460 0.0014294971
0.0010852771 -0.0001099379 0.0014354604
0.0011968429 -0.0000532577 0.0014339368
0.0012856763 0.0000344465 0.0014250752
0.0013430815 0.0001445895 0.0014097433
0.0012501506 0.0005252951 0.0028437569
0.0012318503 0.0006473536 0.0028230514
0.0011764818 0.0007571065 0.0027995874
0.0010894648 0.0008438102 0.0027756619
0.0009793173 0.0008989776 0.0027536168
0.0008568211 0.0009172086 0.0027356099
0.0007339672 0.0008967185 0.0027234041
0.0006227813 0.0008395131 0.0027181940
0.0005341470 0.0007511921 0.0027204897
0.0004767405 0.0006404008 0.0027300664
0.0004561811 0.0005179845 0.0027459867
0.0004744814 0.0003959259 0.0027666922
0.0005298499 0.0002861731 0.0027901561
0.0006168669 0.0001994693 0.0028140817
0.0007270144 0.0001443019 0.0028361268
0.0008495105 0.0001260710 0.0028541337
0.0009723645 0.0001465610 0.0028663395
0.0010835504 0.0002037664 0.0028715496
0.0011721847 0.0002920875 0.0028692539
0.0012295912 0.0004028787 0.0028596772
0.0010692735 0.0007418779 0.0042942120
0.0010510162 0.0008645832 0.0042777198
0.0009958885 0.0009749378 0.0042566318
0.0009092865 0.0010621395 0.0042330122
0.0007996875 0.0011176522 0.0042091730
0.0006778198 0.0011360421 0.0041874478
0.0005556126 0.0011155090 0.0041699633
0.0004450284 0.0010580628 0.0041584308
0.0003568921 0.0009693268 0.0041539793
0.0002998309 0.0008579870 0.0041570446
0.0002794305 0.0007349423 0.0041673265
0.0002976877 0.0006122369 0.0041838187
0.0003528154 0.0005018823 0.0042049067
0.0004394174 0.0004146807 0.0042285263
0.0005490164 0.0003591679 0.0042523654
0.0006708841 0.0003407780 0.0042740906
0.0007930913 0.0003613112 0.0042915752
0.0009036755 0.0004187573 0.0043031077
0.0009918118 0.0005074934 0.0043075592
0.0010488730 0.0006188331 0.0043044939
0.0008355666 0.0008990794 0.0057396573
0.0008170001 0.0010223543 0.0057286808
0.0007617542 0.0011333463 0.0057116340
0.0006752368 0.0012211905 0.0056901854
0.0005659169 0.0012772883 0.0056664346
0.0004444953 0.0012961484 0.0056427066
0.0003228578 0.0012759246 0.0056213239
0.0002129109 0.0012185965 0.0056043797
0.0001254172 0.0011297759 0.0055935326
0.0000689411 0.0010181571 0.0055898443
0.0000490108 0.0008946661 0.0055936760
0.0000675773 0.0007713912 0.0056046525
0.0001228232 0.0006603992 0.0056216994
0.0002093406 0.0005725549 0.0056431480
0.0003186605 0.0005164572 0.0056668987
0.0004400821 0.0004975971 0.0056906268
0.0005617196 0.0005178209 0.0057120094
0.0006716664 0.0005751490 0.0057289536
0.0007591602 0.0006639696 0.0057398008
0.0008156363 0.0007755884 0.0057434890
0.0005678634 0.0009847772 0.0071793391
0.0005487311 0.0011083683 0.0071747450
0.0004930447 0.0012198358 0.0071630853
0.0004062554 0.0013082684 0.0071455014
0.0002968586 0.0013650098 0.0071237145
0.0001755629 0.0013845057 0.0070998573
0.0000542414 0.0013648477 0.0070762650
-0.0000552298 0.0013079601 0.0070552470
-0.0001421352 0.0012194115 0.0070388608
-0.0001979677 0.0011078695 0.0070287103
-0.0002172621 0.0009842527 0.0070257891
-0.0001981298 0.0008606616 0.0070303832
-0.0001424434 0.0007491941 0.0070420429
-0.0000556541 0.0006607615 0.0070596268
0.0000537427 0.0006040201 0.0070814137
0.0001750384 0.0005845242 0.0071052709
0.0002963598 0.0006041822 0.0071288632
0.0004058311 0.0006610698 0.0071498812
0.0004927365 0.0007496184 0.0071662674
0.0005485690 0.0008611604 0.0071764179
0.0002874678 0.0009926528 0.0086129584
0.0002676882 0.0011162086 0.0086151095
0.0002113754 0.0012278426 0.0086097577
0.0001240418 0.0013166272 0.0085974270
0.0000142360 0.0013738715 0.0085793243
-0.0001072932 0.0013939721 0.0085572217
-0.0002286498 0.0013749613 0.0085332827
-0.0003379546 0.0013187002 0.0085098507
-0.0004245080 0.0012306958 0.0084892193
-0.0004798377 0.0011195628 0.0084734080
-0.0004985274 0.0009961795 0.0084639647
-0.0004787478 0.0008726236 0.0084618136
-0.0004224351 0.0007609897 0.0084671654
-0.0003351014 0.0006722051 0.0084794961
-0.0002252957 0.0006149608 0.0084975988
-0.0001037664 0.0005948602 0.0085197014
0.0000175902 0.0006138709 0.0085436403
0.0001268950 0.0006701321 0.0085670724
0.0002134484 0.0007581364 0.0085877038
0.0002687780 0.0008692695 0.0086035150
0.0000164205 0.0009225515 0.0100406951
-0.0000038873 0.0010457317 0.0100494215
-0.0000608185 0.0011571716 0.0100508003
-0.0001488003 0.0012459627 0.0100446964
-0.0002592205 0.0013034135 0.0100317074
-0.0003812702 0.0013239003 0.0100131048
-0.0005030026 0.0013054178 0.0099907094
-0.0006125014 0.0012497750 0.0099667136
-0.0006990483 0.0011624188 0.0099434661
-0.0007541714 0.0010519002 0.0099232426
-0.0007724749 0.0009290375 0.0099080228
-0.0007521672 0.0008058573 0.0098992964
-0.0006952360 0.0006944174 0.0098979177
-0.0006072541 0.0006056263 0.0099040215
-0.0004968340 0.0005481755 0.0099170105
-0.0003747842 0.0005276887 0.0099356132
-0.0002530519 0.0005461712 0.0099580085
-0.0001435530 0.0006018139 0.0099820044
-0.0000570061 0.0006891701 0.0100052518
-0.0000018830 0.0007996887 0.0100254753
-0.0002242101 0.0007803501 0.0114631937
-0.0002447635 0.0009029304 0.0114778064
-0.0003021137 0.0010138757 0.0114858067
-0.0003906468 0.0011023259 0.0114864117
-0.0005016966 0.0011596229 0.0114795621
-0.0006243927 0.0011801580 0.0114659283
-0.0007467249 0.0011619211 0.0114468450
-0.0008567183 0.0011066973 0.0114241802
-0.0009436061 0.0010198924 0.0114001524
-0.0009988831 0.0009100035 0.0113771136
-0.0010171383 0.0007877871 0.0113573191
-0.0009965849 0.0006652067 0.0113427065
-0.0009392347 0.0005542614 0.0113347061
-0.0008507016 0.0004658112 0.0113341011
-0.0007396518 0.0004085143 0.0113409507
-0.0006169557 0.0003879792 0.0113545845
-0.0004946235 0.0004062161 0.0113736678
-0.0003846301 0.0004614398 0.0113963327
-0.0002977423 0.0005482447 0.0114203605
-0.0002424653 0.0006581337 0.0114433992
-0.0004158878 0.0005773870 0.0128815122
-0.0004363283 0.0006993291 0.0129008572
-0.0004937682 0.0008096324 0.0129148475
-0.0005825851 0.0008974999 0.0129221135
-0.0006940848 0.0009543303 0.0129219441
-0.0008173531 0.0009745607 0.0129143558
-0.0009403235 0.0009562108 0.0129000915
-0.0010509589 0.0009010768 0.0128805473
-0.0011384295 0.0008145557 0.0128576365
-0.0011941730 0.0007051166 0.0128336016
-0.0012127329 0.0005834724 0.0128107955
-0.0011922925 0.0004615303 0.0127914505
-0.0011348525 0.0003512269 0.0127774602
-0.0010460357 0.0002633595 0.0127701942
-0.0009345359 0.0002065291 0.0127703636
-0.0008112677 0.0001862987 0.0127779519
-0.0006882973 0.0002046486 0.0127922162
-0.0005776619 0.0002597826 0.0128117604
-0.0004901913 0.0003463037 0.0128346712
-0.0004344478 0.0004557427 0.0128587061
-0.0005439290 0.0003295330 0.0142970386
-0.0005639328 0.0004509961 0.0143195885
-0.0006211055 0.0005607089 0.0143384639
-0.0007098507 0.0006479321 0.0143518173
-0.0008214814 0.0007041277 0.0143583415
-0.0009450704 0.0007237948 0.0143573978
-0.0010685198 0.0007050083 0.0143490788
-0.0011797458 0.0006496071 0.0143341986
-0.0012678605 0.0005630143 0.0143142138
-0.0013242389 0.0004537062 0.0142910808
-0.0013433621 0.0003323827 0.0142670639
-0.0013233583 0.0002109196 0.0142445141
-0.0012661856 0.0001012068 0.0142256387
-0.0011774404 0.0000139836 0.0142122853
-0.0010658097 -0.0000422120 0.0142057611
-0.0009422207 -0.0000618791 0.0142067047
-0.0008187712 -0.0000430926 0.0142150238
-0.0007075453 0.0000123086 0.0142299040
-0.0006194305 0.0000989014 0.0142498887
-0.0005630522 0.0002082095 0.0142730217
-0.0005985213 0.0000559866 0.0157113816
-0.0006179000 0.0001772780 0.0157353557
-0.0006745313 0.0002866346 0.0157576258
-0.0007628717 0.0003733516 0.0157760120
-0.0008742737 0.0004289407 0.0157887146
-0.0009978327 0.0004479603 0.0157944902
-0.0011214537 0.0004285487 0.0157927733
-0.0012330359 0.0003726061 0.0157837321
-0.0013216569 0.0002856084 0.0157682516
-0.0013786418 0.0001760717 0.0157478470
-0.0013984125 0.0000547181 0.0157245158
-0.0013790337 -0.0000665734 0.0157005418
-0.0013224024 -0.0001759299 0.0156782717
-0.0012340621 -0.0002626470 0.0156598854
-0.0011226600 -0.0003182360 0.0156471828
-0.0009991011 -0.0003372556 0.0156414072
-0.0008754801 -0.0003178440 0.0156431241
-0.0007638979 -0.0002619014 0.0156521653
-0.0006752769 -0.0001749037 0.0156676459
-0.0006182920 -0.0000653670 0.0156880504
-0.0005754069 -0.0002221271 0.0171262432
-0.0005941656 -0.0001006465 0.0171497483
-0.0006501488 0.0000086983 0.0171736546
-0.0007378764 0.0000952039 0.0171956219
-0.0008487611 0.0001504025 0.0172134999
-0.0009719486 0.0001688909 0.0172255385
-0.0010953805 0.0001488593 0.0172305595
-0.0012069745 0.0000922686 0.0172280711
-0.0012958069 0.0000046582 0.0172183172
-0.0013531822 -0.0001053959 0.0172022523
-0.0013734842 -0.0002271209 0.0171814491
-0.0013547254 -0.0003486015 0.0171579440
-0.0012987422 -0.0004579463 0.0171340377
-0.0012110146 -0.0005444519 0.0171120704
-0.0011001299 -0.0005996505 0.0170941924
-0.0009769424 -0.0006181389 0.0170821538
-0.0008535105 -0.0005981073 0.0170771328
-0.0007419165 -0.0005415166 0.0170796212
-0.0006530841 -0.0004539062 0.0170893751
-0.0005957088 -0.0003438521 0.0171054400
-0.0004762017 -0.0004832767 0.0185432843
-0.0004945375 -0.0003613049 0.0185644646
-0.0005499667 -0.0002516237 0.0185881193
-0.0006370634 -0.0001649693 0.0186119330
-0.0007473021 -0.0001098242 0.0186335746
-0.0008698918 -0.0000915862 0.0186509258
-0.0009928325 -0.0001120407 0.0186622880
-0.0011040900 -0.0001691855 0.0186665491
-0.0011927737 -0.0002574267 0.0186632919
-0.0012502024 -0.0003681268 0.0186528353
-0.0012707548 -0.0004904497 0.0186362028
-0.0012524190 -0.0006124214 0.0186150226
-0.0011969898 -0.0007221027 0.0185913679
-0.0011098931 -0.0008087570 0.0185675542
-0.0009996544 -0.0008639022 0.0185459126
-0.0008770647 -0.0008821401 0.0185285614
-0.0007541240 -0.0008616856 0.0185171992
-0.0006428665 -0.0008045409 0.0185129381
-0.0005541828 -0.0007162996 0.0185161953
-0.0004967541 -0.0006055995 0.0185266519
-0.0003083329 -0.0007070922 0.0199639941
-0.0003265738 -0.0005844792 0.0199811769
-0.0007071035 -0.0011080064 0.0199798002
-0.0005848039 -0.0010874569 0.0199629939
-0.0004741268 -0.0010300238 0.0199523199
-0.0003859061 -0.0009413288 0.0199488231
-0.0003287774 -0.0008300542 0.0199528457
