0.0 0.0 -0.019848
0.0 0.0 -0.0196496
0.0 0.0 -0.0194512
0.0 0.0 -0.0192528
0.0 0.0 -0.0190544
0.0 0.0 -0.018856
0.0 0.0 -0.0186576
0.0 0.0 -0.0184592
0.0 0.0 -0.0182608
0.0 0.0 -0.0180624
0.0 0.0 -0.017864
0.0 0.0 -0.0176656
0.0 0.0 -0.0174672
0.0 0.0 -0.0172688
0.0 0.0 -0.0170704
0.0 0.0 -0.016872
0.0 0.0 -0.0166736
0.0 0.0 -0.0164752
0.0 0.0 -0.0162768
0.0 0.0 -0.0160784
0.0 0.0 -0.01588
0.0 0.0 -0.0156816
0.0 0.0 -0.0154832
0.0 0.0 -0.0152848
0.0 0.0 -0.0150864
0.0 0.0 -0.014888
0.0 0.0 -0.0146896
0.0 0.0 -0.0144912
0.0 0.0 -0.0142928
0.0 0.0 -0.0140944
0.0 0.0 -0.013896
0.0 0.0 -0.0136976
0.0 0.0 -0.0134992
0.0 0.0 -0.0133008
0.0 0.0 -0.0131024
0.0 0.0 -0.012904
0.0 0.0 -0.0127056
0.0 0.0 -0.0125072
0.0 0.0 -0.0123088
0.0 0.0 -0.0121104
0.0 0.0 -0.011912
0.0 0.0 -0.0117136
0.0 0.0 -0.0115152
0.0 0.0 -0.0113168
0.0 0.0 -0.0111184
0.0 0.0 -0.01092
0.0 0.0 -0.0107216
0.0 0.0 -0.0105232
0.0 0.0 -0.0103248
0.0 0.0 -0.0101264
0.0 0.0 -0.009928
0.0 0.0 -0.0097296
0.0 0.0 -0.0095312
0.0 0.0 -0.0093328
0.0 0.0 -0.0091344
0.0 0.0 -0.008936
0.0 0.0 -0.0087376
0.0 0.0 -0.0085392
0.0 0.0 -0.0083408
0.0 0.0 -0.0081424
0.0 0.0 -0.007944
0.0 0.0 -0.0077456
0.0 0.0 -0.0075472
0.0 0.0 -0.0073488
0.0 0.0 -0.0071504
0.0 0.0 -0.006952
0.0 0.0 -0.0067536
0.0 0.0 -0.0065552
0.0 0.0 -0.0063568
0.0 0.0 -0.0061584
0.0 0.0 -0.00596
0.0 0.0 -0.0057616
0.0 0.0 -0.0055632
0.0 0.0 -0.0053648
0.0 0.0 -0.0051664
0.0 0.0 -0.004968
0.0 0.0 -0.0047696
0.0 0.0 -0.0045712
0.0 0.0 -0.0043728
0.0 0.0 -0.0041744
0.0 0.0 -0.003976
0.0 0.0 -0.0037776
0.0 0.0 -0.0035792
0.0 0.0 -0.0033808
0.0 0.0 -0.0031824
0.0 0.0 -0.002984
0.0 0.0 -0.0027856
0.0 0.0 -0.0025872
0.0 0.0 -0.0023888
0.0 0.0 -0.0021904
0.0 0.0 -0.001992
0.0 0.0 -0.0017936
0.0 0.0 -0.0015952
0.0 0.0 -0.0013968
0.0 0.0 -0.0011984
0.0 0.0 -0.001
0.0 0.0 -0.0008016
0.0 0.0 -0.0006032
0.0 0.0 -0.0004048
0.0 0.0 -0.0002064
0.0 0.0 -8.00000000001e-06
0.0 0.0 0.0001904
0.0 0.0 0.0003888
0.0 0.0 0.0005872
0.0 0.0 0.0007856
0.0 0.0 0.000984
0.0 0.0 0.0011824
0.0 0.0 0.0013808
0.0 0.0 0.0015792
0.0 0.0 0.0017776
0.0 0.0 0.001976
0.0 0.0 0.0021744
0.0 0.0 0.0023728
0.0 0.0 0.0025712
0.0 0.0 0.0027696
0.0 0.0 0.002968
0.0 0.0 0.0031664
0.0 0.0 0.0033648
0.0 0.0 0.0035632
0.0 0.0 0.0037616
0.0 0.0 0.00396
0.0 0.0 0.0041584
0.0 0.0 0.0043568
0.0 0.0 0.0045552
0.0 0.0 0.0047536
0.0 0.0 0.004952
0.0 0.0 0.0051504
0.0 0.0 0.0053488
0.0 0.0 0.0055472
0.0 0.0 0.0057456
0.0 0.0 0.005944
0.0 0.0 0.0061424
0.0 0.0 0.0063408
0.0 0.0 0.0065392
0.0 0.0 0.0067376
0.0 0.0 0.006936
0.0 0.0 0.0071344
0.0 0.0 0.0073328
0.0 0.0 0.0075312
0.0 0.0 0.0077296
0.0 0.0 0.007928
0.0 0.0 0.0081264
0.0 0.0 0.0083248
0.0 0.0 0.0085232
0.0 0.0 0.0087216
0.0 0.0 0.00892
0.0 0.0 0.0091184
0.0 0.0 0.0093168
0.0 0.0 0.0095152
0.0 0.0 0.0097136
0.0 0.0 0.009912
0.0 0.0 0.0101104
0.0 0.0 0.0103088
0.0 0.0 0.0105072
0.0 0.0 0.0107056
0.0 0.0 0.010904
0.0 0.0 0.0111024
0.0 0.0 0.0113008
0.0 0.0 0.0114992
0.0 0.0 0.0116976
0.0 0.0 0.011896
0.0 0.0 0.0120944
0.0 0.0 0.0122928
0.0 0.0 0.0124912
0.0 0.0 0.0126896
0.0 0.0 0.012888
0.0 0.0 0.0130864
0.0 0.0 0.0132848
0.0 0.0 0.0134832
0.0 0.0 0.0136816
0.0 0.0 0.01388
0.0 0.0 0.0140784
0.0 0.0 0.0142768
0.0 0.0 0.0144752
0.0 0.0 0.0146736
0.0 0.0 0.014872
0.0 0.0 0.0150704
0.0 0.0 0.0152688
0.0 0.0 0.0154672
0.0 0.0 0.0156656
0.0 0.0 0.015864
0.0 0.0 0.0160624
0.0 0.0 0.0162608
0.0 0.0 0.0164592
0.0 0.0 0.0166576
0.0 0.0 0.016856
0.0 0.0 0.0170544
0.0 0.0 0.0172528
0.0 0.0 0.0174512
0.0 0.0 0.0176496
0.0 0.0 0.017848
0.0 0.0 0.0180464
0.0 0.0 0.0182448
0.0 0.0 0.0184432
0.0 0.0 0.0186416
0.0 0.0 0.01884
0.0 0.0 0.0190384
0.0 0.0 0.0192368
0.0 0.0 0.0194352
0.0 0.0 0.0196336
0.0 0.0 0.019832
