-0.00137340001009 0.000820836410188 -0.0187435897436
-0.00154754660854 0.000406324370923 -0.0173076923077
-0.0015994930821 -4.02725752512e-05 -0.0158717948718
-0.00152513754103 -0.000483689446784 -0.0144358974359
-0.00133035137968 -0.000888912372831 -0.013
-0.00103051564901 -0.00122394342073 -0.0115641025641
-0.000649306510698 -0.00146232727362 -0.0101282051282
-0.000216825678044 -0.00158524024215 -0.00869230769231
0.000232776529042 -0.00158297665413 -0.00725641025641
0.000663997822259 -0.00145571525101 -0.00582051282051
0.00104278733969 -0.00121350507382 -0.00438461538462
0.00133923443044 -0.000875471952911 -0.00294871794872
0.00152993051262 -0.000468308260171 -0.00151282051282
0.00159981750339 -2.41651785302e-05 -7.69230769231e-05
0.00154337686199 0.000421886076873 0.00135897435897
0.00136506535465 0.000834623614293 0.00279487179487
0.00107896313141 0.00118145611897 0.00423076923077
0.00070766190435 0.00143499638645 0.00566666666667
0.000280481020672 0.00157522391965 0.00710256410256
-0.000168847703702 0.00159106582295 0.00853846153846
-0.000604843575698 0.00148127115983 0.00997435897436
-0.000993078714621 0.00125450973155 0.0114102564103
-0.00130289660764 0.000928687476925 0.0128461538462
-0.00150983286382 0.000529532551708 0.0142820512821
-0.00159754701484 8.85637363037e-05 0.0157179487179
-0.00155911282004 -0.000359398406202 0.0171538461538
-0.00139756518862 -0.0007789810932 0.0185897435897
