-0.0002933729 0.0002051546 -0.0187420784
-0.0003933271 0.0002052636 -0.0187451011
-0.0003368887 0.0001015636 -0.0173072415
-0.0004368846 0.0001015986 -0.0173081431
-0.0003498774 -0.0000100433 -0.0158724402
-0.0004498691 -0.0000100930 -0.0158711496
-0.0003313130 -0.0001208628 -0.0144375879
-0.0004312558 -0.0001209819 -0.0144342069
-0.0002826557 -0.0002221523 -0.0130026022
-0.0003825200 -0.0002223039 -0.0129973978
-0.0002077385 -0.0003059173 -0.0115674110
-0.0003075193 -0.0003060544 -0.0115607941
-0.0001124677 -0.0003655417 -0.0101319585
-0.0002121855 -0.0003656219 -0.0101244517
-0.0000043589 -0.0003963108 -0.0086962097
-0.0001040539 -0.0003963093 -0.0086884057
0.0001080539 -0.0003957856 -0.0072601527
0.0000083344 -0.0003957028 -0.0072526678
0.0002158912 -0.0003639980 -0.0058238003
0.0001161077 -0.0003638596 -0.0058172254
0.0003106305 -0.0003034519 -0.0043871882
0.0002107631 -0.0003033007 -0.0043820426
0.0003847812 -0.0002189266 -0.0029503730
0.0002848360 -0.0002188094 -0.0029470629
0.0004324789 -0.0001171005 -0.0015134270
0.0003324863 -0.0001170536 -0.0015122140
0.0004499520 -0.0000060223 -0.0000764332
0.0003499568 -0.0000060603 -0.0000774129
0.0004358202 0.0001055270 0.0013605219
0.0003358682 0.0001054160 0.0013574268
0.0003912046 0.0002087308 0.0027973548
0.0002913281 0.0002085810 0.0027923888
0.0003196368 0.0002954350 0.0042339917
0.0002198448 0.0002952930 0.0042275468
0.0002267778 0.0003587943 0.0056703741
0.0001270531 0.0003587039 0.0056629592
0.0001199680 0.0003938113 0.0071064637
0.0000202726 0.0003938006 0.0070986645
0.0000076447 0.0003977303 0.0085422455
-0.0000920685 0.0003978026 0.0085346776
-0.0001013246 0.0003702514 0.0099777284
-0.0002010972 0.0003703842 0.0099709896
-0.0001983421 0.0003135513 0.0114129453
-0.0002981973 0.0003137036 0.0114075676
-0.0002757565 0.0002321096 0.0128479498
-0.0003756918 0.0002322342 0.0128443579
-0.0003274640 0.0001323540 0.0142828125
-0.0004274524 0.0001324123 0.0142812900
-0.0003493879 0.0000221539 0.0157176152
-0.0004493856 0.0000221279 0.0157182823
-0.0003397979 -0.0000897985 0.0171524441
-0.0004397585 -0.0000899007 0.0171552482
-0.0002994471 -0.0001946718 0.0185873838
-0.0003993355 -0.0001948187 0.0185921034
-0.0001934186 0.0002050457 -0.0187390556
-0.0002499970 0.0003220780 -0.0187323249
-0.0003768721 0.0003511055 -0.0187340769
-0.0004785044 0.0002702701 -0.0187429922
-0.0004783626 0.0001404424 -0.0187523575
-0.0003765536 0.0000593854 -0.0187551205
-0.0002497416 0.0000881365 -0.0187492006
-0.0002368928 0.0001015286 -0.0173063398
-0.0002934080 0.0002184702 -0.0172977581
-0.0004203146 0.0002473919 -0.0172966570
-0.0005220493 0.0001665151 -0.0173038658
-0.0005220037 0.0000367417 -0.0173139560
-0.0004202122 -0.0000442064 -0.0173193295
-0.0002933259 -0.0000153735 -0.0173159400
-0.0002498858 -0.0000099935 -0.0158737308
-0.0003062993 0.0001069052 -0.0158639757
-0.0004331759 0.0001357206 -0.0158601086
-0.0005349750 0.0000547541 -0.0158650415
-0.0005350397 -0.0000750249 -0.0158750598
-0.0004333214 -0.0001558901 -0.0158826196
-0.0003064159 -0.0001269485 -0.0158820282
-0.0002313703 -0.0001207437 -0.0144409690
-0.0002876748 -0.0000038268 -0.0144308107
-0.0004144693 0.0000249148 -0.0144244829
-0.0005162748 -0.0000561620 -0.0144267504
-0.0005164299 -0.0001860046 -0.0144359059
-0.0004148176 -0.0002668390 -0.0144450549
-0.0002879541 -0.0002377952 -0.0144473082
-0.0001827913 -0.0002220008 -0.0130078066
-0.0002390135 -0.0001050102 -0.0129980474
-0.0003656991 -0.0000762871 -0.0129897586
-0.0004674512 -0.0001574606 -0.0129891817
-0.0004676485 -0.0002874053 -0.0129967512
-0.0003661424 -0.0003682702 -0.0130067672
-0.0002393690 -0.0003391625 -0.0130116873
-0.0001079578 -0.0003057802 -0.0115740279
-0.0001641497 -0.0001886835 -0.0115654383
-0.0002907334 -0.0001599178 -0.0115558429
-0.0003923887 -0.0002411444 -0.0115524672
-0.0003925672 -0.0003711979 -0.0115578531
-0.0002911344 -0.0004521454 -0.0115679450
-0.0001644713 -0.0004230318 -0.0115751435
-0.0000127499 -0.0003654615 -0.0101394654
-0.0000689730 -0.0002482588 -0.0101327238
-0.0001954933 -0.0002194027 -0.0101225795
-0.0002970384 -0.0003006225 -0.0101166715
-0.0002971428 -0.0004307579 -0.0101194485
-0.0001957279 -0.0005118144 -0.0101288195
-0.0000691611 -0.0004827548 -0.0101377278
0.0000953361 -0.0003963124 -0.0087040137
0.0000390300 -0.0002790368 -0.0086996524
-0.0000874850 -0.0002500704 -0.0086897603
-0.0001889406 -0.0003312254 -0.0086817865
-0.0001889386 -0.0004613905 -0.0086817354
-0.0000874805 -0.0005425487 -0.0086896454
0.0000390336 -0.0005135862 -0.0086995602
0.0002077733 -0.0003958684 -0.0072676377
0.0001513581 -0.0002785755 -0.0072660010
0.0000247886 -0.0002495131 -0.0072571423
-0.0000766259 -0.0003305656 -0.0072477323
-0.0000765182 -0.0004606989 -0.0072448570
0.0000250307 -0.0005419200 -0.0072506816
0.0001515523 -0.0005130677 -0.0072608199
0.0003156747 -0.0003641364 -0.0058303751
0.0002591581 -0.0002468873 -0.0058315923
0.0001324911 -0.0002177729 -0.0058244664
0.0000310566 -0.0002987168 -0.0058143634
0.0000312368 -0.0004287667 -0.0058088910
0.0001328960 -0.0005099924 -0.0058121701
0.0002594828 -0.0004812292 -0.0058217314
0.0004104980 -0.0003036031 -0.0043923338
0.0003539190 -0.0001864451 -0.0043963088
0.0002271419 -0.0001573387 -0.0043914784
0.0001256323 -0.0002382016 -0.0043814800
0.0001258291 -0.0003681423 -0.0043738426
0.0002275840 -0.0004493129 -0.0043743174
0.0003542736 -0.0004205902 -0.0043825467
0.0004847263 -0.0002190437 -0.0029536830
0.0004281434 -0.0001019962 -0.0029601019
0.0003012775 -0.0000729555 -0.0029579484
0.0001996612 -0.0001537899 -0.0029488442
0.0001998137 -0.0002836294 -0.0029396450
0.0003016201 -0.0003647023 -0.0029372778
0.0004284181 -0.0003359589 -0.0029435253
0.0005324716 -0.0001171473 -0.0015146401
0.0004759443 -0.0000001952 -0.0015229960
0.0003490385 0.0000287425 -0.0015236896
0.0002473168 -0.0000521249 -0.0015161985
0.0002473777 -0.0001819026 -0.0015061637
0.0003491754 -0.0002628654 -0.0015011416
0.0004760541 -0.0002340466 -0.0015049140
0.0005499472 -0.0000059843 -0.0000754536
0.0004935179 0.0001109169 -0.0000850867
0.0003666334 0.0001397462 -0.0000885725
0.0002648403 0.0000587946 -0.0000832860
0.0002647908 -0.0000709798 -0.0000732081
0.0003665223 -0.0001518542 -0.0000659277
0.0004934288 -0.0001229285 -0.0000669270
0.0005357723 0.0001056381 0.0013636170
0.0004794530 0.0002225487 0.0013534672
0.0003526445 0.0002512978 0.0013474645
0.0002508360 0.0001702367 0.0013501289
0.0002506914 0.0000404062 0.0013594541
0.0003523197 -0.0000404289 0.0013684181
0.0004791926 -0.0000113979 0.0013702707
0.0004910811 0.0002088805 0.0028023209
0.0004348499 0.0003258578 0.0027924561
0.0003081484 0.0003545797 0.0027844103
0.0002063853 0.0002734180 0.0027842423
0.0002061905 0.0001434891 0.0027920785
0.0003077105 0.0000626322 0.0028020181
0.0004344987 0.0000917340 0.0028065764
0.0004194288 0.0002955771 0.0042404366
0.0003632363 0.0004126578 0.0042316356
0.0002366398 0.0004414140 0.0042221823
0.0001349690 0.0003601915 0.0042191951
0.0001347841 0.0002301526 0.0042249234
0.0002362244 0.0001492193 0.0042350538
0.0003629032 0.0001783359 0.0042419578
0.0003265025 0.0003588847 0.0056777889
0.0002702874 0.0004760736 0.0056707468
0.0001437614 0.0005049147 0.0056606322
0.0000422010 0.0004236902 0.0056550617
0.0000420834 0.0002935637 0.0056582300
0.0001434971 0.0002125231 0.0056677512
0.0002700755 0.0002415937 0.0056764558
0.0002196633 0.0003938221 0.0071142630
0.0001633714 0.0005110903 0.0071095358
0.0000368595 0.0005400410 0.0070995587
-0.0000646064 0.0004588738 0.0070918448
-0.0000646204 0.0003287092 0.0070922027
0.0000368281 0.0002475638 0.0071003630
0.0001633463 0.0002765417 0.0071101807
0.0001073579 0.0003976581 0.0085498133
0.0000509586 0.0005149523 0.0085477742
-0.0000756000 0.0005440032 0.0085387225
-0.0001770167 0.0004629348 0.0085294743
-0.0001769227 0.0003327933 0.0085269936
-0.0000753887 0.0002515780 0.0085331485
0.0000511280 0.0002804455 0.0085433043
-0.0000015520 0.0003701186 0.0099844672
-0.0000580559 0.0004873773 0.0099852773
-0.0001847074 0.0005164879 0.0099778657
-0.0002861353 0.0004355294 0.0099678134
-0.0002859624 0.0003054652 0.0099626901
-0.0001843189 0.0002242364 0.0099663536
-0.0000577443 0.0002530098 0.0099760454
-0.0000984869 0.0003133990 0.0114183230
-0.0001550603 0.0004305719 0.0114219183
-0.0002818222 0.0004596832 0.0114167320
-0.0003833184 0.0003788116 0.0114066694
-0.0003831202 0.0002488549 0.0113993080
-0.0002813768 0.0001676733 0.0114001909
-0.0001547030 0.0001963981 0.0114086534
-0.0001758211 0.0002319849 0.0128515417
-0.0002324073 0.0003490481 0.0128576384
-0.0003592630 0.0003781011 0.0128550869
-0.0004608633 0.0002972664 0.0128458087
-0.0004607011 0.0001674142 0.0128367904
-0.0003588985 0.0000863258 0.0128348229
-0.0002321150 0.0001150625 0.0128413879
-0.0002274756 0.0001322956 0.0142843350
-0.0002840140 0.0002492592 0.0142924516
-0.0004109178 0.0002782128 0.0142927365
-0.0005126258 0.0001973536 0.0142849752
-0.0005125499 0.0000675704 0.0142750122
-0.0004107471 -0.0000134075 0.0142703497
-0.0002838772 0.0000153979 0.0142744988
-0.0002493901 0.0000221799 0.0157169480
-0.0003058349 0.0001390849 0.0157264436
-0.0004327262 0.0001679287 0.0157295423
-0.0005345122 0.0000869913 0.0157239108
-0.0005345460 -0.0000427797 0.0157137898
-0.0004328021 -0.0001236642 0.0157068005
-0.0003058958 -0.0000947544 0.0157082060
-0.0002398373 -0.0000896962 0.0171496400
-0.0002961716 0.0000272093 0.0171597647
-0.0004229936 0.0000559670 0.0171654326
-0.0005248038 -0.0000250781 0.0171623757
-0.0005249369 -0.0001548975 0.0171528958
-0.0004232928 -0.0002357345 0.0171441316
-0.0002964115 -0.0002067172 0.0171426826
-0.0001995586 -0.0001945249 0.0185826642
-0.0002557999 -0.0000775600 0.0185926186
-0.0003825174 -0.0000488380 0.0186004081
-0.0004842903 -0.0001299871 0.0186001670
-0.0004844815 -0.0002599005 0.0185920769
-0.0003829470 -0.0003407506 0.0185822298
-0.0002561444 -0.0003116558 0.0185780407
-0.0000934644 0.0002049368 -0.0187360328
-0.0001222138 0.0003208476 -0.0187285393
-0.0002016229 0.0004102670 -0.0187244936
-0.0003134999 0.0004527101 -0.0187248227
-0.0004322152 0.0004384537 -0.0187294510
-0.0005305726 0.0003707638 -0.0187373184
-0.0005860396 0.0002651473 -0.0187466224
-0.0005859092 0.0001457996 -0.0187552317
-0.0005302115 0.0000400620 -0.0187611740
-0.0004317061 -0.0000278424 -0.0187630879
-0.0003129593 -0.0000423576 -0.0187605351
-0.0002011747 -0.0000001582 -0.0187541002
-0.0001219608 0.0000890884 -0.0187452576
-0.0001368968 0.0001014936 -0.0173054381
-0.0001655723 0.0002173348 -0.0172966902
-0.0002449483 0.0003066582 -0.0172904627
-0.0003568406 0.0003490010 -0.0172881823
-0.0004756161 0.0003346628 -0.0172903714
-0.0005740647 0.0002669284 -0.0172965285
-0.0006296332 0.0001613149 -0.0173052431
-0.0006295913 0.0000420172 -0.0173145188
-0.0005739487 -0.0000636352 -0.0173222307
-0.0004754524 -0.0001314385 -0.0173266119
-0.0003566668 -0.0001458599 -0.0173266589
-0.0002448042 -0.0001035955 -0.0173223609
-0.0001654910 -0.0000143276 -0.0173147025
-0.0001498941 -0.0000099438 -0.0158750215
-0.0001784699 0.0001058781 -0.0158657098
-0.0002577666 0.0001951381 -0.0158577922
-0.0003696182 0.0002373879 -0.0158530824
-0.0004884008 0.0002229484 -0.0158526595
-0.0005869029 0.0001551277 -0.0158566202
-0.0006425587 0.0000494625 -0.0158640572
-0.0006426182 -0.0000698403 -0.0158732669
-0.0005870678 -0.0001754501 -0.0158821393
-0.0004886334 -0.0002431729 -0.0158886420
-0.0003698651 -0.0002574942 -0.0158912851
-0.0002579713 -0.0002151331 -0.0158894633
-0.0001785855 -0.0001257942 -0.0158835939
-0.0001314275 -0.0001206246 -0.0144443500
-0.0001599087 -0.0000047658 -0.0144352100
-0.0002391045 0.0000844830 -0.0144262275
-0.0003508719 0.0001266759 -0.0144194602
-0.0004696065 0.0001121470 -0.0144164586
-0.0005681075 0.0000442247 -0.0144179101
-0.0006238096 -0.0000615307 -0.0144234823
-0.0006239521 -0.0001808921 -0.0144318987
-0.0005685024 -0.0002865152 -0.0144412311
-0.0004701632 -0.0003542029 -0.0144493417
-0.0003514630 -0.0003684489 -0.0144543723
-0.0002395945 -0.0003259895 -0.0144551706
-0.0001601855 -0.0002365517 -0.0144515536
-0.0000829269 -0.0002218492 -0.0130130111
-0.0001113480 -0.0001059086 -0.0130047644
-0.0001904525 -0.0000166153 -0.0129954263
-0.0003021184 0.0000255745 -0.0129871360
-0.0004207645 0.0000109957 -0.0129817926
-0.0005192105 -0.0000570118 -0.0129806204
-0.0005749034 -0.0001628684 -0.0129838877
-0.0005750847 -0.0002823236 -0.0129908463
-0.0005197130 -0.0003880116 -0.0129999018
-0.0004214731 -0.0004557207 -0.0130089798
-0.0003028707 -0.0004699394 -0.0130160007
-0.0001910761 -0.0004274104 -0.0130193560
-0.0001117002 -0.0003378766 -0.0130182770
-0.0000081770 -0.0003056431 -0.0115806448
-0.0000365910 -0.0001896012 -0.0115739427
-0.0001156420 -0.0001002216 -0.0115649863
-0.0002272205 -0.0000579801 -0.0115558275
-0.0003457653 -0.0000725538 -0.0115485644
-0.0004441190 -0.0001406039 -0.0115448609
-0.0004997501 -0.0002465410 -0.0115455655
-0.0004999142 -0.0003660963 -0.0115505166
-0.0004445736 -0.0004718809 -0.0115585802
-0.0003464063 -0.0005396610 -0.0115679088
-0.0002279011 -0.0005539090 -0.0115763655
-0.0001162062 -0.0005113607 -0.0115820129
-0.0000369095 -0.0004217635 -0.0115835573
0.0000869679 -0.0003653813 -0.0101469722
0.0000585059 -0.0002492500 -0.0101423439
-0.0000205462 -0.0001597689 -0.0101344765
-0.0001320785 -0.0001174370 -0.0101251724
-0.0002505402 -0.0001319521 -0.0101165631
-0.0003487933 -0.0001999890 -0.0101106209
-0.0004043291 -0.0003059612 -0.0101087069
-0.0004044251 -0.0004255918 -0.0101112598
-0.0003490592 -0.0005314748 -0.0101176947
-0.0002509152 -0.0005993537 -0.0101265373
-0.0001324765 -0.0006136783 -0.0101357621
-0.0000208762 -0.0005711670 -0.0101432556
0.0000583195 -0.0004815586 -0.0101473012
0.0001950311 -0.0003963139 -0.0087118177
0.0001664807 -0.0002801327 -0.0087096286
0.0000873735 -0.0001905663 -0.0087034715
-0.0000241680 -0.0001481333 -0.0086947569
-0.0001425909 -0.0001625547 -0.0086854812
-0.0002407660 -0.0002305265 -0.0086777693
-0.0002962025 -0.0003364774 -0.0086733881
-0.0002962007 -0.0004561352 -0.0086733411
-0.0002407609 -0.0005620878 -0.0086776391
-0.0001425837 -0.0006300627 -0.0086852975
-0.0000241603 -0.0006444877 -0.0086945619
0.0000873798 -0.0006020582 -0.0087033098
0.0001664843 -0.0005124942 -0.0087095373
0.0003074928 -0.0003959512 -0.0072751227
0.0002788409 -0.0002797750 -0.0072755457
0.0001996415 -0.0001901661 -0.0072715850
0.0000880383 -0.0001476525 -0.0072641479
-0.0000304019 -0.0001619738 -0.0072549383
-0.0001285458 -0.0002298491 -0.0072460658
-0.0001839099 -0.0003357289 -0.0072395632
-0.0001838108 -0.0004553575 -0.0072369200
-0.0001282713 -0.0005613294 -0.0072387418
-0.0000300148 -0.0006293677 -0.0072446112
0.0000884492 -0.0006438857 -0.0072531837
0.0001999822 -0.0006015574 -0.0072624953
0.0002790333 -0.0005120798 -0.0072704129
0.0004154583 -0.0003642749 -0.0058369500
0.0003867234 -0.0002481573 -0.0058399517
0.0003074234 -0.0001585615 -0.0058385002
0.0001957249 -0.0001160130 -0.0058329280
0.0000772166 -0.0001302589 -0.0058245116
-0.0000209526 -0.0001980359 -0.0058151791
-0.0000762934 -0.0003038169 -0.0058070686
-0.0000761277 -0.0004233688 -0.0058020379
-0.0000204937 -0.0005293037 -0.0058012397
0.0000778637 -0.0005973533 -0.0058048566
0.0001964119 -0.0006119281 -0.0058120603
0.0003079930 -0.0005696893 -0.0058212003
0.0003870451 -0.0004803132 -0.0058301828
0.0005103654 -0.0003037542 -0.0043974794
0.0004815917 -0.0001877304 -0.0044028228
0.0004022137 -0.0000981997 -0.0044039950
0.0002904158 -0.0000556725 -0.0044007276
0.0001718097 -0.0000698912 -0.0043937691
0.0000735666 -0.0001375985 -0.0043847136
0.0000181928 -0.0002432835 -0.0043756356
0.0000183737 -0.0003627351 -0.0043686147
0.0000740679 -0.0004685882 -0.0043652594
0.0001725166 -0.0005365933 -0.0043663383
0.0002911663 -0.0005511712 -0.0043716043
0.0004028358 -0.0005089822 -0.0043798510
0.0004819430 -0.0004196914 -0.0043891891
0.0005846714 -0.0002191609 -0.0029569930
0.0005559151 -0.0001032371 -0.0029642561
0.0004765059 -0.0000138030 -0.0029679596
0.0003646355 0.0000286532 -0.0029672551
0.0002459322 0.0000144053 -0.0029623039
0.0001475894 -0.0000532828 -0.0029542403
0.0000921362 -0.0001589044 -0.0029449117
0.0000922764 -0.0002782629 -0.0029364550
0.0001479778 -0.0003840148 -0.0029308076
0.0002464799 -0.0004519335 -0.0029292633
0.0003652170 -0.0004664598 -0.0029321757
0.0004769879 -0.0004242657 -0.0029388779
0.0005561873 -0.0003350175 -0.0029478342
0.0006324642 -0.0001171941 -0.0015158532
0.0006037759 -0.0000013457 -0.0015244625
0.0005243920 0.0000879901 -0.0015304048
0.0004124984 0.0001303474 -0.0015323187
0.0002937285 0.0001160228 -0.0015297658
0.0001952911 0.0000482978 -0.0015233310
0.0001397370 -0.0000573125 -0.0015144883
0.0001397931 -0.0001766142 -0.0015052636
0.0001954464 -0.0002822767 -0.0014977701
0.0002939474 -0.0003500939 -0.0014937244
0.0004127308 -0.0003645298 -0.0014940534
0.0005245847 -0.0003222772 -0.0014986818
0.0006038847 -0.0002330158 -0.0015065491
0.0006499424 -0.0000059463 -0.0000744739
0.0006213519 0.0001098748 -0.0000837496
0.0005420419 0.0001991410 -0.0000914614
0.0004301814 0.0002414024 -0.0000958427
0.0003113962 0.0002269774 -0.0000958897
0.0002128987 0.0001591707 -0.0000915917
0.0001572533 0.0000535158 -0.0000839333
0.0001572079 -0.0000657828 -0.0000746689
0.0002127727 -0.0001713954 -0.0000659209
0.0003112186 -0.0002391273 -0.0000596934
0.0004299928 -0.0002534621 -0.0000574130
0.0005418856 -0.0002111157 -0.0000596021
0.0006212636 -0.0001217893 -0.0000657593
0.0006357243 0.0001057491 0.0013667120
0.0006072310 0.0002215995 0.0013575024
0.0005280207 0.0003108464 0.0013486299
0.0004162395 0.0003530443 0.0013421273
0.0002974951 0.0003385264 0.0013394841
0.0001989904 0.0002706183 0.0013413059
0.0001432916 0.0001648771 0.0013471753
0.0001431588 0.0000455268 0.0013557478
0.0001986222 -0.0000600908 0.0013650594
0.0002969760 -0.0001277802 0.0013729770
0.0004156884 -0.0001420344 0.0013776868
0.0005275638 -0.0000995880 0.0013781098
0.0006069730 -0.0000101649 0.0013741491
0.0005909576 0.0002090302 0.0028072869
0.0005625309 0.0003249572 0.0027988705
0.0004834152 0.0004142411 0.0027895381
0.0003717348 0.0004564278 0.0027814275
0.0002530746 0.0004418530 0.0027763969
0.0001546179 0.0003738555 0.0027755986
0.0000989202 0.0002680128 0.0027792156
0.0000987411 0.0001485722 0.0027864192
0.0001541216 0.0000428960 0.0027955592
0.0002523746 -0.0000248066 0.0028045418
0.0003709917 -0.0000390258 0.0028113090
0.0004827991 0.0000034960 0.0028143107
0.0005621830 0.0000930174 0.0028128591
0.0005192208 0.0002957191 0.0042468815
0.0004908094 0.0004117466 0.0042399230
0.0004117538 0.0005011122 0.0042308675
0.0003001648 0.0005433434 0.0042217894
0.0001816060 0.0005287655 0.0042147686
0.0000832378 0.0004607181 0.0042114133
0.0000275952 0.0003547902 0.0042124922
0.0000274252 0.0002352484 0.0042177581
0.0000827669 0.0001294784 0.0042260048
0.0001809420 0.0000617108 0.0042353429
0.0002994598 0.0000474703 0.0042436333
0.0004111693 0.0000900193 0.0042489766
0.0004904793 0.0001796103 0.0042501489
0.0004262272 0.0003589750 0.0056852038
0.0003977750 0.0004750955 0.0056802526
0.0003187266 0.0005645624 0.0056721891
0.0002071910 0.0006068799 0.0056628604
0.0000887196 0.0005923537 0.0056544037
-0.0000095472 0.0005243115 0.0056487563
-0.0000650976 0.0004183409 0.0056472120
-0.0000652058 0.0002987186 0.0056501245
-0.0000098468 0.0001928485 0.0056568266
0.0000882971 0.0001249843 0.0056657829
0.0002067424 0.0001106727 0.0056749417
0.0003183547 0.0001531925 0.0056822048
0.0003975650 0.0002428028 0.0056859083
0.0003193587 0.0003938328 0.0071220623
0.0002908224 0.0005100101 0.0071195094
0.0002117259 0.0005995664 0.0071130746
0.0001001893 0.0006419855 0.0071042319
-0.0000182358 0.0006275496 0.0070950072
-0.0001164196 0.0005595659 0.0070875136
-0.0001718694 0.0004536086 0.0070834680
-0.0001718822 0.0003339512 0.0070837970
-0.0001164552 0.0002280058 0.0070884254
-0.0000182860 0.0001600433 0.0070962927
0.0001001360 0.0001456329 0.0071055968
0.0002116818 0.0001880760 0.0071142061
0.0002907975 0.0002776494 0.0071201484
0.0002070711 0.0003975859 0.0085573812
0.0001784333 0.0005137662 0.0085574282
0.0000992484 0.0006033724 0.0085531302
-0.0000123434 0.0006458768 0.0085454717
-0.0001307777 0.0006315420 0.0085362074
-0.0002289227 0.0005636521 0.0085274594
-0.0002842944 0.0004577598 0.0085212319
-0.0002842080 0.0003381237 0.0085189515
-0.0002286832 0.0002321511 0.0085211406
-0.0001304401 0.0001641189 0.0085272977
-0.0000119849 0.0001496126 0.0085360124
0.0000995456 0.0001919553 0.0085452881
0.0001786011 0.0002814469 0.0085529999
0.0000982206 0.0003699857 0.0099912061
0.0000694954 0.0004861144 0.0099938493
-0.0000097909 0.0005757155 0.0099920274
-0.0001214749 0.0006182624 0.0099861580
-0.0002399710 0.0006040083 0.0099775856
-0.0003381332 0.0005362184 0.0099682739
-0.0003934738 0.0004304227 0.0099603563
-0.0003933149 0.0003108577 0.0099556465
-0.0003376928 0.0002049143 0.0099552236
-0.0002393500 0.0001368628 0.0099591843
-0.0001208156 0.0001222931 0.0099666213
-0.0000092444 0.0001645428 0.0099758310
0.0000698040 0.0002539331 0.0099847034
0.0000013683 0.0003132467 0.0114237007
-0.0000274032 0.0004292850 0.0114287313
-0.0001067725 0.0005188276 0.0114295296
-0.0002185571 0.0005613613 0.0114259126
-0.0003371485 0.0005471421 0.0114187090
-0.0004353789 0.0004794276 0.0114095690
-0.0004907447 0.0003737302 0.0114005864
-0.0004905625 0.0002542640 0.0113938192
-0.0004348739 0.0001483973 0.0113908175
-0.0003364365 0.0000803828 0.0113922691
-0.0002178012 0.0000658018 0.0113978413
-0.0001061458 0.0001079947 0.0114062577
-0.0000270493 0.0001972956 0.0114155901
-0.0000758857 0.0002318603 0.0128551336
-0.0001046479 0.0003477975 0.0128621545
-0.0001840561 0.0004372463 0.0128655098
-0.0002959187 0.0004797150 0.0128644309
-0.0004146094 0.0004654745 0.0128591649
-0.0005129375 0.0003977872 0.0128509183
-0.0005683773 0.0002921595 0.0128415802
-0.0005682282 0.0001727893 0.0128332898
-0.0005125243 0.0000670229 0.0128279465
-0.0004140268 -0.0000009098 0.0128267742
-0.0002953002 -0.0000154463 0.0128300416
-0.0001835433 0.0000267435 0.0128370001
-0.0001043584 0.0001159945 0.0128460556
-0.0001274872 0.0001322372 0.0142858576
-0.0001561877 0.0002480939 0.0142943142
-0.0002355786 0.0003374426 0.0142999616
-0.0003474724 0.0003798147 0.0143015060
-0.0004662356 0.0003655031 0.0142985935
-0.0005646609 0.0002977866 0.0142918914
-0.0006202004 0.0001921782 0.0142829350
-0.0006201306 0.0000728714 0.0142737762
-0.0005644674 -0.0000328020 0.0142665131
-0.0004659627 -0.0001006334 0.0142628096
-0.0003471827 -0.0001150836 0.0142635142
-0.0002353384 -0.0000728421 0.0142684654
-0.0001560521 0.0000164140 0.0142765289
-0.0001493923 0.0000222059 0.0157162809
-0.0001779975 0.0001380275 0.0157255056
-0.0002573203 0.0002273009 0.0157329992
-0.0003691888 0.0002695746 0.0157370448
-0.0004879753 0.0002551643 0.0157367158
-0.0005864672 0.0001873711 0.0157320875
-0.0006421013 0.0000817257 0.0157242201
-0.0006421323 -0.0000375699 0.0157149160
-0.0005865533 -0.0001431864 0.0157063067
-0.0004880967 -0.0002109284 0.0157003645
-0.0003693177 -0.0002252771 0.0156984505
-0.0002574272 -0.0001829452 0.0157010034
-0.0001780579 -0.0000936306 0.0157074382
-0.0001398766 -0.0000895939 0.0171468360
-0.0001683825 0.0000262490 0.0171561003
-0.0002476075 0.0001154951 0.0171648483
-0.0003594021 0.0001576992 0.0171710758
-0.0004781555 0.0001431929 0.0171733562
-0.0005766627 0.0000752994 0.0171711671
-0.0006323569 -0.0000304278 0.0171650100
-0.0006324793 -0.0001497678 0.0171562953
-0.0005770017 -0.0002553813 0.0171470196
-0.0004786336 -0.0003230734 0.0171393078
-0.0003599097 -0.0003373368 0.0171349265
-0.0002480283 -0.0002949038 0.0171348795
-0.0001686202 -0.0002054954 0.0171391775
-0.0000996702 -0.0001943780 0.0185779445
-0.0001281035 -0.0000784641 0.0185865170
-0.0002072313 0.0000108113 0.0185958286
-0.0003189262 0.0000529961 0.0186037462
-0.0004376003 0.0000384264 0.0186084560
-0.0005360667 -0.0000295602 0.0186088790
-0.0005917681 -0.0001353887 0.0186049183
-0.0005919439 -0.0002548150 0.0185974812
-0.0005365538 -0.0003604801 0.0185882716
-0.0004382870 -0.0004281774 0.0185793992
-0.0003196553 -0.0004423981 0.0185728965
-0.0002078357 -0.0003998846 0.0185702533
-0.0001284449 -0.0003103762 0.0185720751
0.0000564670 0.0002047735 -0.0187314987
0.0000367639 0.0003280812 -0.0187231970
-0.0000201473 0.0004393613 -0.0187168915
-0.0001086959 0.0005277209 -0.0187131995
-0.0002202141 0.0005845109 -0.0187124822
-0.0003437856 0.0006041722 -0.0187148100
-0.0004673146 0.0005847802 -0.0187199549
-0.0005787090 0.0005282331 -0.0187274134
-0.0006670648 0.0004400662 -0.0187364553
-0.0007237332 0.0003289098 -0.0187461956
-0.0007431670 0.0002056447 -0.0187556808
-0.0007234639 0.0000823370 -0.0187639825
-0.0006665527 -0.0000289431 -0.0187702879
-0.0005780041 -0.0001173027 -0.0187739800
-0.0004664859 -0.0001740927 -0.0187746973
-0.0003429144 -0.0001937540 -0.0187723695
-0.0002193854 -0.0001743619 -0.0187672246
-0.0001079910 -0.0001178149 -0.0187597661
-0.0000196352 -0.0000296479 -0.0187507242
0.0000370332 0.0000815084 -0.0187409839
0.0000130971 0.0001014411 -0.0173040856
-0.0000065228 0.0002246828 -0.0172946803
-0.0000633753 0.0003358744 -0.0172865487
-0.0001518954 0.0004241318 -0.0172804868
-0.0002634180 0.0004808157 -0.0172770880
-0.0003870267 0.0005003774 -0.0172766849
-0.0005106216 0.0004809022 -0.0172793170
-0.0006221044 0.0004242964 -0.0172847267
-0.0007105626 0.0003361010 -0.0172923845
-0.0007673370 0.0002249491 -0.0173015406
-0.0007868704 0.0001017211 -0.0173112990
-0.0007672505 -0.0000215206 -0.0173207043
-0.0007103980 -0.0001327122 -0.0173288359
-0.0006218779 -0.0002209696 -0.0173348978
-0.0005103553 -0.0002776535 -0.0173382966
-0.0003867466 -0.0002972152 -0.0173386997
-0.0002631517 -0.0002777400 -0.0173360676
-0.0001516689 -0.0002211342 -0.0173306579
-0.0000632107 -0.0001329388 -0.0173230002
-0.0000064363 -0.0000217869 -0.0173138440
0.0000000934 -0.0000098692 -0.0158769574
-0.0000194209 0.0001133612 -0.0158671911
-0.0000761765 0.0002245095 -0.0158578755
-0.0001646178 0.0003126956 -0.0158499224
-0.0002760875 0.0003692874 -0.0158441104
-0.0003996743 0.0003887453 -0.0158410082
-0.0005232805 0.0003691645 -0.0158409197
-0.0006348068 0.0003124617 -0.0158438535
-0.0007233361 0.0002241875 -0.0158495224
-0.0007802027 0.0001129827 -0.0158573714
-0.0007998399 -0.0000102671 -0.0158666323
-0.0007803256 -0.0001334975 -0.0158763986
-0.0007235700 -0.0002446458 -0.0158857142
-0.0006351287 -0.0003328319 -0.0158936673
-0.0005236590 -0.0003894237 -0.0158994794
-0.0004000722 -0.0004088816 -0.0159025815
-0.0002764660 -0.0003893008 -0.0159026700
-0.0001649398 -0.0003325980 -0.0158997362
-0.0000764104 -0.0002443238 -0.0158940674
-0.0000195439 -0.0001331190 -0.0158862183
0.0000184866 -0.0001204460 -0.0144494215
-0.0000009323 0.0000028312 -0.0144400655
-0.0000575828 0.0001139946 -0.0144303014
-0.0001459195 0.0002021627 -0.0144210852
-0.0002572953 0.0002587050 -0.0144133188
-0.0003808080 0.0002780867 -0.0144077626
-0.0005043674 0.0002584106 -0.0144049605
-0.0006158785 0.0002016027 -0.0144051866
-0.0007044259 0.0001132239 -0.0144084190
-0.0007613420 0.0000019252 -0.0144143411
-0.0007810554 -0.0001213987 -0.0144223733
-0.0007616364 -0.0002446760 -0.0144317294
-0.0007049859 -0.0003558394 -0.0144414934
-0.0006166493 -0.0004440074 -0.0144507097
-0.0005052735 -0.0005005497 -0.0144584761
-0.0003817607 -0.0005199314 -0.0144640322
-0.0002582014 -0.0005002553 -0.0144668344
-0.0001466902 -0.0004434475 -0.0144666082
-0.0000581428 -0.0003550686 -0.0144633759
-0.0000012267 -0.0002437699 -0.0144574537
0.0000668696 -0.0002216219 -0.0130208177
0.0000475061 -0.0000982541 -0.0130126107
-0.0000090636 0.0000129783 -0.0130031692
-0.0000973022 0.0001011870 -0.0129934175
-0.0002085721 0.0001577376 -0.0129843102
-0.0003319816 0.0001770945 -0.0129767386
-0.0004554504 0.0001573629 -0.0129714441
-0.0005668926 0.0001004743 -0.0129689448
-0.0006553994 0.0000119974 -0.0129694854
-0.0007123071 -0.0000994072 -0.0129730130
-0.0007320453 -0.0002228343 -0.0129791823
-0.0007126818 -0.0003462021 -0.0129873893
-0.0006561120 -0.0004574345 -0.0129968308
-0.0005678735 -0.0005456432 -0.0130065825
-0.0004566035 -0.0006021938 -0.0130156898
-0.0003331941 -0.0006215507 -0.0130232614
-0.0002097253 -0.0006018191 -0.0130285559
-0.0000982831 -0.0005449305 -0.0130310552
-0.0000097763 -0.0004564536 -0.0130305146
0.0000471314 -0.0003450490 -0.0130269870
0.0001414941 -0.0003054374 -0.0115905701
0.0001221291 -0.0001819635 -0.0115841601
0.0000655907 -0.0000706297 -0.0115757867
-0.0000225866 0.0000176658 -0.0115662697
-0.0001337715 0.0000742801 -0.0115565404
-0.0002570805 0.0000936712 -0.0115475515
-0.0003804431 0.0000739411 -0.0115401826
-0.0004917838 0.0000170211 -0.0115351552
-0.0005802038 -0.0000715170 -0.0115329614
-0.0006370480 -0.0001830066 -0.0115338159
-0.0006567519 -0.0003065343 -0.0115376350
-0.0006373869 -0.0004300083 -0.0115440450
-0.0005808486 -0.0005413421 -0.0115524184
-0.0004926712 -0.0006296376 -0.0115619355
-0.0003814863 -0.0006862518 -0.0115716647
-0.0002581773 -0.0007056429 -0.0115806537
-0.0001348147 -0.0006859128 -0.0115880225
-0.0000234740 -0.0006289929 -0.0115930499
0.0000649460 -0.0005404547 -0.0115952437
0.0001217901 -0.0004289651 -0.0115943892
0.0002365446 -0.0003652610 -0.0101582325
0.0002171216 -0.0002416981 -0.0101541257
0.0001605555 -0.0001302618 -0.0101474817
0.0000723835 -0.0000418602 -0.0101389507
-0.0000387635 0.0000148532 -0.0101293679
-0.0001620058 0.0000343270 -0.0101196712
-0.0002852795 0.0000146549 -0.0101108099
-0.0003965177 -0.0000422373 -0.0101036514
-0.0004848317 -0.0001307808 -0.0100988964
-0.0005415766 -0.0002423083 -0.0100970103
-0.0005611979 -0.0003659026 -0.0100981778
-0.0005417748 -0.0004894655 -0.0101022846
-0.0004852088 -0.0006009019 -0.0101089286
-0.0003970368 -0.0006893034 -0.0101174596
-0.0002858897 -0.0007460168 -0.0101270424
-0.0001626474 -0.0007654906 -0.0101367390
-0.0000393737 -0.0007458186 -0.0101456003
0.0000718645 -0.0006889263 -0.0101527588
0.0001601784 -0.0006003828 -0.0101575139
0.0002169233 -0.0004888553 -0.0101593999
0.0003445737 -0.0003963162 -0.0087235238
0.0003250541 -0.0002727091 -0.0087220445
0.0002684098 -0.0001612009 -0.0087176544
0.0001801857 -0.0000727069 -0.0087107832
0.0000690176 -0.0000158894 -0.0087021035
-0.0000542126 0.0000036899 -0.0086924649
-0.0001774421 -0.0000158856 -0.0086828109
-0.0002886084 -0.0000726997 -0.0086740865
-0.0003768299 -0.0001611910 -0.0086671457
-0.0004334707 -0.0002726974 -0.0086626680
-0.0004529865 -0.0003963039 -0.0086610916
-0.0004334669 -0.0005199110 -0.0086625709
-0.0003768227 -0.0006314192 -0.0086669610
-0.0002885985 -0.0007199132 -0.0086738322
-0.0001774304 -0.0007767307 -0.0086825119
-0.0000542003 -0.0007963100 -0.0086921505
0.0000690292 -0.0007767345 -0.0087018045
0.0001801956 -0.0007199204 -0.0087105289
0.0002684171 -0.0006314291 -0.0087174697
0.0003250579 -0.0005199227 -0.0087219474
0.0004570719 -0.0003960753 -0.0072863501
0.0004374471 -0.0002724825 -0.0072876152
0.0003806984 -0.0001609554 -0.0072858257
0.0002923807 -0.0000724111 -0.0072811568
0.0001811392 -0.0000155169 -0.0072740656
0.0000578629 0.0000041581 -0.0072652461
-0.0000653809 -0.0000153122 -0.0072555617
-0.0001765283 -0.0000720218 -0.0072459604
-0.0002646994 -0.0001604196 -0.0072373819
-0.0003212635 -0.0002718526 -0.0072306661
-0.0003406837 -0.0003954130 -0.0072264704
-0.0003210588 -0.0005190058 -0.0072252053
-0.0002643101 -0.0006305329 -0.0072269948
-0.0001759924 -0.0007190772 -0.0072316637
-0.0000647509 -0.0007759715 -0.0072387550
0.0000585253 -0.0007956464 -0.0072475744
0.0001817691 -0.0007761762 -0.0072572588
0.0002929165 -0.0007194666 -0.0072668602
0.0003810877 -0.0006310687 -0.0072754386
0.0004376518 -0.0005196357 -0.0072821544
0.0005651336 -0.0003644825 -0.0058468123
0.0005454274 -0.0002409580 -0.0058507218
0.0004885803 -0.0001294708 -0.0058516742
0.0004001567 -0.0000409339 -0.0058495763
0.0002888121 0.0000159860 -0.0058446335
0.0001654458 0.0000357171 -0.0058373296
0.0000421337 0.0000163282 -0.0058283795
-0.0000690536 -0.0000402830 -0.0058186594
-0.0001572323 -0.0001285749 -0.0058091207
-0.0002137707 -0.0002399048 -0.0058006971
-0.0002331346 -0.0003633751 -0.0057942133
-0.0002134285 -0.0004868996 -0.0057903038
-0.0001565814 -0.0005983869 -0.0057893514
-0.0000681577 -0.0006869237 -0.0057914493
0.0000431868 -0.0007438436 -0.0057963921
0.0001665531 -0.0007635748 -0.0058036961
0.0002898653 -0.0007441858 -0.0058126461
0.0004010525 -0.0006875746 -0.0058223662
0.0004892312 -0.0005992828 -0.0058319049
0.0005457696 -0.0004879528 -0.0058403285
0.0006601665 -0.0003039810 -0.0044051978
0.0006404282 -0.0001805577 -0.0044114430
0.0005835191 -0.0000691568 -0.0044150621
0.0004950099 0.0000193172 -0.0044157009
0.0003835646 0.0000762036 -0.0044132968
0.0002600921 0.0000959341 -0.0044080852
0.0001366788 0.0000765774 -0.0044005762
0.0000254052 0.0000200281 -0.0043915048
-0.0000628364 -0.0000681782 -0.0043817590
-0.0001194083 -0.0001794074 -0.0043722929
-0.0001387728 -0.0003027715 -0.0043640329
-0.0001190345 -0.0004261948 -0.0043577877
-0.0000621254 -0.0005375958 -0.0043541686
0.0000263837 -0.0006260697 -0.0043535299
0.0001378291 -0.0006829562 -0.0043559340
0.0002613016 -0.0007026867 -0.0043611456
0.0003847149 -0.0006833299 -0.0043686546
0.0004959885 -0.0006267806 -0.0043777260
0.0005842300 -0.0005385743 -0.0043874717
0.0006408019 -0.0004273451 -0.0043969379
0.0007345891 -0.0002193366 -0.0029619581
0.0007148777 -0.0000960160 -0.0029700458
0.0006579624 0.0000152790 -0.0029760459
0.0005694146 0.0001036540 -0.0029793708
0.0004579019 0.0001604583 -0.0029796953
0.0003343400 0.0001801315 -0.0029769875
0.0002108240 0.0001607479 -0.0029715125
0.0000994444 0.0001042048 -0.0029638062
0.0000111039 0.0000160371 -0.0029546229
-0.0000455501 -0.0000951247 -0.0029448616
-0.0000649719 -0.0002183994 -0.0029354778
-0.0000452605 -0.0003417200 -0.0029273901
0.0000116548 -0.0004530149 -0.0029213900
0.0001002026 -0.0005413900 -0.0029180650
0.0002117153 -0.0005981943 -0.0029177406
0.0003352772 -0.0006178675 -0.0029204484
0.0004587932 -0.0005984839 -0.0029259234
0.0005701728 -0.0005419408 -0.0029336297
0.0006585133 -0.0004537731 -0.0029428130
0.0007151673 -0.0003426113 -0.0029525743
0.0007824532 -0.0001172644 -0.0015176728
0.0007628193 0.0000059837 -0.0015269645
0.0007059555 0.0001171857 -0.0015348717
0.0006174279 0.0002054565 -0.0015406203
0.0005059022 0.0002621555 -0.0015436477
0.0003822953 0.0002817325 -0.0015436576
0.0002587068 0.0002622712 -0.0015406489
0.0001472343 0.0002056767 -0.0015349161
0.0000587896 0.0001174888 -0.0015270205
0.0000020302 0.0000063400 -0.0015177349
-0.0000174879 -0.0001168897 -0.0015079682
0.0000021459 -0.0002401378 -0.0014986765
0.0000590098 -0.0003513399 -0.0014907694
0.0001475374 -0.0004396106 -0.0014850207
0.0002590631 -0.0004963096 -0.0014819933
0.0003826700 -0.0005158866 -0.0014819835
0.0005062585 -0.0004964254 -0.0014849922
0.0006177310 -0.0004398309 -0.0014907249
0.0007061757 -0.0003516430 -0.0014986205
0.0007629351 -0.0002404941 -0.0015079061
0.0007999352 -0.0000058894 -0.0000730044
0.0007804056 0.0001173390 -0.0000827663
0.0007236349 0.0002284900 -0.0000919562
0.0006351801 0.0003166834 -0.0000996746
0.0005236997 0.0003732863 -0.0001051659
0.0004001063 0.0003927580 -0.0001078926
0.0002764980 0.0003731924 -0.0001075878
0.0001649745 0.0003165048 -0.0001042813
0.0000764524 0.0002282441 -0.0000982968
0.0000195970 0.0001170500 -0.0000902201
-0.0000000264 -0.0000061932 -0.0000808418
0.0000195031 -0.0001294215 -0.0000710799
0.0000762738 -0.0002405725 -0.0000618899
0.0001647287 -0.0003287660 -0.0000541715
0.0002762090 -0.0003853689 -0.0000486802
0.0003998024 -0.0004048406 -0.0000459535
0.0005234107 -0.0003852750 -0.0000462583
0.0006349343 -0.0003285874 -0.0000495648
0.0007234563 -0.0002403267 -0.0000555493
0.0007803117 -0.0001291326 -0.0000636261
0.0007856523 0.0001059157 0.0013713546
0.0007662216 0.0002291830 0.0013618933
0.0007095568 0.0003403407 0.0013521463
0.0006212049 0.0004285077 0.0013430676
0.0005098141 0.0004850536 0.0013355461
0.0003862884 0.0005044435 0.0013303178
0.0002627191 0.0004847791 0.0013278946
0.0001512022 0.0004279855 0.0013285138
0.0000626537 0.0003396220 0.0013321146
0.0000057413 0.0002283382 0.0013383447
-0.0000139639 0.0001050274 0.0013465941
0.0000054668 -0.0000182400 0.0013560554
0.0000621316 -0.0001293976 0.0013658024
0.0001504836 -0.0002175646 0.0013748811
0.0002618743 -0.0002741106 0.0013824027
0.0003854001 -0.0002935004 0.0013876309
0.0005089693 -0.0002738361 0.0013900541
0.0006204862 -0.0002170425 0.0013894349
0.0007090347 -0.0001286790 0.0013858341
0.0007659471 -0.0000173952 0.0013796040
0.0007407724 0.0002092547 0.0028147360
0.0007214042 0.0003326079 0.0028063224
0.0006648255 0.0004438278 0.0027967880
0.0005765746 0.0005320274 0.0027870660
0.0004652900 0.0005885731 0.0027781080
0.0003418652 0.0006079299 0.0027707911
0.0002183817 0.0005882030 0.0027658313
0.0001069271 0.0005313234 0.0027637142
0.0000184112 0.0004428588 0.0027646470
-0.0000385014 0.0003314688 0.0027685385
-0.0000582397 0.0002080571 0.0027750076
-0.0000388715 0.0000847039 0.0027834212
0.0000177072 -0.0000265160 0.0027929556
0.0001059581 -0.0001147156 0.0028026776
0.0002172427 -0.0001712613 0.0028116356
0.0003406675 -0.0001906181 0.0028189525
0.0004641510 -0.0001708912 0.0028239123
0.0005756056 -0.0001140116 0.0028260294
0.0006641215 -0.0000255470 0.0028250966
0.0007210341 0.0000858430 0.0028212051
0.0006689088 0.0002959322 0.0042565488
0.0006495477 0.0004193913 0.0042498473
0.0005930084 0.0005307097 0.0042412783
0.0005048255 0.0006189909 0.0042316806
0.0003936308 0.0006755932 0.0042219937
0.0002703089 0.0006949761 0.0042131658
0.0001469314 0.0006752421 0.0042060610
0.0000355753 0.0006183230 0.0042013749
-0.0000528590 0.0005297905 0.0041995661
-0.0001097150 0.0004183106 0.0042008116
-0.0001294272 0.0002947959 0.0042049896
-0.0001100661 0.0001713368 0.0042116911
-0.0000535268 0.0000600183 0.0042202601
0.0000346561 -0.0000282629 0.0042298578
0.0001458508 -0.0000848652 0.0042395447
0.0002691727 -0.0001042480 0.0042483726
0.0003925502 -0.0000845141 0.0042554774
0.0005039062 -0.0000275950 0.0042601636
0.0005923405 0.0000609376 0.0042619724
0.0006491965 0.0001724174 0.0042607269
0.0005758142 0.0003591106 0.0056963260
0.0005564024 0.0004826630 0.0056918658
0.0004998438 0.0005940859 0.0056849389
0.0004116747 0.0006824724 0.0056762234
0.0003005258 0.0007391706 0.0056665724
0.0001772770 0.0007586304 0.0056569306
0.0000539928 0.0007389471 0.0056482419
-0.0000572588 0.0006820474 0.0056413567
-0.0001455879 0.0005935010 0.0056369490
-0.0002023480 0.0004819754 0.0056354503
-0.0002219832 0.0003583876 0.0056370073
-0.0002025715 0.0002348352 0.0056414675
-0.0001460129 0.0001234123 0.0056483945
-0.0000578438 0.0000350258 0.0056571100
0.0000533052 -0.0000216724 0.0056667610
0.0001765540 -0.0000411322 0.0056764027
0.0002998381 -0.0000214489 0.0056850915
0.0004110898 0.0000354508 0.0056919766
0.0004994188 0.0001239972 0.0056963843
0.0005561790 0.0002355228 0.0056978830
0.0004689018 0.0003938489 0.0071337612
0.0004493973 0.0005174532 0.0071318944
0.0003927666 0.0006289539 0.0071271566
0.0003045529 0.0007174368 0.0071200115
0.0001933914 0.0007742404 0.0071111585
0.0000701632 0.0007938045 0.0071014642
-0.0000530692 0.0007742139 0.0070918776
-0.0001642429 0.0007173863 0.0070833371
-0.0002524756 0.0006288844 0.0070766786
-0.0003091303 0.0005173715 0.0070725540
-0.0003286613 0.0003937630 0.0070713670
-0.0003091568 0.0002701588 0.0070732338
-0.0002525261 0.0001586580 0.0070779716
-0.0001643124 0.0000701752 0.0070851168
-0.0000531509 0.0000133715 0.0070939697
0.0000700773 -0.0000061925 0.0071036640
0.0001933097 0.0000133981 0.0071132506
0.0003044834 0.0000702257 0.0071217911
0.0003927161 0.0001587275 0.0071284496
0.0004493708 0.0002702405 0.0071325742
0.0003566409 0.0003974776 0.0085687329
0.0003370304 0.0005210760 0.0085696070
0.0002802970 0.0006326041 0.0085674324
0.0001919942 0.0007211446 0.0085624218
0.0000807656 0.0007780306 0.0085550659
-0.0000425008 0.0007976937 0.0085460846
-0.0001657390 0.0007782091 0.0085363572
-0.0002768854 0.0007214842 0.0085268357
-0.0003650604 0.0006330715 0.0085184522
-0.0004216328 0.0005216255 0.0085120274
-0.0004410647 0.0003980553 0.0085081901
-0.0004214542 0.0002744569 0.0085073161
-0.0003647208 0.0001629288 0.0085094907
-0.0002764180 0.0000743883 0.0085145012
-0.0001651895 0.0000175023 0.0085218572
-0.0000419230 -0.0000021608 0.0085308384
0.0000813151 0.0000173238 0.0085405659
0.0001924616 0.0000740487 0.0085500874
0.0002806366 0.0001624614 0.0085584709
0.0003372089 0.0002739074 0.0085648957
0.0002478795 0.0003697865 0.0100013143
0.0002281824 0.0004933234 0.0100048602
0.0001713477 0.0006048197 0.0100054205
0.0000829387 0.0006933612 0.0100029402
-0.0000283905 0.0007502811 0.0099976622
-0.0001517422 0.0007700075 0.0099901031
-0.0002750419 0.0007506094 0.0099810029
-0.0003862202 0.0006939858 0.0099712523
-0.0004743941 0.0006056793 0.0099618058
-0.0005309326 0.0004943340 0.0099535881
-0.0005503013 0.0003708491 0.0099474036
-0.0005306042 0.0002473122 0.0099438577
-0.0004737695 0.0001358159 0.0099432975
-0.0003853605 0.0000472743 0.0099457777
-0.0002740313 -0.0000096455 0.0099510557
-0.0001506796 -0.0000293719 0.0099586148
-0.0000273799 -0.0000099739 0.0099677151
0.0000837984 0.0000466498 0.0099774656
0.0001719723 0.0001349563 0.0099869121
0.0002285108 0.0002463016 0.0099951298
0.0001511510 0.0003130182 0.0114317672
0.0001314138 0.0004364569 0.0114377050
0.0000745104 0.0005478721 0.0114409559
-0.0000139889 0.0006363578 0.0114412017
-0.0001254213 0.0006932525 0.0114384184
-0.0002488789 0.0007129868 0.0114328784
-0.0003722769 0.0006936290 0.0114251240
-0.0004835361 0.0006370740 0.0114159143
-0.0005717659 0.0005488578 0.0114061507
-0.0006283296 0.0004376156 0.0113967890
-0.0006476904 0.0003142366 0.0113887456
-0.0006279531 0.0001907980 0.0113828078
-0.0005710498 0.0000793828 0.0113795569
-0.0004825504 -0.0000091030 0.0113793111
-0.0003711181 -0.0000659976 0.0113820944
-0.0002476605 -0.0000857319 0.0113876344
-0.0001242625 -0.0000663741 0.0113953888
-0.0000130032 -0.0000098191 0.0114045986
0.0000752266 0.0000783971 0.0114143621
0.0001317903 0.0001896392 0.0114237238
0.0000740174 0.0002316734 0.0128605215
0.0000542986 0.0003550075 0.0128683823
-0.0000026194 0.0004663175 0.0128740671
-0.0000911652 0.0005547078 0.0128770197
-0.0002026713 0.0006115260 0.0128769508
-0.0003262226 0.0006312104 0.0128738674
-0.0004497252 0.0006118341 0.0128680711
-0.0005610896 0.0005552938 0.0128601294
-0.0006494149 0.0004671241 0.0128508197
-0.0007060550 0.0003559556 0.0128410533
-0.0007254657 0.0002326704 0.0128317862
-0.0007057469 0.0001093363 0.0128239254
-0.0006488289 -0.0000019738 0.0128182406
-0.0005602831 -0.0000903640 0.0128152880
-0.0004487770 -0.0001471822 0.0128153569
-0.0003252257 -0.0001668666 0.0128184403
-0.0002017231 -0.0001474903 0.0128242366
-0.0000903587 -0.0000909500 0.0128321783
-0.0000020334 -0.0000027803 0.0128414880
0.0000546067 0.0001083881 0.0128512544
0.0000224954 0.0001321497 0.0142881413
0.0000028481 0.0002554053 0.0142973043
-0.0000540262 0.0003666186 0.0143049742
-0.0001425603 0.0004549033 0.0143104003
-0.0002540878 0.0005116175 0.0143130514
-0.0003776916 0.0005312096 0.0143126679
-0.0005012727 0.0005117618 0.0143092875
-0.0006127339 0.0004551777 0.0143032411
-0.0007011647 0.0003669963 0.0142951204
-0.0007579088 0.0002558493 0.0142857204
-0.0007774118 0.0001326166 0.0142759612
-0.0007577645 0.0000093610 0.0142667982
-0.0007008902 -0.0001018523 0.0142591283
-0.0006123562 -0.0001901371 0.0142537022
-0.0005008287 -0.0002468513 0.0142510512
-0.0003772248 -0.0002664433 0.0142514346
-0.0002536438 -0.0002469955 0.0142548150
-0.0001421826 -0.0001904115 0.0142608615
-0.0000537518 -0.0001022300 0.0142689822
0.0000029924 0.0000089170 0.0142783822
0.0000006043 0.0000222448 0.0157152802
-0.0000189405 0.0001454723 0.0157250219
-0.0000757261 0.0002566273 0.0157340713
-0.0001641938 0.0003448291 0.0157415424
-0.0002756839 0.0004014439 0.0157467041
-0.0003992828 0.0004209299 0.0157490509
-0.0005228920 0.0004013797 0.0157483533
-0.0006344116 0.0003447069 0.0157446794
-0.0007229253 0.0002564591 0.0157383890
-0.0007797688 0.0001452747 0.0157300977
-0.0007993778 0.0000220370 0.0157206172
-0.0007798330 -0.0001011905 0.0157108755
-0.0007230474 -0.0002123454 0.0157018262
-0.0006345797 -0.0003005472 0.0156943550
-0.0005230896 -0.0003571620 0.0156891934
-0.0003994907 -0.0003766480 0.0156868465
-0.0002758815 -0.0003570978 0.0156875441
-0.0001643620 -0.0003004250 0.0156912180
-0.0000758482 -0.0002121773 0.0156975084
-0.0000190047 -0.0001009928 0.0157057997
0.0000100643 -0.0000894405 0.0171426298
-0.0000093790 0.0000338179 0.0171521810
-0.0000660584 0.0001449709 0.0171618952
-0.0001544257 0.0002331381 0.0171708215
-0.0002658310 0.0002896890 0.0171780861
-0.0003893691 0.0003090879 0.0171829780
-0.0005129473 0.0002894361 0.0171850182
-0.0006244688 0.0002326572 0.0171840071
-0.0007130171 0.0001443091 0.0171800436
-0.0007699246 0.0000330398 0.0171735157
-0.0007896207 -0.0000902587 0.0171650625
-0.0007701774 -0.0002135171 0.0171555113
-0.0007134980 -0.0003246702 0.0171457971
-0.0006251307 -0.0004128373 0.0171368708
-0.0005137254 -0.0004693882 0.0171296062
-0.0003901873 -0.0004887872 0.0171247143
-0.0002666091 -0.0004691354 0.0171226741
-0.0001550876 -0.0004123564 0.0171236852
-0.0000665393 -0.0003240083 0.0171276487
-0.0000096318 -0.0002127390 0.0171341766
0.0000501625 -0.0001941577 0.0185708651
0.0000307885 -0.0000708188 0.0185794716
-0.0000258001 0.0000403894 0.0185890836
-0.0001140641 0.0001285809 0.0185987601
-0.0002253636 0.0001851230 0.0186075541
-0.0003488037 0.0002044810 0.0186146047
-0.0004723014 0.0001847599 0.0186192216
-0.0005837678 0.0001278902 0.0186209531
-0.0006722918 0.0000394387 0.0186196296
-0.0007292080 -0.0000719364 0.0186153806
-0.0007489451 -0.0001953328 0.0186086221
-0.0007295711 -0.0003186718 0.0186000156
-0.0006729825 -0.0004298799 0.0185904036
-0.0005847185 -0.0005180714 0.0185807271
-0.0004734190 -0.0005746135 0.0185719331
-0.0003499789 -0.0005939715 0.0185648825
-0.0002264812 -0.0005742504 0.0185602656
-0.0001150148 -0.0005173807 0.0185585341
-0.0000264908 -0.0004289292 0.0185598576
0.0000304254 -0.0003175542 0.0185641066
-0.0000472354 -0.0006071751 0.0199958474
0.0000412128 -0.0005186493 0.0199944265
0.0000980798 -0.0004071801 0.0199960611
