-0.000147001127119 0.000135612199398 -0.0194230769231
-0.000180690086922 8.57385122806e-05 -0.0188461538462
-0.000198016065592 2.8100494077e-05 -0.0182692307692
-0.000197410052528 -3.20822561716e-05 -0.0176923076923
-0.000178926927221 -8.93596929003e-05 -0.0171153846154
-0.000144240489469 -0.000138544870702 -0.0165384615385
-9.64918829614e-05 -0.000175183665113 -0.0159615384615
-4.00051387552e-05 -0.000195958130408 -0.0153846153846
2.01044014871e-05 -0.000198986967013 -0.0148076923077
7.8393321972e-05 -0.000183995888732 -0.0142307692308
0.000129583079076 -0.000152342461635 -0.0136538461538
0.000169038017109 -0.000106893165226 -0.0130769230769
0.000193185165258 -5.17638090205e-05 -0.0125
0.000199837799634 8.05318802188e-06 -0.0119230769231
0.000188393469198 6.71409023133e-05 -0.0113461538462
0.000159888552681 0.000120148452848 -0.0107692307692
0.000116904405922 0.000162275567711 -0.0101923076923
6.33335987603e-05 0.000189707288389 -0.00961538461538
4.02741065309e-06 0.000199959445797 -0.00903846153846
-5.56434927833e-05 0.000192103622326 -0.00846153846154
-0.000110275417944 0.000166851227737 -0.00788461538462
-0.000154920992366 0.000126489075119 -0.00730769230769
-0.000185537190199 7.46722910665e-05 -0.00673076923077
-0.000199351461627 1.60933137433e-05 -0.00615384615385
-0.000195112810169 -4.39430461824e-05 -0.00557692307692
-0.000173205080757 -0.0001 -0.005
-0.000135612199398 -0.000147001127119 -0.00442307692308
-8.57385122806e-05 -0.000180690086922 -0.00384615384615
-2.8100494077e-05 -0.000198016065592 -0.00326923076923
3.20822561716e-05 -0.000197410052528 -0.00269230769231
8.93596929003e-05 -0.000178926927221 -0.00211538461538
0.000138544870702 -0.000144240489469 -0.00153846153846
0.000175183665113 -9.64918829614e-05 -0.000961538461538
0.000195958130408 -4.00051387552e-05 -0.000384615384615
0.000198986967013 2.01044014871e-05 0.000192307692308
0.000183995888732 7.8393321972e-05 0.000769230769231
0.000152342461635 0.000129583079076 0.00134615384615
0.000106893165226 0.000169038017109 0.00192307692308
5.17638090205e-05 0.000193185165258 0.0025
-8.05318802188e-06 0.000199837799634 0.00307692307692
-6.71409023133e-05 0.000188393469198 0.00365384615385
-0.000120148452848 0.000159888552681 0.00423076923077
-0.000162275567711 0.000116904405922 0.00480769230769
-0.000189707288389 6.33335987603e-05 0.00538461538462
-0.000199959445797 4.02741065309e-06 0.00596153846154
-0.000192103622326 -5.56434927833e-05 0.00653846153846
-0.000166851227737 -0.000110275417944 0.00711538461538
-0.000126489075119 -0.000154920992366 0.00769230769231
-7.46722910665e-05 -0.000185537190199 0.00826923076923
-1.60933137433e-05 -0.000199351461627 0.00884615384615
4.39430461824e-05 -0.000195112810169 0.00942307692308
0.0001 -0.000173205080757 0.01
0.000147001127119 -0.000135612199398 0.0105769230769
0.000180690086922 -8.57385122806e-05 0.0111538461538
0.000198016065592 -2.8100494077e-05 0.0117307692308
0.000197410052528 3.20822561716e-05 0.0123076923077
0.000178926927221 8.93596929003e-05 0.0128846153846
0.000144240489469 0.000138544870702 0.0134615384615
9.64918829614e-05 0.000175183665113 0.0140384615385
4.00051387552e-05 0.000195958130408 0.0146153846154
-2.01044014871e-05 0.000198986967013 0.0151923076923
-7.8393321972e-05 0.000183995888732 0.0157692307692
-0.000129583079076 0.000152342461635 0.0163461538462
-0.000169038017109 0.000106893165226 0.0169230769231
-0.000193185165258 5.17638090205e-05 0.0175
-0.000199837799634 -8.05318802188e-06 0.0180769230769
-0.000188393469198 -6.71409023133e-05 0.0186538461538
-0.000159888552681 -0.000120148452848 0.0192307692308
-0.000116904405922 -0.000162275567711 0.0198076923077
