0.000388652693166 9.45995988095e-05 -0.019848
0.000340924680216 0.000209213676464 -0.0196496
0.000260352090078 0.000303672173885 -0.0194512
0.000154697260915 0.00036887498894 -0.0192528
3.41389459623e-05 0.000398540502796 -0.0190544
-8.97083043797e-05 0.000389810749115 -0.018856
-0.000204913084702 0.000343526749639 -0.0186576
-0.000300376602459 0.00026414749042 -0.0184592
-0.000366901932171 0.000159320344493 -0.0182608
-0.000398080044356 3.91443263479e-05 -0.0180624
-0.000390907249427 -8.48028439688e-05 -0.017864
-0.000346074572206 -0.00020058013479 -0.0176656
-0.000267901178811 -0.000297033598085 -0.0174672
-0.000163918269541 -0.000364870937334 -0.0172688
-4.41435253906e-05 -0.000397556724463 -0.0170704
7.98839922058e-05 -0.000391942020954 -0.016872
0.000196215510948 -0.000348567745586 -0.0166736
0.000293643688663 -0.000271612562501 -0.0164752
0.000362782325146 -0.000168490309994 -0.0162768
0.000396970625755 -4.91357536589e-05 -0.0160784
0.000392914900291 7.49525258343e-05 -0.01588
0.000351005876079 0.000191819902403 -0.0156816
0.000275281055418 0.000290207409499 -0.0154832
0.000173035743875 0.000360636425423 -0.0152848
5.41202228221e-05 0.000396321840783 -0.0150864
-7.00092235901e-05 0.000393825733812 -0.014888
-0.000187394003272 0.000353388578675 -0.0146896
-0.00028672530322 0.000278906078265 -0.0144912
-0.000358433577028 0.000177553853405 -0.0142928
-0.000395610471998 5.90961457747e-05 -0.0140944
-0.000394674377683 -6.5054866078e-05 -0.013896
-0.000355715477117 -0.000182938512456 -0.0136976
-0.000282487058609 -0.000283197919693 -0.0134992
-0.000182043925123 -0.000356174127816 -0.0133008
-6.40627367609e-05 -0.000394836631734 -0.0131024
6.00902356483e-05 -0.000395460697895 -0.012904
0.000178454133527 -0.000357986203962 -0.0127056
0.00027962581593 -0.000286023430973 -0.0125072
0.000353858434581 -0.000186505249996 -0.0123088
0.000394000442188 -6.90192114983e-05 -0.0121104
0.000396184570279 5.51161162739e-05 -0.011912
0.000360200400635 0.000173941574622 -0.0117136
0.00028951463692 0.00027600955601 -0.0115152
0.000190937123527 0.000351486862996 -0.0113168
7.39647873021e-05 0.000393102035405 -0.0111184
-5.01332934257e-05 0.000396845880526 -0.01092
-0.000169401548326 0.00036235771749 -0.0107216
-0.000272349710982 0.000292960125151 -0.0105232
-0.000349059787562 0.000195338845874 -0.0103248
-0.000392141553253 7.88986832085e-05 -0.0101264
-0.000397444524208 -4.51425539494e-05 -0.009928
-0.000364457813861 -0.000164834771562 -0.0097296
-0.000296359351581 -0.000268646858776 -0.0095312
-0.000199709721952 -0.00034657759154 -0.0093328
-8.38201200983e-05 -0.000391119147405 -0.0091344
4.01446859405e-05 -0.000397980406793 -0.008936
0.000160241965477 -0.000366500358117 -0.0087376
0.000264901584118 -0.000299711779434 -0.0085392
0.0003440406669 -0.00020404906155 -0.0083408
0.000390034979309 -8.87283208194e-05 -0.0081424
0.000398453443657 3.51404786203e-05 -0.007944
0.000368485027719 0.000155623855327 -0.0077456
0.000303016879323 0.000261114478429 -0.0075472
0.000208356179435 0.000341449414249 -0.0073488
9.36225103101e-05 0.000388889220168 -0.0071504
-3.01307222112e-05 0.000398863560104 -0.006952
-0.000150981170367 0.000370411509263 -0.0067536
-0.000257286139736 0.000306274129335 -0.0065552
-0.000338804242778 0.000212630395465 -0.0063568
-0.000387682050912 9.85019157211e-05 -0.0061584
-0.000399210691371 -2.51162078117e-05 -0.00596
-0.000372279498536 -0.00014631464373 -0.0057616
-0.00030948301511 -0.00025341717258 -0.0055632
-0.00021687103469 -0.00033610557019 -0.0053648
-0.000103365766538 -0.000386413662165 -0.0051664
2.00977272719e-05 -0.000399494782642 -0.004968
0.000141625012315 -0.00037408870056 -0.0047696
0.000249508187914 -0.00031264302993 -0.0045712
0.000333353822635 -0.000221077427465 -0.0043728
0.000385084254222 -0.000108213294702 -0.0041744
0.000399715789056 1.5076073068e-05 -0.003976
0.000375838829642 0.000136913016668 -0.0037776
0.000315753674791 0.000245559803013 -0.0035792
0.000225248909551 0.000330549434648 -0.0033808
0.000113043734732 0.000383694037011 -0.0031824
-1.00520381773e-05 0.000399873675713 -0.002984
-0.000132179400869 0.000377529609416 -0.0027856
-0.000241572641373 0.000318814458487 -0.0025872
-0.000327692849073 0.000229384822223 -0.0023888
-0.000382243230064 0.000117856323846 -0.0021904
-0.000399968417682 -5.02641595334e-06 -0.001992
-0.000379160772888 -0.00012742491241 -0.0017936
-0.000321824897684 -0.000237547332612 -0.0015952
-0.000233484512373 -0.000324784516998 -0.0013968
-0.00012265030208 -0.000380732062479 -0.0011984
2.44929359829e-20 -0.0004 -0.001
0.00012265030208 -0.000380732062479 -0.0008016
0.000233484512373 -0.000324784516998 -0.0006032
0.000321824897684 -0.000237547332612 -0.0004048
0.000379160772888 -0.00012742491241 -0.0002064
0.000399968417682 -5.02641595335e-06 -8.00000000001e-06
0.000382243230064 0.000117856323846 0.0001904
0.000327692849073 0.000229384822223 0.0003888
0.000241572641373 0.000318814458487 0.0005872
0.000132179400869 0.000377529609416 0.0007856
1.00520381773e-05 0.000399873675713 0.000984
-0.000113043734732 0.000383694037011 0.0011824
-0.000225248909551 0.000330549434648 0.0013808
-0.000315753674791 0.000245559803013 0.0015792
-0.000375838829642 0.000136913016668 0.0017776
-0.000399715789056 1.5076073068e-05 0.001976
-0.000385084254222 -0.000108213294702 0.0021744
-0.000333353822635 -0.000221077427465 0.0023728
-0.000249508187914 -0.00031264302993 0.0025712
-0.000141625012315 -0.00037408870056 0.0027696
-2.00977272719e-05 -0.000399494782642 0.002968
0.000103365766538 -0.000386413662165 0.0031664
0.00021687103469 -0.00033610557019 0.0033648
0.00030948301511 -0.00025341717258 0.0035632
0.000372279498536 -0.00014631464373 0.0037616
0.000399210691371 -2.51162078117e-05 0.00396
0.000387682050912 9.85019157211e-05 0.0041584
0.000338804242778 0.000212630395465 0.0043568
0.000257286139736 0.000306274129335 0.0045552
0.000150981170367 0.000370411509263 0.0047536
3.01307222112e-05 0.000398863560104 0.004952
-9.362251031e-05 0.000388889220168 0.0051504
-0.000208356179435 0.000341449414249 0.0053488
-0.000303016879323 0.000261114478429 0.0055472
-0.000368485027719 0.000155623855327 0.0057456
-0.000398453443657 3.51404786203e-05 0.005944
-0.000390034979309 -8.87283208194e-05 0.0061424
-0.0003440406669 -0.00020404906155 0.0063408
-0.000264901584118 -0.000299711779434 0.0065392
-0.000160241965477 -0.000366500358117 0.0067376
-4.01446859405e-05 -0.000397980406793 0.006936
8.38201200983e-05 -0.000391119147405 0.0071344
0.000199709721952 -0.00034657759154 0.0073328
0.000296359351581 -0.000268646858776 0.0075312
0.000364457813861 -0.000164834771562 0.0077296
0.000397444524208 -4.51425539494e-05 0.007928
0.000392141553253 7.88986832085e-05 0.0081264
0.000349059787562 0.000195338845874 0.0083248
0.000272349710982 0.000292960125151 0.0085232
0.000169401548326 0.00036235771749 0.0087216
5.01332934257e-05 0.000396845880526 0.00892
-7.39647873021e-05 0.000393102035405 0.0091184
-0.000190937123527 0.000351486862996 0.0093168
-0.00028951463692 0.00027600955601 0.0095152
-0.000360200400635 0.000173941574622 0.0097136
-0.000396184570279 5.51161162739e-05 0.009912
-0.000394000442188 -6.90192114983e-05 0.0101104
-0.000353858434581 -0.000186505249996 0.0103088
-0.00027962581593 -0.000286023430973 0.0105072
-0.000178454133527 -0.000357986203962 0.0107056
-6.00902356483e-05 -0.000395460697895 0.010904
6.40627367609e-05 -0.000394836631734 0.0111024
0.000182043925123 -0.000356174127816 0.0113008
0.000282487058609 -0.000283197919693 0.0114992
0.000355715477117 -0.000182938512456 0.0116976
0.000394674377683 -6.5054866078e-05 0.011896
0.000395610471998 5.90961457747e-05 0.0120944
0.000358433577028 0.000177553853405 0.0122928
0.00028672530322 0.000278906078265 0.0124912
0.000187394003272 0.000353388578675 0.0126896
7.00092235901e-05 0.000393825733812 0.012888
-5.41202228221e-05 0.000396321840783 0.0130864
-0.000173035743875 0.000360636425423 0.0132848
-0.000275281055418 0.000290207409499 0.0134832
-0.000351005876079 0.000191819902403 0.0136816
-0.000392914900291 7.49525258343e-05 0.01388
-0.000396970625755 -4.91357536589e-05 0.0140784
-0.000362782325146 -0.000168490309994 0.0142768
-0.000293643688663 -0.000271612562501 0.0144752
-0.000196215510948 -0.000348567745586 0.0146736
-7.98839922058e-05 -0.000391942020954 0.014872
4.41435253906e-05 -0.000397556724463 0.0150704
0.000163918269541 -0.000364870937334 0.0152688
0.000267901178811 -0.000297033598085 0.0154672
0.000346074572206 -0.00020058013479 0.0156656
0.000390907249427 -8.48028439688e-05 0.015864
0.000398080044356 3.91443263479e-05 0.0160624
0.000366901932171 0.000159320344493 0.0162608
0.000300376602459 0.00026414749042 0.0164592
0.000204913084702 0.000343526749639 0.0166576
8.97083043798e-05 0.000389810749115 0.016856
-3.41389459622e-05 0.000398540502796 0.0170544
-0.000154697260915 0.00036887498894 0.0172528
-0.000260352090078 0.000303672173885 0.0174512
-0.000340924680216 0.000209213676464 0.0176496
-0.000388652693166 9.45995988095e-05 0.017848
-0.000398938027069 -2.91281746413e-05 0.0180464
-0.000370789796072 -0.000150049748847 0.0182448
-0.000306919791954 -0.000256515577123 0.0184432
-0.00021348123096 -0.000338268774834 0.0186416
-9.94759548659e-05 -0.000387433264451 0.01884
2.4112803644e-05 -0.000399272554404 0.0190384
0.000145378542184 -0.000372646051197 0.0192368
0.000252638557385 -0.00031011894383 0.0194352
0.000335559452891 -0.000217715074295 0.0196336
0.000386152655533 -0.000104336602516 0.019832
