0.0002464466 0.0000375069 -0.0193989604
0.0001464683 0.0000374456 -0.0194010396
0.0002264233 0.0000941876 -0.0184381324
0.0001264932 0.0000940940 -0.0184418676
0.0001904661 0.0001423536 -0.0174774730
0.0000905939 0.0001422607 -0.0174825270
0.0001418284 0.0001776570 -0.0165170417
0.0000420036 0.0001775976 -0.0165229583
0.0000849070 0.0001969153 -0.0155568774
-0.0000148978 0.0001969104 -0.0155631226
0.0000248430 0.0001983973 -0.0145969950
-0.0000749763 0.0001984486 -0.0146030050
-0.0000329436 0.0001819765 -0.0136373839
-0.0001328066 0.0001820659 -0.0136426161
-0.0000832421 0.0001491403 -0.0126780090
-0.0001831627 0.0001492362 -0.0126819910
-0.0001215194 0.0001028536 -0.0117188137
-0.0002214912 0.0001029222 -0.0117211863
-0.0001443271 0.0000472913 -0.0107597256
-0.0002443256 0.0000473083 -0.0107602744
-0.0001496097 -0.0000125379 -0.0098006622
-0.0002496010 -0.0000125783 -0.0097993378
-0.0001368895 -0.0000712405 -0.0088415391
-0.0002368421 -0.0000713243 -0.0088384609
-0.0001073096 -0.0001235232 -0.0078822770
-0.0002072058 -0.0001236207 -0.0078777230
-0.0000635328 -0.0001646681 -0.0069228094
-0.0001633748 -0.0001647449 -0.0069171906
-0.0000095038 -0.0001909584 -0.0059630881
-0.0001093129 -0.0001909874 -0.0059569119
0.0000499045 -0.0002000145 -0.0050030881
-0.0000499045 -0.0001999855 -0.0049969119
0.0001093293 -0.0001910113 -0.0040428094
0.0000094873 -0.0001909345 -0.0040371906
0.0001634019 -0.0001647553 -0.0030822770
0.0000635057 -0.0001646578 -0.0030777230
0.0002072340 -0.0001236138 -0.0021215391
0.0001072814 -0.0001235300 -0.0021184609
0.0002368614 -0.0000713026 -0.0011606622
0.0001368702 -0.0000712621 -0.0011593378
0.0002496046 -0.0000125496 -0.0001997256
0.0001496061 -0.0000125667 -0.0002002744
0.0002443123 0.0000473341 0.0007611863
0.0001443404 0.0000472655 0.0007588137
0.0002214656 0.0001029359 0.0017219910
0.0001215450 0.0001028399 0.0017180090
0.0001831339 0.0001492329 0.0026826161
0.0000832709 0.0001491435 0.0026773839
0.0001327847 0.0001820468 0.0036430050
0.0000329655 0.0001819955 0.0036369950
0.0000749690 0.0001984205 0.0046031226
-0.0000248358 0.0001984254 0.0045968774
0.0000149078 0.0001968832 0.0055629583
-0.0000849170 0.0001969426 0.0055570417
-0.0000419799 0.0001775808 0.0065225270
-0.0001418521 0.0001776737 0.0065174730
-0.0000905649 0.0001422603 0.0074818676
-0.0001904951 0.0001423539 0.0074781324
-0.0001264691 0.0000941101 0.0084410396
-0.0002264474 0.0000941714 0.0084389604
-0.0001464576 0.0000374726 0.0094001177
-0.0002464573 0.0000374799 0.0093998823
-0.0001487289 -0.0000225467 0.0103591852
-0.0002487156 -0.0000225959 0.0103608148
-0.0001330763 -0.0000805371 0.0113183263
-0.0002330202 -0.0000806255 0.0113216737
-0.0001009070 -0.0001312690 0.0122776184
-0.0002007935 -0.0001313653 0.0122823816
-0.0000551176 -0.0001701637 0.0132371256
-0.0001549522 -0.0001702341 0.0132428744
0.0000001653 -0.0001937069 0.0141968922
-0.0000996413 -0.0001937264 0.0142031078
0.0000599551 -0.0001997665 0.0151569393
-0.0000398574 -0.0001997283 0.0151630607
0.0001188536 -0.0001877880 0.0161172628
0.0000190036 -0.0001877055 0.0161227372
0.0001715391 -0.0001588469 0.0170778333
0.0000716331 -0.0001587493 0.0170821667
0.0002132482 -0.0001155537 0.0180385994
0.0001132875 -0.0001154754 0.0180414006
0.0002402087 -0.0000618191 0.0189994920
0.0001402139 -0.0000617877 0.0190005080
0.0002499824 -0.0000024999 0.0199604304
0.0001499861 -0.0000025265 0.0199595696
0.0003464250 0.0000375682 -0.0193968812
0.0002900326 0.0001546046 -0.0194049642
0.0001631762 0.0001834410 -0.0194093090
0.0000613813 0.0001023629 -0.0194066439
0.0000613015 -0.0000275761 -0.0193989759
0.0001629969 -0.0001085294 -0.0193920790
0.0002898888 -0.0000795374 -0.0193911468
0.0003263535 0.0000942812 -0.0184343972
0.0002700262 0.0002113559 -0.0184423793
0.0001432403 0.0002401652 -0.0184485697
0.0000414682 0.0001590152 -0.0184483070
0.0000413464 0.0000290134 -0.0184417889
0.0001429665 -0.0000519461 -0.0184339238
0.0002698066 -0.0000228992 -0.0184306341
0.0002903382 0.0001424465 -0.0174724189
0.0002340428 0.0002595896 -0.0174795796
0.0001073304 0.0002884166 -0.0174870569
0.0000056179 0.0002072202 -0.0174892202
0.0000054970 0.0000771430 -0.0174844405
0.0001070587 -0.0000038644 -0.0174763171
0.0002338250 0.0000251984 -0.0174709669
0.0002416532 0.0001777163 -0.0165111250
0.0001853452 0.0002949339 -0.0165168179
0.0000586831 0.0003238172 -0.0165249070
-0.0000429539 0.0002426165 -0.0165293010
-0.0000430312 0.0001124776 -0.0165266912
0.0000585095 0.0000313977 -0.0165190428
0.0001852060 0.0000604317 -0.0165121152
0.0001847118 0.0001969202 -0.0155506322
0.0001283513 0.0003141920 -0.0155543434
0.0000016988 0.0003431502 -0.0155623141
-0.0000998737 0.0002619887 -0.0155685423
-0.0000998801 0.0001318238 -0.0155683379
0.0000016845 0.0000506722 -0.0155618549
0.0001283398 0.0000796429 -0.0155539752
0.0001246622 0.0001983460 -0.0145909851
0.0000682276 0.0003156326 -0.0145923795
-0.0000584595 0.0003446580 -0.0145995124
-0.0001600010 0.0002635653 -0.0146070124
-0.0001599343 0.0001334192 -0.0146092319
-0.0000583094 0.0000522222 -0.0146044996
0.0000683479 0.0000811173 -0.0145963790
0.0000669194 0.0001818871 -0.0136321517
0.0000104154 0.0002991439 -0.0136311036
-0.0001163382 0.0003282049 -0.0136367546
-0.0002178935 0.0002471866 -0.0136448495
-0.0002177771 0.0001170974 -0.0136492926
-0.0001160768 0.0000358971 -0.0136467382
0.0000106250 0.0000647313 -0.0136391098
0.0000166786 0.0001490443 -0.0126740269
-0.0000398656 0.0002662372 -0.0126706308
-0.0001666943 0.0002952899 -0.0126742899
-0.0002683029 0.0002143250 -0.0126822489
-0.0002681780 0.0000843108 -0.0126885144
-0.0001664137 0.0000031506 -0.0126883684
-0.0000396406 0.0000319598 -0.0126819209
-0.0000215476 0.0001027850 -0.0117164412
-0.0000780887 0.0002199024 -0.0117110037
-0.0002049744 0.0002489056 -0.0117123406
-0.0003066572 0.0001679544 -0.0117194452
-0.0003065679 0.0000380069 -0.0117269676
-0.0002047737 -0.0000430839 -0.0117292432
-0.0000779277 -0.0000142550 -0.0117245586
-0.0000443286 0.0000472742 -0.0107591768
-0.0001008243 0.0001643312 -0.0107521887
-0.0002277290 0.0001932613 -0.0107510827
-0.0003294808 0.0001122793 -0.0107566916
-0.0003294585 -0.0000176335 -0.0107647918
-0.0002276790 -0.0000986502 -0.0107692837
-0.0001007842 -0.0000697636 -0.0107667848
-0.0000496185 -0.0000124974 -0.0098019867
-0.0001060426 0.0001045357 -0.0097940789
-0.0002329214 0.0001333948 -0.0097906298
-0.0003347125 0.0000523484 -0.0097942367
-0.0003347651 -0.0000775739 -0.0098021835
-0.0002330397 -0.0001585380 -0.0098084861
-0.0001061375 -0.0001295762 -0.0098083985
-0.0000369369 -0.0000711568 -0.0088446172
-0.0000932885 0.0000458972 -0.0088365035
-0.0002201056 0.0000747126 -0.0088310227
-0.0003218925 -0.0000064093 -0.0088323020
-0.0003220015 -0.0001363819 -0.0088393780
-0.0002203506 -0.0002173332 -0.0088469224
-0.0000934849 -0.0001883053 -0.0088492541
-0.0000074134 -0.0001234257 -0.0078868310
-0.0000637170 -0.0000063134 -0.0078792438
-0.0001904586 0.0000225009 -0.0078722261
-0.0002921993 -0.0000586807 -0.0078710622
-0.0002923262 -0.0001887266 -0.0078766287
-0.0001907437 -0.0002697098 -0.0078847339
-0.0000639456 -0.0002406481 -0.0078892743
0.0000363092 -0.0001645913 -0.0069284281
-0.0000199880 -0.0000474037 -0.0069220524
-0.0001466669 -0.0000185475 -0.0069141312
-0.0002483356 -0.0000997520 -0.0069106293
-0.0002484356 -0.0002298686 -0.0069141838
-0.0001468915 -0.0003109168 -0.0069221180
-0.0000201681 -0.0002818657 -0.0069284573
0.0000903053 -0.0001909294 -0.0059692644
0.0000339706 -0.0000736762 -0.0059646757
-0.0000926803 -0.0000447499 -0.0059565660
-0.0001942767 -0.0001259324 -0.0059510423
-0.0001943145 -0.0002560918 -0.0059522638
-0.0000927652 -0.0003372153 -0.0059593109
0.0000339026 -0.0003082153 -0.0059668769
0.0001497136 -0.0002000435 -0.0050092644
0.0000933109 -0.0000827576 -0.0050068769
-0.0000333568 -0.0000537576 -0.0049993109
-0.0001349062 -0.0001348811 -0.0049922638
-0.0001348684 -0.0002650405 -0.0049910423
-0.0000332720 -0.0003462231 -0.0049965660
0.0000933789 -0.0003172967 -0.0050046757
0.0002091713 -0.0001910881 -0.0040484281
0.0001526940 -0.0000738138 -0.0040484573
0.0000259706 -0.0000447627 -0.0040421180
-0.0000755735 -0.0001258109 -0.0040341838
-0.0000754735 -0.0002559274 -0.0040306293
0.0000261952 -0.0003371319 -0.0040341312
0.0001528741 -0.0003082757 -0.0040420524
0.0002632981 -0.0001648527 -0.0030868310
0.0002067659 -0.0000476303 -0.0030892743
0.0000799678 -0.0000185687 -0.0030847339
-0.0000216147 -0.0000995518 -0.0030766287
-0.0000214878 -0.0002295978 -0.0030710622
0.0000802528 -0.0003107793 -0.0030722261
0.0002069945 -0.0002819651 -0.0030792438
0.0003071866 -0.0001236975 -0.0021246172
0.0002506386 -0.0000065490 -0.0021292541
0.0001237729 0.0000224789 -0.0021269224
0.0000221219 -0.0000584724 -0.0021193780
0.0000222310 -0.0001884450 -0.0021123020
0.0001240178 -0.0002695669 -0.0021110227
0.0002508350 -0.0002407515 -0.0021165035
0.0003368526 -0.0000713431 -0.0011619867
0.0002803336 0.0000457357 -0.0011683985
0.0001534314 0.0000746975 -0.0011684861
0.0000517060 -0.0000062665 -0.0011621835
0.0000517587 -0.0001361888 -0.0011542367
0.0001535498 -0.0002172352 -0.0011506298
0.0002804285 -0.0001883762 -0.0011540789
0.0003496031 -0.0000125325 -0.0001991768
0.0002931475 0.0001045053 -0.0002067848
0.0001662527 0.0001333919 -0.0002092837
0.0000644732 0.0000523752 -0.0002047918
0.0000644509 -0.0000775376 -0.0001966916
0.0001662027 -0.0001585196 -0.0001910827
0.0002931074 -0.0001295895 -0.0001921887
0.0003442841 0.0000474027 0.0007635588
0.0002879039 0.0001644427 0.0007554414
0.0001610580 0.0001932716 0.0007507568
0.0000592638 0.0001121808 0.0007530324
0.0000591744 -0.0000177667 0.0007605548
0.0001608573 -0.0000987178 0.0007676594
0.0002877430 -0.0000697147 0.0007689963
0.0003213863 0.0001030318 0.0017259731
0.0002650671 0.0002201164 0.0017180791
0.0001382940 0.0002489255 0.0017116316
0.0000365297 0.0001677653 0.0017114856
0.0000364048 0.0000377512 0.0017177511
0.0001380134 -0.0000432137 0.0017257101
0.0002648421 -0.0000141611 0.0017293692
0.0002829969 0.0001493223 0.0026878483
0.0002267025 0.0002664782 0.0026808902
0.0001000007 0.0002953123 0.0026732618
-0.0000016996 0.0002141120 0.0026707074
-0.0000018160 0.0000840228 0.0026751505
0.0000997392 0.0000030045 0.0026832454
0.0002264929 0.0000320655 0.0026888964
0.0002326040 0.0001820981 0.0036490149
0.0001762897 0.0002993268 0.0036436210
0.0000496323 0.0003282220 0.0036355004
-0.0000519925 0.0002470250 0.0036307681
-0.0000520593 0.0001168788 0.0036329876
0.0000494823 0.0000357862 0.0036404876
0.0001761694 0.0000648115 0.0036476205
0.0001747738 0.0001984156 0.0046093678
0.0001184018 0.0003156929 0.0046060248
-0.0000082535 0.0003446636 0.0045981451
-0.0001098181 0.0002635121 0.0045916621
-0.0001098117 0.0001333471 0.0045914577
-0.0000082392 0.0000521856 0.0045976859
0.0001184133 0.0000811438 0.0046056566
0.0001147326 0.0001968238 0.0055688750
0.0000582854 0.0003141085 0.0055678848
-0.0000684111 0.0003431424 0.0055609572
-0.0001699518 0.0002620626 0.0055533088
-0.0001698745 0.0001319236 0.0055506990
-0.0000682374 0.0000507229 0.0055550930
0.0000584246 0.0000796062 0.0055631821
0.0000578923 0.0001774880 0.0065275811
0.0000013790 0.0002947360 0.0065290331
-0.0001253873 0.0003237988 0.0065236829
-0.0002269490 0.0002427915 0.0065155595
-0.0002268281 0.0001127142 0.0065107798
-0.0001251156 0.0000315178 0.0065129431
0.0000015969 0.0000603448 0.0065204204
0.0000093653 0.0001421667 0.0074856028
-0.0000471816 0.0002593471 0.0074893659
-0.0001740217 0.0002883940 0.0074860762
-0.0002756419 0.0002074345 0.0074782111
-0.0002755200 0.0000774328 0.0074716930
-0.0001737479 -0.0000037173 0.0074714303
-0.0000469620 0.0000250920 0.0074776207
-0.0000264907 0.0000940488 0.0084431188
-0.0000830269 0.0002111545 0.0084488532
-0.0002099188 0.0002401464 0.0084479210
-0.0003116142 0.0001591932 0.0084410241
-0.0003115344 0.0000292541 0.0084333561
-0.0002097395 -0.0000518239 0.0084306910
-0.0000828831 -0.0000229876 0.0084350358
-0.0000464579 0.0000374652 0.0094003532
-0.0001029429 0.0001545154 0.0094075414
-0.0002298463 0.0001834327 0.0094090507
-0.0003316072 0.0001024418 0.0094037447
-0.0003315976 -0.0000274694 0.0093956189
-0.0002298247 -0.0001084752 0.0093907921
-0.0001029256 -0.0000795766 0.0093928991
-0.0000487422 -0.0000224975 0.0103575557
-0.0001051535 0.0000945360 0.0103655487
-0.0002320240 0.0001233853 0.0103693635
-0.0003338176 0.0000423263 0.0103661273
-0.0003338816 -0.0000876018 0.0103582772
-0.0002321679 -0.0001685607 0.0103517244
-0.0001052689 -0.0001395865 0.0103514033
-0.0000331324 -0.0000804487 0.0113149789
-0.0000894736 0.0000366128 0.0113230552
-0.0002162784 0.0000654248 0.0113288309
-0.0003180603 -0.0000157088 0.0113279567
-0.0003181753 -0.0001456926 0.0113210910
-0.0002165369 -0.0002266463 0.0113134037
-0.0000896808 -0.0001976101 0.0113106835
-0.0000010206 -0.0001311726 0.0122728553
-0.0000573200 -0.0000140482 0.0122802859
-0.0001840496 0.0000147703 0.0122875012
-0.0002857794 -0.0000664180 0.0122890679
-0.0002859049 -0.0001964767 0.0122838063
-0.0001843314 -0.0002774689 0.0122756785
-0.0000575460 -0.0002484058 0.0122708048
0.0000447170 -0.0001700934 0.0132313767
-0.0000115837 -0.0000528935 0.0132374908
-0.0001382550 -0.0000240269 0.0132454944
-0.0002399109 -0.0001052309 0.0132493606
-0.0002400025 -0.0002353571 0.0132461780
-0.0001384607 -0.0003164178 0.0132383433
-0.0000117487 -0.0002873727 0.0132317561
0.0000999720 -0.0001936874 0.0141906766
0.0000436275 -0.0000764260 0.0141949222
-0.0000830231 -0.0000474868 0.0142029915
-0.0001846093 -0.0001286617 0.0142088082
-0.0001846347 -0.0002588243 0.0142079921
-0.0000830801 -0.0003399595 0.0142011578
0.0000435818 -0.0003109708 0.0141934516
0.0001597676 -0.0001998047 0.0151508180
0.0001033521 -0.0000825176 0.0151528120
-0.0000233226 -0.0000535068 0.0151602187
-0.0001248679 -0.0001346182 0.0151674607
-0.0001248181 -0.0002647732 0.0151690847
-0.0000232108 -0.0003459624 0.0151638677
0.0001034418 -0.0003170487 0.0151557383
0.0002187036 -0.0001878705 0.0161117883
0.0001622151 -0.0000706023 0.0161113506
0.0000354799 -0.0000415464 0.0161174261
-0.0000660677 -0.0001225823 0.0161254397
-0.0000659604 -0.0002526884 0.0161293572
0.0000357211 -0.0003338921 0.0161262285
0.0001624085 -0.0003050454 0.0161184096
0.0002714451 -0.0001589445 0.0170734999
0.0002149072 -0.0000417335 0.0170706700
0.0000880966 -0.0000126745 0.0170748658
-0.0000134958 -0.0000936496 0.0170829277
-0.0000133687 -0.0002236828 0.0170887850
0.0000883820 -0.0003048565 0.0170880270
0.0002151361 -0.0002760452 0.0170812245
0.0003132089 -0.0001156320 0.0180357983
0.0002566628 0.0000015040 0.0180308317
0.0001297883 0.0000305226 0.0180327690
0.0000281246 -0.0000504277 0.0180401514
0.0000282265 -0.0001803897 0.0180474198
0.0001300173 -0.0002614994 0.0180491009
0.0002568464 -0.0002326795 0.0180439289
0.0003402036 -0.0000618504 0.0189984760
0.0002836932 0.0000552190 0.0189918210
0.0001567890 0.0000841682 0.0189913249
0.0000550526 0.0000031978 0.0189973614
0.0000550934 -0.0001267198 0.0190053848
0.0001568807 -0.0002077540 0.0190093533
0.0002837667 -0.0001788844 0.0190062786
0.0003499786 -0.0000024732 0.0199612912
0.0002935355 0.0001145617 0.0199535486
0.0001666463 0.0001434369 0.0199506640
0.0000648612 0.0000624086 0.0199548096
0.0000648265 -0.0000675071 0.0199628637
0.0001665683 -0.0001484811 0.0199687614
0.0002934729 -0.0001195383 0.0199680615
0.0004464034 0.0000376295 -0.0193948020
0.0004178448 0.0001535910 -0.0194022417
0.0003385690 0.0002429519 -0.0194091678
0.0002267372 0.0002852409 -0.0194139936
0.0001079687 0.0002707700 -0.0194156137
0.0000094719 0.0002028543 -0.0194136569
-0.0000461888 0.0000970525 -0.0194085714
-0.0000462622 -0.0000223975 -0.0194015224
0.0000092686 -0.0001281312 -0.0193941245
0.0001076821 -0.0001959261 -0.0193880727
0.0002264330 -0.0002102514 -0.0193847533
0.0003383168 -0.0001678253 -0.0193849267
0.0004177023 -0.0000783670 -0.0193885532
0.0004262837 0.0000943748 -0.0184306620
0.0003977764 0.0002103830 -0.0184375494
0.0003185679 0.0002997615 -0.0184449982
0.0002068037 0.0003420348 -0.0184513020
0.0000880877 0.0003275185 -0.0184550166
-0.0000103836 0.0002595382 -0.0184552911
-0.0000660517 0.0001536674 -0.0184520626
-0.0000661637 0.0000341597 -0.0184460707
-0.0000106940 -0.0000716070 -0.0184386881
0.0000876501 -0.0001394029 -0.0184316060
0.0002063390 -0.0001536968 -0.0184264469
0.0003181827 -0.0001112140 -0.0184243926
0.0003975589 -0.0000216870 -0.0184259138
0.0003902104 0.0001425393 -0.0174673648
0.0003617189 0.0002586151 -0.0174730783
0.0002825557 0.0003480462 -0.0174803774
0.0001708562 0.0003903449 -0.0174875901
0.0000522092 0.0003758211 -0.0174930639
-0.0000462045 0.0003078021 -0.0174955450
-0.0001018396 0.0002018702 -0.0174944649
-0.0001019507 0.0000822931 -0.0174900711
-0.0000465124 -0.0000235355 -0.0174833701
0.0000517750 -0.0000913715 -0.0174758971
0.0001703951 -0.0001056746 -0.0174693639
0.0002821735 -0.0000631681 -0.0174652674
0.0003615031 0.0000264104 -0.0174645460
0.0003414780 0.0001777757 -0.0165052083
0.0003129611 0.0002939161 -0.0165092320
0.0002338055 0.0003834162 -0.0165157225
0.0001221447 0.0004257725 -0.0165231930
0.0000035589 0.0004112817 -0.0165299320
-0.0000947854 0.0003432635 -0.0165343956
-0.0001503587 0.0002373001 -0.0165355615
-0.0001504297 0.0001176663 -0.0165331623
-0.0000949823 0.0000117689 -0.0165277479
0.0000032813 -0.0000561324 -0.0165205585
0.0001218500 -0.0000704821 -0.0165132411
0.0002335612 -0.0000279930 -0.0165074722
0.0003128232 0.0000616013 -0.0165045732
0.0002845166 0.0001969251 -0.0155443870
0.0002559422 0.0003131044 -0.0155463578
0.0001767537 0.0004026655 -0.0155514538
0.0000650921 0.0004450913 -0.0155585077
-0.0000534621 0.0004306623 -0.0155659034
-0.0001517497 0.0003626841 -0.0155719468
-0.0002072541 0.0002567298 -0.0155752532
-0.0002072600 0.0001370721 -0.0155750654
-0.0001517659 0.0000311232 -0.0155714262
-0.0000534850 -0.0000368453 -0.0155651695
0.0000650678 -0.0000512626 -0.0155577284
0.0001767335 -0.0000088259 -0.0155508078
0.0002559308 0.0000807431 -0.0155459930
0.0002244814 0.0001982947 -0.0145849751
0.0001958376 0.0003144733 -0.0145847150
0.0001165873 0.0004040661 -0.0145879566
0.0000048858 0.0004465486 -0.0145939571
-0.0001136775 0.0004321885 -0.0146013420
-0.0002119411 0.0003642755 -0.0146084194
-0.0002673940 0.0002583676 -0.0146135681
-0.0002673326 0.0001387272 -0.0146156085
-0.0002117710 0.0000327624 -0.0146140731
-0.0001134377 -0.0000352516 -0.0146093138
0.0000051403 -0.0000497336 -0.0146024208
0.0001167983 -0.0000073659 -0.0145949732
0.0001959568 0.0000821455 -0.0145886772
0.0001667824 0.0001817977 -0.0136269195
0.0001380817 0.0002979364 -0.0136244521
0.0000587626 0.0003875202 -0.0136255465
-0.0000530041 0.0004300268 -0.0136299520
-0.0001716138 0.0004157182 -0.0136366594
-0.0002698946 0.0003478725 -0.0136441321
-0.0003253315 0.0002420322 -0.0136506582
-0.0003252245 0.0001224441 -0.0136547426
-0.0002695982 0.0000165045 -0.0136554497
-0.0001711959 -0.0000515173 -0.0136526174
-0.0000525604 -0.0000660382 -0.0136468947
0.0000591304 -0.0000237317 -0.0136395924
0.0001382894 0.0000657103 -0.0136323836
0.0001165992 0.0001489484 -0.0126700448
0.0000878745 0.0002650219 -0.0126655927
0.0000085037 0.0003545594 -0.0126644411
-0.0001033302 0.0003970487 -0.0126668539
-0.0002220075 0.0003827563 -0.0126722784
-0.0003203406 0.0003149562 -0.0126794717
-0.0003758026 0.0002091806 -0.0126867861
-0.0003756878 0.0000896616 -0.0126925458
-0.0003200225 -0.0000162207 -0.0126954315
-0.0002215590 -0.0000842097 -0.0126947820
-0.0001028540 -0.0000987301 -0.0126907461
0.0000088985 -0.0000564554 -0.0126842484
0.0000880974 0.0000329298 -0.0126767775
0.0000784242 0.0001027163 -0.0117140686
0.0000497166 0.0002187226 -0.0117080338
-0.0000296703 0.0003081925 -0.0117047403
-0.0001415500 0.0003506296 -0.0117049426
-0.0002602920 0.0003363121 -0.0117085944
-0.0003586941 0.0002685199 -0.0117148590
-0.0004142135 0.0001627834 -0.0117223014
-0.0004141313 0.0000433256 -0.0117292166
-0.0003584665 -0.0000624872 -0.0117340203
-0.0002599712 -0.0001304146 -0.0117356122
-0.0001412093 -0.0001448952 -0.0117336275
-0.0000293880 -0.0001026116 -0.0117285209
0.0000498760 -0.0000132506 -0.0117214623
0.0000556699 0.0000472571 -0.0107586279
0.0000270145 0.0001632176 -0.0107515552
-0.0000523475 0.0002526227 -0.0107464170
-0.0001642351 0.0002949909 -0.0107443905
-0.0002830162 0.0002806160 -0.0107459400
-0.0003814796 0.0002127911 -0.0107507104
-0.0004370684 0.0001070542 -0.0107576090
-0.0004370479 -0.0000123717 -0.0107650553
-0.0003814229 -0.0001181276 -0.0107713436
-0.0002829363 -0.0001859860 -0.0107750331
-0.0001641502 -0.0002004016 -0.0107752787
-0.0000522771 -0.0001580717 -0.0107720242
0.0000270542 -0.0000686937 -0.0107660151
0.0000503727 -0.0000124569 -0.0098033111
0.0000217862 0.0001034955 -0.0097958388
-0.0000575184 0.0001928615 -0.0097893198
-0.0001693734 0.0002351683 -0.0097852475
-0.0002881542 0.0002207240 -0.0097845548
-0.0003866495 0.0001528376 -0.0097874004
-0.0004422953 0.0000470610 -0.0097931324
-0.0004423437 -0.0000723736 -0.0098004378
-0.0003867837 -0.0001781052 -0.0098076428
-0.0002883434 -0.0002459120 -0.0098130969
-0.0001695743 -0.0002602602 -0.0098155507
-0.0000576849 -0.0002178628 -0.0098144421
0.0000216922 -0.0001284326 -0.0098100249
0.0000630157 -0.0000710730 -0.0088476954
0.0000344905 0.0000449120 -0.0088404981
-0.0000447446 0.0001342782 -0.0088331867
-0.0001565381 0.0001765530 -0.0088274362
-0.0002752792 0.0001620517 -0.0088245639
-0.0003737659 0.0000940964 -0.0088252278
-0.0004294360 -0.0000117452 -0.0088292758
-0.0004295362 -0.0001312261 -0.0088357806
-0.0003740436 -0.0002369746 -0.0088432521
-0.0002756707 -0.0003047649 -0.0088499785
-0.0001569538 -0.0003190673 -0.0088544190
-0.0000450893 -0.0002766051 -0.0088555562
0.0000342959 -0.0001871059 -0.0088531297
0.0000924828 -0.0001233282 -0.0078913850
0.0000639898 -0.0000072817 -0.0078851124
-0.0000151884 0.0000821241 -0.0078776687
-0.0001269129 0.0001244075 -0.0078707590
-0.0002455891 0.0001098818 -0.0078659664
-0.0003440296 0.0000418746 -0.0078643886
-0.0003996829 -0.0000640344 -0.0078663873
-0.0003997995 -0.0001835827 -0.0078715044
-0.0003443527 -0.0002893832 -0.0078785678
-0.0002460447 -0.0003571984 -0.0078859593
-0.0001273967 -0.0003714926 -0.0078919856
-0.0000155894 -0.0003289911 -0.0078952661
0.0000637633 -0.0002394306 -0.0078950494
0.0001361512 -0.0001645145 -0.0069340469
0.0001076497 -0.0000483991 -0.0069292653
0.0000284960 0.0000410717 -0.0069223611
-0.0000831767 0.0000834012 -0.0069149161
-0.0002017854 0.0000688922 -0.0069086357
-0.0003001585 0.0000008686 -0.0069049587
-0.0003557598 -0.0001050863 -0.0069047276
-0.0003558517 -0.0002246995 -0.0069079951
-0.0003004131 -0.0003305690 -0.0069140128
-0.0002021444 -0.0003984414 -0.0069214021
-0.0000835578 -0.0004127680 -0.0069284702
0.0000281800 -0.0003702666 -0.0069335979
0.0001074712 -0.0002806740 -0.0069356105
0.0001901144 -0.0001909004 -0.0059754407
0.0001615668 -0.0000747330 -0.0059725817
0.0000823964 0.0000148052 -0.0059668404
-0.0000292597 0.0000572021 -0.0059595321
-0.0001478225 0.0000427451 -0.0059523309
-0.0002461306 -0.0000252538 -0.0059468866
-0.0003016630 -0.0001312170 -0.0059444465
-0.0003016977 -0.0002508696 -0.0059455695
-0.0002462268 -0.0003568006 -0.0059499983
-0.0001479581 -0.0004247424 -0.0059567184
-0.0000294037 -0.0004391304 -0.0059641903
0.0000822770 -0.0003966686 -0.0059707022
0.0001614994 -0.0003070844 -0.0059747624
0.0002495227 -0.0002000725 -0.0050154407
0.0002209077 -0.0000838885 -0.0050147624
0.0001416854 0.0000056957 -0.0050107022
0.0000300046 0.0000481575 -0.0050041903
-0.0000885498 0.0000337695 -0.0049967184
-0.0001868185 -0.0000341724 -0.0049899983
-0.0002422894 -0.0001401033 -0.0049855695
-0.0002422547 -0.0002597559 -0.0049844465
-0.0001867223 -0.0003657191 -0.0049868866
-0.0000884142 -0.0004337180 -0.0049923309
0.0000301486 -0.0004481750 -0.0049995321
0.0001418047 -0.0004057781 -0.0050068404
0.0002209751 -0.0003162399 -0.0050125817
0.0003090133 -0.0001911649 -0.0040540469
0.0002803333 -0.0000750055 -0.0040556105
0.0002010421 0.0000145872 -0.0040535979
0.0000893043 0.0000570885 -0.0040484702
-0.0000292823 0.0000427620 -0.0040414021
-0.0001275510 -0.0000251104 -0.0040340128
-0.0001829895 -0.0001309799 -0.0040279951
-0.0001828977 -0.0002505931 -0.0040247276
-0.0001272964 -0.0003565480 -0.0040249587
-0.0000289233 -0.0004245717 -0.0040286357
0.0000896855 -0.0004390806 -0.0040349161
0.0002013581 -0.0003967511 -0.0040423611
0.0002805118 -0.0003072803 -0.0040492653
0.0003631943 -0.0001649502 -0.0030913850
0.0003344748 -0.0000488478 -0.0030950494
0.0002551220 0.0000407127 -0.0030952661
0.0001433148 0.0000832142 -0.0030919856
0.0000246667 0.0000689200 -0.0030859593
-0.0000736413 0.0000011048 -0.0030785678
-0.0001290880 -0.0001046958 -0.0030715044
-0.0001289714 -0.0002242441 -0.0030663873
-0.0000733181 -0.0003301530 -0.0030643886
0.0000251224 -0.0003981602 -0.0030659664
0.0001437986 -0.0004126860 -0.0030707590
0.0002555231 -0.0003704026 -0.0030776687
0.0003347013 -0.0002809967 -0.0030851124
0.0004071391 -0.0001237813 -0.0021276954
0.0003784194 -0.0000077484 -0.0021331297
0.0002990342 0.0000817508 -0.0021355562
0.0001871697 0.0001242130 -0.0021344190
0.0000684527 0.0001099106 -0.0021299785
-0.0000299201 0.0000421203 -0.0021232521
-0.0000854128 -0.0000636282 -0.0021157806
-0.0000853126 -0.0001831091 -0.0021092758
-0.0000296424 -0.0002889507 -0.0021052278
0.0000688443 -0.0003569060 -0.0021045639
0.0001875854 -0.0003714073 -0.0021074362
0.0002993788 -0.0003291325 -0.0021131867
0.0003786140 -0.0002397663 -0.0021204981
0.0004368438 -0.0000713835 -0.0011633111
0.0004081633 0.0000445921 -0.0011700249
0.0003287862 0.0001340223 -0.0011744421
0.0002168969 0.0001764197 -0.0011755507
0.0000981278 0.0001620715 -0.0011730969
-0.0000003126 0.0000942648 -0.0011676428
-0.0000558726 -0.0000114668 -0.0011604378
-0.0000558241 -0.0001309014 -0.0011531324
-0.0000001784 -0.0002366781 -0.0011474004
0.0000983169 -0.0003045645 -0.0011445548
0.0002170977 -0.0003190088 -0.0011452475
0.0003289528 -0.0002767020 -0.0011493198
0.0004082574 -0.0001873360 -0.0011558388
0.0004496016 -0.0000125154 -0.0001986279
0.0004209859 0.0001034353 -0.0002060151
0.0003416546 0.0001928134 -0.0002120242
0.0002297815 0.0002351433 -0.0002152787
0.0001109954 0.0002207277 -0.0002150331
0.0000125088 0.0001528693 -0.0002113436
-0.0000431162 0.0000471134 -0.0002050553
-0.0000431367 -0.0000723126 -0.0001976090
0.0000124521 -0.0001780494 -0.0001907104
0.0001109155 -0.0002458743 -0.0001859400
0.0002296966 -0.0002602492 -0.0001843905
0.0003415842 -0.0002178810 -0.0001864170
0.0004209462 -0.0001284759 -0.0001915552
0.0004442559 0.0000474714 0.0007659314
0.0004157077 0.0001634383 0.0007585377
0.0003364437 0.0002527993 0.0007514791
0.0002246223 0.0002950829 0.0007463725
0.0001058605 0.0002806023 0.0007443878
0.0000073651 0.0002126749 0.0007459797
-0.0000482997 0.0001068621 0.0007507834
-0.0000483818 -0.0000125957 0.0007576986
0.0000071376 -0.0001183322 0.0007651410
0.0001055397 -0.0001861244 0.0007714056
0.0002242817 -0.0002004419 0.0007750574
0.0003361613 -0.0001580048 0.0007752597
0.0004155483 -0.0000685349 0.0007719662
0.0004213069 0.0001031277 0.0017299552
0.0003928051 0.0002191463 0.0017232225
0.0003136062 0.0003085315 0.0017157516
0.0002018537 0.0003508062 0.0017092539
0.0000831487 0.0003362859 0.0017052180
-0.0000153148 0.0002682968 0.0017045685
-0.0000709801 0.0001624146 0.0017074542
-0.0000710949 0.0000428955 0.0017132139
-0.0000156329 -0.0000628800 0.0017205283
0.0000827002 -0.0001306801 0.0017277216
0.0002013775 -0.0001449726 0.0017331461
0.0003132114 -0.0001024832 0.0017355589
0.0003925822 -0.0000129458 0.0017344073
0.0003828598 0.0001494117 0.0026930805
0.0003543669 0.0002654991 0.0026876164
0.0002752079 0.0003549412 0.0026804076
0.0001635171 0.0003972477 0.0026731053
0.0000448816 0.0003827267 0.0026673826
-0.0000535207 0.0003147050 0.0026645503
-0.0001091470 0.0002087653 0.0026652574
-0.0001092540 0.0000891772 0.0026693418
-0.0000538171 -0.0000166630 0.0026758679
0.0000444637 -0.0000845088 0.0026833406
0.0001630734 -0.0000988173 0.0026900480
0.0002748401 -0.0000563108 0.0026944535
0.0003541592 0.0000332731 0.0026955479
0.0003324232 0.0001821494 0.0036550249
0.0003038985 0.0002982986 0.0036513228
0.0002247401 0.0003878101 0.0036450268
0.0001130821 0.0004301778 0.0036375792
-0.0000054960 0.0004156958 0.0036306862
-0.0001038293 0.0003476818 0.0036259269
-0.0001593908 0.0002417169 0.0036243915
-0.0001594522 0.0001220765 0.0036264319
-0.0001039993 0.0000161687 0.0036315806
-0.0000057357 -0.0000517443 0.0036386580
0.0001128275 -0.0000661045 0.0036460429
0.0002245290 -0.0000236220 0.0036520434
0.0003037794 0.0000659708 0.0036552850
0.0002745786 0.0001984107 0.0046156130
0.0002459928 0.0003145927 0.0046140070
0.0001667955 0.0004041617 0.0046091922
0.0000551298 0.0004465984 0.0046022716
-0.0000634230 0.0004321811 0.0045948305
-0.0001617039 0.0003642126 0.0045885738
-0.0002171979 0.0002582637 0.0045849346
-0.0002171920 0.0001386060 0.0045847468
-0.0001616876 0.0000326517 0.0045880532
-0.0000634001 -0.0000353265 0.0045940966
0.0000551542 -0.0000497555 0.0046014923
0.0001668157 -0.0000073297 0.0046085462
0.0002460042 0.0000822314 0.0046136422
0.0002145574 0.0001967644 0.0055747917
0.0001859026 0.0003129389 0.0055754268
0.0001066406 0.0004025331 0.0055725278
-0.0000050706 0.0004450223 0.0055667589
-0.0001236393 0.0004306725 0.0055594415
-0.0002219029 0.0003627713 0.0055522521
-0.0002773503 0.0002568739 0.0055468377
-0.0002772793 0.0001372401 0.0055444385
-0.0002217060 0.0000312767 0.0055456044
-0.0001233617 -0.0000367415 0.0055500680
-0.0000047759 -0.0000512323 0.0055568070
0.0001068849 -0.0000088760 0.0055642775
0.0001860405 0.0000806240 0.0055707680
0.0001577644 0.0001773951 0.0065326352
0.0001290571 0.0002935241 0.0065354540
0.0000497276 0.0003831025 0.0065347326
-0.0000620508 0.0004256090 0.0065306361
-0.0001806710 0.0004113059 0.0065241029
-0.0002789584 0.0003434699 0.0065166299
-0.0003343967 0.0002376413 0.0065099289
-0.0003342855 0.0001180642 0.0065055351
-0.0002786504 0.0000121323 0.0065044550
-0.0001802367 -0.0000558867 0.0065069361
-0.0000615898 -0.0000704104 0.0065124099
0.0000501098 -0.0000281117 0.0065196226
0.0001292729 0.0000613193 0.0065269217
0.0001092954 0.0001420731 0.0074893380
0.0000805707 0.0002581349 0.0074940862
0.0000011944 0.0003476619 0.0074956074
-0.0001106492 0.0003901447 0.0074935531
-0.0002293381 0.0003758508 0.0074883940
-0.0003276822 0.0003080549 0.0074813119
-0.0003831520 0.0002022882 0.0074739293
-0.0003830399 0.0000827805 0.0074679374
-0.0003273718 -0.0000230903 0.0074647089
-0.0002289005 -0.0000910706 0.0074649834
-0.0001101845 -0.0001055868 0.0074686980
0.0000015796 -0.0000633136 0.0074750018
0.0000807882 0.0000260649 0.0074824506
0.0000734877 0.0000939875 0.0084451980
0.0000447866 0.0002099841 0.0084514468
-0.0000345989 0.0002994423 0.0084550733
-0.0001464827 0.0003418685 0.0084552467
-0.0002652336 0.0003275432 0.0084519273
-0.0003636471 0.0002597482 0.0084458755
-0.0004191779 0.0001540146 0.0084384776
-0.0004191045 0.0000345646 0.0084314286
-0.0003634438 -0.0000712372 0.0084263431
-0.0002649470 -0.0001391529 0.0084243863
-0.0001461785 -0.0001536238 0.0084260064
-0.0000343467 -0.0001113349 0.0084308322
0.0000449291 -0.0000219739 0.0084377583
0.0000535419 0.0000374579 0.0094005886
0.0000248974 0.0001534142 0.0094077741
-0.0000544568 0.0002428105 0.0094131786
-0.0001663416 0.0002851672 0.0094155640
-0.0002851256 0.0002707809 0.0094143839
-0.0003835968 0.0002029473 0.0094099086
-0.0004391966 0.0000972063 0.0094031634
-0.0004391878 -0.0000222181 0.0093956935
-0.0003835724 -0.0001279673 0.0093892101
-0.0002850912 -0.0001958153 0.0093851986
-0.0001663051 -0.0002102191 0.0093845779
-0.0000544265 -0.0001678788 0.0093874902
0.0000249145 -0.0000784942 0.0093932684
0.0000512445 -0.0000224483 0.0103559262
0.0000226695 0.0000935069 0.0103633996
-0.0000566238 0.0001828700 0.0103700942
-0.0001684700 0.0002251690 0.0103744763
-0.0002872467 0.0002107137 0.0103755421
-0.0003857435 0.0001428156 0.0103730474
-0.0004413960 0.0000370293 0.0103675637
-0.0004414549 -0.0000824107 0.0103603472
-0.0003859066 -0.0001881422 0.0103530512
-0.0002874767 -0.0002559434 0.0103473471
-0.0001687142 -0.0002702819 0.0103445416
-0.0000568261 -0.0002278729 0.0103452775
0.0000225552 -0.0001384317 0.0103493861
0.0000668116 -0.0000803604 0.0113116315
0.0000382943 0.0000356333 0.0113187182
-0.0000409299 0.0001250037 0.0113260986
-0.0001527117 0.0001672770 0.0113320818
-0.0002714432 0.0001527689 0.0113352973
-0.0003699245 0.0000848032 0.0113350083
-0.0004255947 -0.0000210502 0.0113312811
-0.0004257004 -0.0001405414 0.0113249696
-0.0003702175 -0.0002462965 0.0113175195
-0.0002718563 -0.0003140882 0.0113106378
-0.0001531503 -0.0003283863 0.0113059008
-0.0000412935 -0.0002859153 0.0113043937
0.0000380890 -0.0001964047 0.0113064619
0.0000988659 -0.0001310762 0.0122680922
0.0000703743 -0.0000150181 0.0122741525
-0.0000087971 0.0000743974 0.0122815524
-0.0001205112 0.0001166861 0.0122885967
-0.0002391756 0.0001021603 0.0122936715
-0.0003376057 0.0000341476 0.0122956144
-0.0003932525 -0.0000717711 0.0122939802
-0.0003933678 -0.0001913310 0.0122891433
-0.0003379252 -0.0002971426 0.0122822118
-0.0002396261 -0.0003649655 0.0122747736
-0.0001209895 -0.0003792624 0.0122685327
-0.0000091936 -0.0003367580 0.0122649188
0.0000701504 -0.0002471896 0.0122647598
0.0001445516 -0.0001700230 0.0132256279
0.0001160447 -0.0000538971 0.0132301147
0.0000368911 0.0000355854 0.0132368662
-0.0000747760 0.0000779253 0.0132443355
-0.0001933751 0.0000634229 0.0132508117
-0.0002917365 -0.0000045995 0.0132548110
-0.0003473268 -0.0001105586 0.0132554173
-0.0003474110 -0.0002301807 0.0132524917
-0.0002919697 -0.0003360616 0.0132467044
-0.0001937040 -0.0004039454 0.0132393812
-0.0000751252 -0.0004182807 0.0132321998
0.0000366016 -0.0003757834 0.0132268053
0.0001158812 -0.0002861892 0.0132244335
0.0001997786 -0.0001936679 0.0141844609
0.0001712207 -0.0000774949 0.0141869693
0.0000920437 0.0000120530 0.0141924628
-0.0000196137 0.0000544616 0.0141996830
-0.0001381722 0.0000400155 0.0142069758
-0.0002364715 -0.0000279757 0.0142126706
-0.0002919924 -0.0001339362 0.0142154627
-0.0002920157 -0.0002535917 0.0142147124
-0.0002365362 -0.0003595305 0.0142105918
-0.0001382634 -0.0004274834 0.0142040446
-0.0000197105 -0.0004418831 0.0141965710
0.0000919635 -0.0003994309 0.0141898828
0.0001711753 -0.0003098520 0.0141855124
0.0002595800 -0.0001998429 0.0151446967
0.0002309533 -0.0000836603 0.0151450001
0.0001517201 0.0000059283 0.0151487398
0.0000400317 0.0000483990 0.0151550591
-0.0000785255 0.0000340223 0.0151625103
-0.0001767913 -0.0000339081 0.0151693864
-0.0002322542 -0.0001398304 0.0151741122
-0.0002322085 -0.0002594789 0.0151756051
-0.0001766645 -0.0003654436 0.0151735230
-0.0000783468 -0.0004334494 0.0151683430
0.0000402214 -0.0004479168 0.0151612517
0.0001518774 -0.0004055316 0.0151538737
0.0002310421 -0.0003160037 0.0151478991
0.0003185536 -0.0001879529 0.0161063139
0.0002898648 -0.0000718012 0.0161043850
0.0002105621 0.0000177888 0.0161060333
0.0000988129 0.0000602931 0.0161108812
-0.0000197824 0.0000459744 0.0161178181
-0.0001180551 -0.0000218870 0.0161252549
-0.0001734921 -0.0001277448 0.0161314878
-0.0001733934 -0.0002473484 0.0161350890
-0.0001177817 -0.0003532980 0.0161352335
-0.0000193969 -0.0004213218 0.0161318882
0.0000992222 -0.0004358363 0.0161258195
0.0002109014 -0.0003935166 0.0161184175
0.0002900564 -0.0003040574 0.0161113781
0.0003713511 -0.0001590421 0.0170691666
0.0003426286 -0.0000429511 0.0170651795
0.0002632680 0.0000466008 0.0170645876
0.0001514497 0.0000890982 0.0170675265
0.0000327900 0.0000748056 0.0170733229
-0.0000655276 0.0000069972 0.0170806490
-0.0001209797 -0.0000987929 0.0170878264
-0.0001208629 -0.0002183295 0.0170932109
-0.0000652040 -0.0003242281 0.0170955689
0.0000332463 -0.0003922287 0.0170943603
0.0001519341 -0.0004067532 0.0170898619
0.0002636696 -0.0003644741 0.0170831043
0.0003428554 -0.0002750772 0.0170756355
0.0004131697 -0.0001157102 0.0180329972
0.0003844540 0.0000003117 0.0180273118
0.0003050672 0.0000897992 0.0180245331
0.0001931959 0.0001322518 0.0180252977
0.0000744685 0.0001179441 0.0180294304
-0.0000239161 0.0000501539 0.0180359845
-0.0000794191 -0.0000555890 0.0180434585
-0.0000793254 -0.0001750601 0.0180501402
-0.0000236566 -0.0002808900 0.0180544988
0.0000748344 -0.0003488344 0.0180555360
0.0001935845 -0.0003633281 0.0180530141
0.0003053893 -0.0003210506 0.0180475108
0.0003846359 -0.0002316873 0.0180402868
0.0004401984 -0.0000618818 0.0189974599
0.0004115275 0.0000540871 0.0189905895
0.0003321557 0.0001435068 0.0189858749
0.0002202661 0.0001858924 0.0189843962
0.0001014914 0.0001715339 0.0189864921
0.0000030413 0.0001037207 0.0189916825
-0.0000525304 -0.0000020122 0.0189987784
-0.0000524929 -0.0001214425 0.0190061541
0.0000031452 -0.0002272102 0.0190121200
0.0001016379 -0.0002950852 0.0190153093
0.0002204217 -0.0003095181 0.0190149915
0.0003322846 -0.0002672026 0.0190112393
0.0004116003 -0.0001778326 0.0190049123
0.0004499749 -0.0000024466 0.0199621520
0.0004213710 0.0001135040 0.0199547167
0.0003420500 0.0002028764 0.0199484918
0.0002301834 0.0002451965 0.0199449032
0.0001113986 0.0002307693 0.0199447732
0.0000129077 0.0001628999 0.0199481314
-0.0000427263 0.0000571364 0.0199542086
-0.0000427582 -0.0000622922 0.0199616125
0.0000128193 -0.0001680261 0.0199686470
0.0001112740 -0.0002358430 0.0199737006
0.0002300511 -0.0002502068 0.0199756156
0.0003419403 -0.0002078271 0.0199739532
0.0004213090 -0.0001184124 0.0199690943
0.0005963709 0.0000377215 -0.0193916833
0.0005768735 0.0001611016 -0.0193993720
0.0005201384 0.0002723804 -0.0194071223
0.0004317191 0.0003606651 -0.0194141753
0.0003202707 0.0004173139 -0.0194198408
0.0001967027 0.0004367815 -0.0194235641
0.0000731106 0.0004171623 -0.0194249808
-0.0000384074 0.0003603769 -0.0194239522
-0.0001269352 0.0002719836 -0.0194205790
-0.0001838071 0.0001606352 -0.0194151914
-0.0002034560 0.0000372311 -0.0194083167
-0.0001839586 -0.0000861490 -0.0194006280
-0.0001272235 -0.0001974278 -0.0193928777
-0.0000388042 -0.0002857126 -0.0193858247
0.0000726442 -0.0003423614 -0.0193801592
0.0001962122 -0.0003618290 -0.0193764359
0.0003198043 -0.0003422098 -0.0193750192
0.0004313223 -0.0002854243 -0.0193760478
0.0005198501 -0.0001970311 -0.0193794210
0.0005767220 -0.0000856826 -0.0193848086
0.0005761789 0.0000945152 -0.0184250591
0.0005567309 0.0002179486 -0.0184319800
0.0005000592 0.0003292628 -0.0184396860
0.0004117111 0.0004175616 -0.0184474227
0.0003003349 0.0004742017 -0.0184544328
0.0001768327 0.0004936388 -0.0184600301
0.0000532939 0.0004739703 -0.0184636667
-0.0000581887 0.0004171214 -0.0184649867
-0.0001467025 0.0003286569 -0.0184638608
-0.0002035830 0.0002172363 -0.0184603993
-0.0002232624 0.0000937663 -0.0184549409
-0.0002038144 -0.0000296670 -0.0184480200
-0.0001471427 -0.0001409812 -0.0184403140
-0.0000587946 -0.0002292800 -0.0184325773
0.0000525816 -0.0002859201 -0.0184255672
0.0001760838 -0.0003053572 -0.0184199699
0.0002996226 -0.0002856887 -0.0184163333
0.0004111052 -0.0002288398 -0.0184150133
0.0004996190 -0.0001403753 -0.0184161392
0.0005564995 -0.0000289548 -0.0184196007
0.0005400186 0.0001426787 -0.0174597837
0.0005205811 0.0002661839 -0.0174653120
0.0004639415 0.0003775631 -0.0174722781
0.0003756441 0.0004659139 -0.0174800000
0.0002643321 0.0005225878 -0.0174877219
0.0001409015 0.0005420372 -0.0174946880
0.0000174346 0.0005223582 -0.0175002163
-0.0000939830 0.0004654772 -0.0175037657
-0.0001824447 0.0003769620 -0.0175049887
-0.0002392915 0.0002654772 -0.0175037657
-0.0002589586 0.0001419356 -0.0175002163
-0.0002395211 0.0000184304 -0.0174946880
-0.0001828815 -0.0000929489 -0.0174877219
-0.0000945841 -0.0001812997 -0.0174800000
0.0000167279 -0.0002379736 -0.0174722781
0.0001401585 -0.0002574229 -0.0174653120
0.0002636254 -0.0002377439 -0.0174597837
0.0003750429 -0.0001808629 -0.0174562343
0.0004635047 -0.0000923477 -0.0174550113
0.0005203514 0.0000191371 -0.0174562343
0.0004912151 0.0001778648 -0.0164963333
0.0004717454 0.0003014351 -0.0164999699
0.0004150954 0.0004128862 -0.0165055672
0.0003268103 0.0005013086 -0.0165125773
0.0002155321 0.0005580467 -0.0165203140
0.0000921535 0.0005775468 -0.0165280200
-0.0000312484 0.0005579000 -0.0165349409
-0.0001425941 0.0005010294 -0.0165403993
-0.0002309843 0.0004125020 -0.0165438608
-0.0002877667 0.0003009834 -0.0165449867
-0.0003073832 0.0001773898 -0.0165436667
-0.0002879135 0.0000538195 -0.0165400301
-0.0002312634 -0.0000576316 -0.0165344328
-0.0001429783 -0.0001460540 -0.0165274227
-0.0000317001 -0.0002027922 -0.0165196860
0.0000916785 -0.0002222922 -0.0165119800
0.0002150803 -0.0002026454 -0.0165050591
0.0003264260 -0.0001457748 -0.0164996007
0.0004148162 -0.0000572474 -0.0164961392
0.0004715987 0.0000542712 -0.0164950133
0.0004342238 0.0001969325 -0.0155350192
0.0004146907 0.0003205382 -0.0155364359
0.0003579913 0.0004320426 -0.0155401592
0.0002696756 0.0005205308 -0.0155458247
0.0001583888 0.0005773411 -0.0155528777
0.0000350242 0.0005969124 -0.0155606280
-0.0000883422 0.0005773289 -0.0155683167
-0.0001996347 0.0005205077 -0.0155751914
-0.0002879590 0.0004320108 -0.0155805790
-0.0003446693 0.0003205008 -0.0155839522
-0.0003642146 0.0001968932 -0.0155849808
-0.0003446815 0.0000732876 -0.0155835641
-0.0002879820 -0.0000382168 -0.0155798408
-0.0001996664 -0.0001267051 -0.0155741753
-0.0000883796 -0.0001835153 -0.0155671223
0.0000349850 -0.0002030866 -0.0155593720
0.0001583515 -0.0001835032 -0.0155516833
0.0002696439 -0.0001266820 -0.0155448086
0.0003579682 -0.0000381851 -0.0155394210
0.0004146786 0.0000733249 -0.0155360478
0.0003742103 0.0001982178 -0.0145759602
0.0003546049 0.0003218166 -0.0145750291
0.0002978346 0.0004333368 -0.0145765423
0.0002094564 0.0005218621 -0.0145803517
0.0000981216 0.0005787268 -0.0145860844
-0.0000252718 0.0005983647 -0.0145931793
-0.0001486451 0.0005788536 -0.0146009418
-0.0002599217 0.0005221032 -0.0146086122
-0.0003482090 0.0004336688 -0.0146154395
-0.0004048649 0.0003222069 -0.0146207555
-0.0004243435 0.0001986281 -0.0146240398
-0.0004047381 0.0000750293 -0.0146249709
-0.0003479679 -0.0000364910 -0.0146234577
-0.0002595897 -0.0001250162 -0.0146196483
-0.0001482549 -0.0001818809 -0.0146139156
-0.0000248615 -0.0002015189 -0.0146068207
0.0000985118 -0.0001820077 -0.0145990582
0.0002097884 -0.0001252574 -0.0145913878
0.0002980757 -0.0000368229 -0.0145845605
0.0003547317 0.0000746390 -0.0145792445
0.0003165768 0.0001816637 -0.0136190713
0.0002969158 0.0003052159 -0.0136158764
0.0002400781 0.0004167089 -0.0136150429
0.0001516276 0.0005052291 -0.0136166523
0.0000402223 0.0005621115 -0.0136205472
-0.0000832327 0.0005817879 -0.0136263463
-0.0002066526 0.0005623324 -0.0136334819
-0.0003179563 0.0005056494 -0.0136412555
-0.0004062487 0.0004172874 -0.0136489063
-0.0004628870 0.0003058960 -0.0136556852
-0.0004823271 0.0001823787 -0.0136609287
-0.0004626660 0.0000588265 -0.0136641236
-0.0004058284 -0.0000526665 -0.0136649571
-0.0003173778 -0.0001411867 -0.0136633477
-0.0002059725 -0.0001980691 -0.0136594528
-0.0000825176 -0.0002177455 -0.0136536537
0.0000409024 -0.0001982901 -0.0136465181
0.0001522061 -0.0001416071 -0.0136387445
0.0002404985 -0.0000532451 -0.0136310937
0.0002971368 0.0000581464 -0.0136243148
0.0002664802 0.0001488045 -0.0126640716
0.0002467997 0.0002722867 -0.0126589013
0.0001899220 0.0003837192 -0.0126557964
0.0001014147 0.0004721942 -0.0126550606
-0.0000100586 0.0005290511 -0.0126567661
-0.0001335861 0.0005487244 -0.0126607459
-0.0002570760 0.0005292883 -0.0126666104
-0.0003684403 0.0004726453 -0.0126737856
-0.0004567779 0.0003843401 -0.0126815691
-0.0005134416 0.0002730166 -0.0126891990
-0.0005328849 0.0001495720 -0.0126959284
-0.0005132045 0.0000260897 -0.0127010987
-0.0004563268 -0.0000853428 -0.0127042036
-0.0003678194 -0.0001738177 -0.0127049394
-0.0002563461 -0.0002306746 -0.0127032339
-0.0001328186 -0.0002503479 -0.0126992541
-0.0000093287 -0.0002309118 -0.0126933896
0.0001020356 -0.0001742689 -0.0126862144
0.0001903732 -0.0000859637 -0.0126784309
0.0002470369 0.0000253598 -0.0126708010
0.0002283820 0.0001026134 -0.0117105098
0.0002087253 0.0002260270 -0.0117038309
0.0001518490 0.0003373869 -0.0116987348
0.0000633205 0.0004257924 -0.0116957202
-0.0000481944 0.0004825898 -0.0116950823
-0.0001717798 0.0005022193 -0.0116968835
-0.0002953384 0.0004827594 -0.0117009476
-0.0004067753 0.0004261151 -0.0117068766
-0.0004951823 0.0003378311 -0.0117140902
-0.0005519056 0.0002265491 -0.0117218823
-0.0005713926 0.0001031624 -0.0117294902
-0.0005517359 -0.0000202512 -0.0117361691
-0.0004948596 -0.0001316111 -0.0117412652
-0.0004063311 -0.0002200166 -0.0117442798
-0.0002948162 -0.0002768140 -0.0117449177
-0.0001712308 -0.0002964435 -0.0117431165
-0.0000476723 -0.0002769836 -0.0117390524
0.0000637646 -0.0002203393 -0.0117331234
0.0001521716 -0.0001320553 -0.0117259098
0.0002088949 -0.0000207733 -0.0117181177
0.0002056676 0.0000472314 -0.0107578047
0.0001860694 0.0001706020 -0.0107502201
0.0001292354 0.0002819029 -0.0107435928
0.0000407289 0.0003702392 -0.0107385715
-0.0000707864 0.0004269639 -0.0107356478
-0.0001943947 0.0004465245 -0.0107351079
-0.0003179963 0.0004270062 -0.0107370046
-0.0004294922 0.0003703196 -0.0107411522
-0.0005179685 0.0002820135 -0.0107471448
-0.0005747643 0.0001707321 -0.0107543958
-0.0005943203 0.0000473682 -0.0107621953
-0.0005747221 -0.0000760024 -0.0107697799
-0.0005178881 -0.0001873033 -0.0107764072
-0.0004293816 -0.0002756396 -0.0107814285
-0.0003178663 -0.0003323643 -0.0107843522
-0.0001942580 -0.0003519249 -0.0107848921
-0.0000706564 -0.0003324066 -0.0107829954
0.0000408395 -0.0002757200 -0.0107788478
0.0001293158 -0.0001874139 -0.0107728552
0.0001861117 -0.0000761325 -0.0107656042
0.0002003595 -0.0000123962 -0.0098052978
0.0001808339 0.0001109721 -0.0097974921
0.0001240682 0.0002222484 -0.0097899319
0.0000356191 0.0003105402 -0.0097833572
-0.0000758554 0.0003672049 -0.0097784117
-0.0001994435 0.0003866957 -0.0097755793
-0.0003230473 0.0003671048 -0.0097751375
-0.0004345678 0.0003103499 -0.0097771293
-0.0005230886 0.0002219864 -0.0097813599
-0.0005799445 0.0001106642 -0.0097874151
-0.0005995702 -0.0000127200 -0.0097947022
-0.0005800446 -0.0001360883 -0.0098025079
-0.0005232789 -0.0002473646 -0.0098100681
-0.0004348298 -0.0003356564 -0.0098166428
-0.0003233552 -0.0003923211 -0.0098215883
-0.0001997672 -0.0004118119 -0.0098244207
-0.0000761634 -0.0003922210 -0.0098248625
0.0000353572 -0.0003354661 -0.0098228707
0.0001238779 -0.0002471026 -0.0098186401
0.0001807338 -0.0001357804 -0.0098125849
0.0002129445 -0.0000709474 -0.0088523126
0.0001934799 0.0000524602 -0.0088449905
0.0001367845 0.0001637550 -0.0088371799
0.0000484078 0.0002520427 -0.0088296453
-0.0000629990 0.0003086811 -0.0088231243
-0.0001865308 0.0003281260 -0.0088182552
-0.0003100954 0.0003084740 -0.0088155147
-0.0004215974 0.0002516489 -0.0088151710
-0.0005101222 0.0001632130 -0.0088172576
-0.0005670045 0.0000518230 -0.0088215705
-0.0005866761 -0.0000716174 -0.0088276874
-0.0005672115 -0.0001950250 -0.0088350095
-0.0005105160 -0.0003063197 -0.0088428201
-0.0004221394 -0.0003946074 -0.0088503547
-0.0003107326 -0.0004512458 -0.0088568757
-0.0001872008 -0.0004706908 -0.0088617448
-0.0000636362 -0.0004510388 -0.0088644853
0.0000478658 -0.0003942136 -0.0088648290
0.0001363906 -0.0003057777 -0.0088627424
0.0001932729 -0.0001943878 -0.0088584295
0.0002423271 -0.0001231820 -0.0078982160
0.0002228905 0.0000002925 -0.0078920384
0.0001662424 0.0001116424 -0.0078846824
0.0000779278 0.0001999678 -0.0078768681
-0.0000334084 0.0002566230 -0.0078693603
-0.0001568678 0.0002760620 -0.0078628941
-0.0002803654 0.0002563820 -0.0078581022
-0.0003918123 0.0001995095 -0.0078554539
-0.0004802994 0.0001110116 -0.0078552084
-0.0005371650 -0.0000004491 -0.0078573896
-0.0005568425 -0.0001239618 -0.0078617840
-0.0005374059 -0.0002474364 -0.0078679616
-0.0004807578 -0.0003587862 -0.0078753176
-0.0003924432 -0.0004471117 -0.0078831319
-0.0002811070 -0.0005037668 -0.0078906397
-0.0001576476 -0.0005232058 -0.0078971059
-0.0000341500 -0.0005035258 -0.0079018978
0.0000772970 -0.0004466534 -0.0079045461
0.0001657841 -0.0003581554 -0.0079047916
0.0002226496 -0.0002466948 -0.0079026104
0.0002859142 -0.0001643994 -0.0069424750
0.0002664626 -0.0000408537 -0.0069379996
0.0002098222 0.0000705683 -0.0069317623
0.0001215373 0.0001589601 -0.0069243736
0.0000102498 0.0002156690 -0.0069165568
-0.0001131466 0.0002351442 -0.0069090770
-0.0002365731 0.0002154792 -0.0069026665
-0.0003479479 0.0001585990 -0.0068979527
-0.0004363687 0.0000700713 -0.0068953970
-0.0004931804 -0.0000414380 -0.0068952497
-0.0005128218 -0.0001650137 -0.0068975250
-0.0004933702 -0.0002885593 -0.0069020004
-0.0004367298 -0.0003999814 -0.0069082377
-0.0003484449 -0.0004883731 -0.0069156264
-0.0002371574 -0.0005450821 -0.0069234432
-0.0001137610 -0.0005645572 -0.0069309230
0.0000096656 -0.0005448922 -0.0069373335
0.0001210403 -0.0004880120 -0.0069420473
0.0002094611 -0.0003994844 -0.0069446030
0.0002662728 -0.0002879751 -0.0069447503
0.0003398280 -0.0001908569 -0.0059847051
0.0003203239 -0.0000672612 -0.0059823359
0.0002636489 0.0000442247 -0.0059777803
0.0001753508 0.0001326878 -0.0059714843
0.0000640729 0.0001894688 -0.0059640641
-0.0000592923 0.0002090095 -0.0059562461
-0.0001826688 0.0001893971 -0.0059487955
-0.0002939797 0.0001325514 -0.0059424417
-0.0003823291 0.0000440369 -0.0059378066
-0.0004390688 -0.0000674819 -0.0059353440
-0.0004586446 -0.0001910889 -0.0059352949
-0.0004391405 -0.0003146846 -0.0059376641
-0.0003824655 -0.0004261705 -0.0059422197
-0.0002941674 -0.0005146336 -0.0059485157
-0.0001828895 -0.0005714146 -0.0059559359
-0.0000595244 -0.0005909553 -0.0059637539
0.0000638521 -0.0005713429 -0.0059712045
0.0001751630 -0.0005144972 -0.0059775583
0.0002635124 -0.0004259828 -0.0059821934
0.0003202521 -0.0003144639 -0.0059846560
0.0003992363 -0.0002001160 -0.0050247051
0.0003796605 -0.0000765090 -0.0050246560
0.0003229208 0.0000350099 -0.0050221934
0.0002345713 0.0001235243 -0.0050175583
0.0001232604 0.0001803700 -0.0050112045
-0.0000001160 0.0001999824 -0.0050037539
-0.0001234812 0.0001804417 -0.0049959359
-0.0002347591 0.0001236607 -0.0049885157
-0.0003230572 0.0000351976 -0.0049822197
-0.0003797322 -0.0000762883 -0.0049776641
-0.0003992363 -0.0001998840 -0.0049752949
-0.0003796605 -0.0003234910 -0.0049753440
-0.0003229208 -0.0004350099 -0.0049778066
-0.0002345713 -0.0005235243 -0.0049824417
-0.0001232604 -0.0005803700 -0.0049887955
0.0000001160 -0.0005999824 -0.0049962461
0.0001234812 -0.0005804417 -0.0050040641
0.0002347591 -0.0005236607 -0.0050114843
0.0003230572 -0.0004351976 -0.0050177803
0.0003797322 -0.0003237117 -0.0050223359
0.0004587763 -0.0001912801 -0.0040624750
0.0004391349 -0.0000677044 -0.0040647503
0.0003823232 0.0000438049 -0.0040646030
0.0002939024 0.0001323326 -0.0040620473
0.0001825277 0.0001892128 -0.0040573335
0.0000591012 0.0002088778 -0.0040509230
-0.0000642953 0.0001894026 -0.0040434432
-0.0001755828 0.0001326937 -0.0040356264
-0.0002638677 0.0000443019 -0.0040282377
-0.0003205081 -0.0000671201 -0.0040220004
-0.0003399597 -0.0001906657 -0.0040175250
-0.0003203183 -0.0003142414 -0.0040152497
-0.0002635066 -0.0004257508 -0.0040153970
-0.0001750858 -0.0005142784 -0.0040179527
-0.0000637110 -0.0005711586 -0.0040226665
0.0000597155 -0.0005908236 -0.0040290770
0.0001831119 -0.0005713485 -0.0040365568
0.0002943994 -0.0005146395 -0.0040443736
0.0003826843 -0.0004262478 -0.0040517623
0.0004393248 -0.0003148257 -0.0040579996
0.0005130386 -0.0001650964 -0.0030982160
0.0004933611 -0.0000415837 -0.0031026104
0.0004364955 0.0000698770 -0.0031047916
0.0003480084 0.0001583749 -0.0031045461
0.0002365615 0.0002152474 -0.0031018978
0.0001130639 0.0002349274 -0.0030971059
-0.0000103955 0.0002154884 -0.0030906397
-0.0001217317 0.0001588332 -0.0030831319
-0.0002100463 0.0000705078 -0.0030753176
-0.0002666944 -0.0000408421 -0.0030679616
-0.0002861310 -0.0001643166 -0.0030617840
-0.0002664535 -0.0002878294 -0.0030573896
-0.0002095880 -0.0003992900 -0.0030552084
-0.0001211009 -0.0004877879 -0.0030554539
-0.0000096539 -0.0005446604 -0.0030581022
0.0001138437 -0.0005643404 -0.0030628941
0.0002373031 -0.0005449014 -0.0030693603
0.0003486393 -0.0004882463 -0.0030768681
0.0004369539 -0.0003999208 -0.0030846824
0.0004936020 -0.0002885710 -0.0030920384
0.0005570680 -0.0001239069 -0.0021323126
0.0005373964 -0.0000004665 -0.0021384295
0.0004805141 0.0001109234 -0.0021427424
0.0003919893 0.0001993593 -0.0021448290
0.0002804873 0.0002561845 -0.0021444853
0.0001569227 0.0002758365 -0.0021417448
0.0000333909 0.0002563915 -0.0021368757
-0.0000780159 0.0001997531 -0.0021303547
-0.0001663926 0.0001114654 -0.0021228201
-0.0002230880 0.0000001707 -0.0021150095
-0.0002425526 -0.0001232369 -0.0021076874
-0.0002228810 -0.0002466773 -0.0021015705
-0.0001659987 -0.0003580673 -0.0020972576
-0.0000774739 -0.0004465032 -0.0020951710
0.0000340281 -0.0005033283 -0.0020955147
0.0001575927 -0.0005229803 -0.0020982552
0.0002811245 -0.0005035354 -0.0021031243
0.0003925313 -0.0004468970 -0.0021096453
0.0004809079 -0.0003586093 -0.0021171799
0.0005376034 -0.0002473145 -0.0021249905
0.0005868307 -0.0000714443 -0.0011652978
0.0005672050 0.0000519399 -0.0011725849
0.0005103490 0.0001632622 -0.0011786401
0.0004218283 0.0002516256 -0.0011828707
0.0003103078 0.0003083805 -0.0011848625
0.0001867039 0.0003279714 -0.0011844207
0.0000631159 0.0003084806 -0.0011815883
-0.0000483586 0.0002518159 -0.0011766428
-0.0001368077 0.0001635241 -0.0011700681
-0.0001935734 0.0000522478 -0.0011625079
-0.0002130991 -0.0000711205 -0.0011547022
-0.0001934734 -0.0001945046 -0.0011474151
-0.0001366174 -0.0003058269 -0.0011413599
-0.0000480967 -0.0003941903 -0.0011371293
0.0000634238 -0.0004509453 -0.0011351375
0.0001870277 -0.0004705362 -0.0011355793
0.0003106157 -0.0004510453 -0.0011384117
0.0004220902 -0.0003943806 -0.0011433572
0.0005105393 -0.0003060888 -0.0011499319
0.0005673050 -0.0001948125 -0.0011574921
0.0005995993 -0.0000124897 -0.0001978047
0.0005800433 0.0001108741 -0.0002056042
0.0005232475 0.0002221556 -0.0002128552
0.0004347712 0.0003104617 -0.0002188478
0.0003232753 0.0003671483 -0.0002229954
0.0001996737 0.0003866666 -0.0002248921
0.0000760654 0.0003671060 -0.0002243522
-0.0000354499 0.0003103813 -0.0002214285
-0.0001239564 0.0002220450 -0.0002164072
-0.0001807904 0.0001107441 -0.0002097799
-0.0002003886 -0.0000126265 -0.0002021953
-0.0001808327 -0.0001359904 -0.0001943958
-0.0001240368 -0.0002472718 -0.0001871448
-0.0000355605 -0.0003355779 -0.0001811522
0.0000759354 -0.0003922645 -0.0001770046
0.0001995370 -0.0004117828 -0.0001751079
0.0003231453 -0.0003922223 -0.0001756478
0.0004346606 -0.0003354975 -0.0001785715
0.0005231671 -0.0002471612 -0.0001835928
0.0005800011 -0.0001358603 -0.0001902201
0.0005942137 0.0000475743 0.0007694902
0.0005747266 0.0001709610 0.0007618823
0.0005180033 0.0002822430 0.0007540902
0.0004295963 0.0003705270 0.0007468766
0.0003181594 0.0004271713 0.0007409476
0.0001946008 0.0004466312 0.0007368835
0.0000710154 0.0004270017 0.0007350823
-0.0000404994 0.0003702043 0.0007357202
-0.0001290279 0.0002817988 0.0007387348
-0.0001859043 0.0001704389 0.0007438309
-0.0002055610 0.0000470253 0.0007505098
-0.0001860739 -0.0000763614 0.0007581177
-0.0001293506 -0.0001876434 0.0007659098
-0.0000409436 -0.0002759274 0.0007731234
0.0000704933 -0.0003325717 0.0007790524
0.0001940519 -0.0003520316 0.0007831165
0.0003176373 -0.0003324021 0.0007849177
0.0004291521 -0.0002756047 0.0007842798
0.0005176806 -0.0001871992 0.0007812652
0.0005745570 -0.0000758393 0.0007761691
0.0005711879 0.0001032716 0.0017359284
0.0005517446 0.0002267163 0.0017291990
0.0004950809 0.0003380398 0.0017215691
0.0004067433 0.0004263450 0.0017137856
0.0002953790 0.0004829879 0.0017066104
0.0001718891 0.0005024241 0.0017007459
0.0000483616 0.0004827508 0.0016967661
-0.0000631117 0.0004258939 0.0016950606
-0.0001516191 0.0003374189 0.0016957964
-0.0002084968 0.0002259864 0.0016989013
-0.0002281772 0.0001025042 0.0017040716
-0.0002087339 -0.0000209405 0.0017108010
-0.0001520702 -0.0001322640 0.0017184309
-0.0000637326 -0.0002205692 0.0017262144
0.0000476317 -0.0002772121 0.0017333896
0.0001711216 -0.0002966482 0.0017392541
0.0002946491 -0.0002769750 0.0017432339
0.0004061224 -0.0002201181 0.0017449394
0.0004946298 -0.0001316431 0.0017442036
0.0005515074 -0.0000202106 0.0017410987
0.0005326543 0.0001495458 0.0027009287
0.0005132142 0.0002730630 0.0026956852
0.0004565759 0.0003844545 0.0026889063
0.0003682836 0.0004728165 0.0026812555
0.0002569799 0.0005294995 0.0026734819
0.0001335599 0.0005489550 0.0026663463
0.0000101050 0.0005292785 0.0026605472
-0.0001013003 0.0004723962 0.0026566523
-0.0001897509 0.0003838760 0.0026550429
-0.0002465885 0.0002723829 0.0026558764
-0.0002662496 0.0001488307 0.0026590713
-0.0002468095 0.0000253135 0.0026643148
-0.0001901712 -0.0000860780 0.0026710937
-0.0001018788 -0.0001744400 0.0026787445
0.0000094249 -0.0002311230 0.0026865181
0.0001328448 -0.0002505785 0.0026936537
0.0002562998 -0.0002309021 0.0026994528
0.0003677051 -0.0001740197 0.0027033477
0.0004561556 -0.0000854995 0.0027049571
0.0005129933 0.0000259936 0.0027041236
0.0004821520 0.0001822264 0.0036640398
0.0004626734 0.0003058051 0.0036607555
0.0004060175 0.0004172671 0.0036554395
0.0003177302 0.0005057015 0.0036486122
0.0002064536 0.0005624518 0.0036409418
0.0000830803 0.0005819630 0.0036331793
-0.0000403131 0.0005623250 0.0036260844
-0.0001516480 0.0005054603 0.0036203517
-0.0002400261 0.0004169351 0.0036165423
-0.0002967964 0.0003054149 0.0036150291
-0.0003164018 0.0001818160 0.0036159602
-0.0002969232 0.0000582373 0.0036192445
-0.0002402673 -0.0000532247 0.0036245605
-0.0001519799 -0.0001416591 0.0036313878
-0.0000407034 -0.0001984095 0.0036390582
0.0000826700 -0.0002179206 0.0036468207
0.0002060633 -0.0001982827 0.0036539156
0.0003173982 -0.0001414179 0.0036596483
0.0004057763 -0.0000528927 0.0036634577
0.0004625466 0.0000586275 0.0036649709
0.0004242858 0.0001984033 0.0046249808
0.0004047406 0.0003220109 0.0046239522
0.0003480302 0.0004335209 0.0046205790
0.0002597059 0.0005220178 0.0046151914
0.0001484135 0.0005788390 0.0046083167
0.0000250470 0.0005984224 0.0046006280
-0.0000983175 0.0005788511 0.0045928777
-0.0002096044 0.0005220409 0.0045858247
-0.0002979200 0.0004335526 0.0045801592
-0.0003546194 0.0003220483 0.0045764359
-0.0003741525 0.0001984426 0.0045750192
-0.0003546073 0.0000748350 0.0045760478
-0.0002978969 -0.0000366750 0.0045794210
-0.0002095726 -0.0001251719 0.0045848086
-0.0000982802 -0.0001819931 0.0045916833
0.0000250863 -0.0002015766 0.0045993720
0.0001484508 -0.0001820053 0.0046071223
0.0002597377 -0.0001251950 0.0046141753
0.0003480533 -0.0000367068 0.0046198408
0.0004047527 0.0000747976 0.0046235641
0.0003642946 0.0001966754 0.0055836667
0.0003446781 0.0003202689 0.0055849867
0.0002878956 0.0004317875 0.0055838608
0.0001995054 0.0005203150 0.0055803993
0.0000881598 0.0005771855 0.0055749409
-0.0000352421 0.0005968324 0.0055680200
-0.0001586207 0.0005773323 0.0055603140
-0.0002698989 0.0005205941 0.0055525773
-0.0003581840 0.0004321718 0.0055455672
-0.0004148341 0.0003207207 0.0055399699
-0.0004343038 0.0001971504 0.0055363333
-0.0004146873 0.0000735568 0.0055350133
-0.0003579048 -0.0000379618 0.0055361392
-0.0002695146 -0.0001264892 0.0055396007
-0.0001581690 -0.0001833598 0.0055450591
-0.0000347671 -0.0002030067 0.0055519800
0.0000886115 -0.0001835066 0.0055596860
0.0001998897 -0.0001267684 0.0055674227
0.0002881748 -0.0000383461 0.0055744328
0.0003448249 0.0000731051 0.0055800301
0.0003075727 0.0001772558 0.0065402163
0.0002879055 0.0003007973 0.0065437657
0.0002310587 0.0004122822 0.0065449887
0.0001425970 0.0005007973 0.0065437657
0.0000311795 0.0005576784 0.0065402163
-0.0000922875 0.0005773574 0.0065346880
-0.0002157181 0.0005579080 0.0065277219
-0.0003270301 0.0005012341 0.0065200000
-0.0004153274 0.0004128833 0.0065122781
-0.0004719670 0.0003015040 0.0065053120
-0.0004914046 0.0001779988 0.0064997837
-0.0004717374 0.0000544573 0.0064962343
-0.0004148907 -0.0000570276 0.0064950113
-0.0003264289 -0.0001455427 0.0064962343
-0.0002150114 -0.0002024238 0.0064997837
-0.0000915444 -0.0002221028 0.0065053120
0.0000318862 -0.0002026534 0.0065122781
0.0001431981 -0.0001459795 0.0065200000
0.0002314955 -0.0000576287 0.0065277219
0.0002881351 0.0000537506 0.0065346880
0.0002591907 0.0001419327 0.0074949409
0.0002395113 0.0002654027 0.0075003993
0.0001826307 0.0003768232 0.0075038608
0.0000941170 0.0004652877 0.0075049867
-0.0000173656 0.0005221366 0.0075036667
-0.0001409044 0.0005418051 0.0075000301
-0.0002644066 0.0005223680 0.0074944328
-0.0003757829 0.0004657279 0.0074874227
-0.0004641309 0.0003774291 0.0074796860
-0.0005208027 0.0002661149 0.0074719800
-0.0005402507 0.0001426816 0.0074650591
-0.0005205712 0.0000192116 0.0074596007
-0.0004636907 -0.0000922090 0.0074561392
-0.0003751770 -0.0001806734 0.0074550133
-0.0002636944 -0.0002375223 0.0074563333
-0.0001401555 -0.0002571909 0.0074599699
-0.0000166534 -0.0002377538 0.0074655672
0.0000947229 -0.0001811136 0.0074725773
0.0001830709 -0.0000928148 0.0074803140
0.0002397427 0.0000184993 0.0074880200
0.0002234552 0.0000938956 0.0084483167
0.0002038063 0.0002172997 0.0084551914
0.0001469344 0.0003286481 0.0084605790
0.0000584066 0.0004170414 0.0084639522
-0.0000531114 0.0004738269 0.0084649808
-0.0001767035 0.0004934460 0.0084635641
-0.0003002715 0.0004739784 0.0084598408
-0.0004117199 0.0004173296 0.0084541753
-0.0005001392 0.0003290449 0.0084471223
-0.0005568743 0.0002177661 0.0084393720
-0.0005763717 0.0000943860 0.0084316833
-0.0005567228 -0.0000290181 0.0084248086
-0.0004998509 -0.0001403666 0.0084194210
-0.0004113231 -0.0002287598 0.0084160478
-0.0002998051 -0.0002855453 0.0084150192
-0.0001762130 -0.0003051645 0.0084164359
-0.0000526450 -0.0002856968 0.0084201592
0.0000588034 -0.0002290481 0.0084258247
0.0001472227 -0.0001407633 0.0084328777
0.0002039578 -0.0000294845 0.0084406280
0.0002035414 0.0000374468 0.0094009418
0.0001839550 0.0001608140 0.0094086122
0.0001271312 0.0002721080 0.0094154395
0.0000386322 0.0003604346 0.0094207555
-0.0000728790 0.0004171478 0.0094240398
-0.0001964869 0.0004366961 0.0094249709
-0.0003200919 0.0004171660 0.0094234577
-0.0004315947 0.0003604692 0.0094196483
-0.0005200806 0.0002721556 0.0094139156
-0.0005768881 0.0001608700 0.0094068207
-0.0005964563 0.0000375057 0.0093990582
-0.0005768699 -0.0000858615 0.0093913878
-0.0005200461 -0.0001971554 0.0093845605
-0.0004315471 -0.0002854820 0.0093792445
-0.0003200359 -0.0003421952 0.0093759602
-0.0001964280 -0.0003617435 0.0093750291
-0.0000728230 -0.0003422134 0.0093765423
0.0000386798 -0.0002855166 0.0093803517
0.0001271657 -0.0001972031 0.0093860844
0.0001839732 -0.0000859174 0.0093931793
0.0002012246 -0.0000223745 0.0103534819
0.0001817106 0.0001009976 0.0103612555
0.0001249572 0.0002122740 0.0103689063
0.0000365198 0.0003005621 0.0103756852
-0.0000749448 0.0003572196 0.0103809287
-0.0001985255 0.0003767006 0.0103841236
-0.0003221255 0.0003570980 0.0103849571
-0.0004336459 0.0003003308 0.0103833477
-0.0005221704 0.0002119557 0.0103794528
-0.0005790335 0.0001006234 0.0103736537
-0.0005986691 -0.0000227680 0.0103665181
-0.0005791551 -0.0001461402 0.0103587445
-0.0005224017 -0.0002574166 0.0103510937
-0.0004339643 -0.0003457046 0.0103443148
-0.0003224997 -0.0004023622 0.0103390713
-0.0001989190 -0.0004218431 0.0103358764
-0.0000753190 -0.0004022406 0.0103350429
0.0000362014 -0.0003454733 0.0103366523
0.0001247259 -0.0002570982 0.0103405472
0.0001815890 -0.0001457660 0.0103463463
0.0002167274 -0.0000802278 0.0113066104
0.0001972703 0.0000431896 0.0113137856
0.0001405849 0.0001544914 0.0113215691
0.0000522200 0.0002427827 0.0113291990
-0.0000591746 0.0002994208 0.0113359284
-0.0001826948 0.0003188617 0.0113410987
-0.0003062495 0.0002992024 0.0113442036
-0.0004177445 0.0002423671 0.0113449394
-0.0005062658 0.0001539195 0.0113432339
-0.0005631483 0.0000425172 0.0113392541
-0.0005828239 -0.0000809348 0.0113333896
-0.0005633667 -0.0002043521 0.0113262144
-0.0005066813 -0.0003156540 0.0113184309
-0.0004183164 -0.0004039452 0.0113108010
-0.0003069219 -0.0004605834 0.0113040716
-0.0001834017 -0.0004800243 0.0112989013
-0.0000598469 -0.0004603649 0.0112957964
0.0000516480 -0.0004035297 0.0112950606
0.0001401693 -0.0003150820 0.0112967661
0.0001970518 -0.0002036798 0.0113007459
0.0002486955 -0.0001309317 0.0122609476
0.0002292595 -0.0000074449 0.0122668766
0.0001726156 0.0001039165 0.0122740902
0.0000843087 0.0001922516 0.0122818823
-0.0000270172 0.0002489135 0.0122894902
-0.0001504648 0.0002683557 0.0122961691
-0.0002739501 0.0002486752 0.0123012652
-0.0003853856 0.0001917984 0.0123042798
-0.0004738631 0.0001032928 0.0123049177
-0.0005307218 -0.0000081780 0.0123031165
-0.0005503961 -0.0001317026 0.0122990524
-0.0005309600 -0.0002551895 0.0122931234
-0.0004743162 -0.0003665508 0.0122859098
-0.0003860092 -0.0004548859 0.0122781177
-0.0002746833 -0.0005115478 0.0122705098
-0.0001512357 -0.0005309900 0.0122638309
-0.0000277504 -0.0005113095 0.0122587348
0.0000836850 -0.0004544327 0.0122557202
0.0001721625 -0.0003659271 0.0122550823
0.0002290213 -0.0002544563 0.0122568835
0.0002943034 -0.0001699175 0.0132170046
0.0002748454 -0.0000463615 0.0132211522
0.0002182020 0.0000650725 0.0132271448
0.0001299179 0.0001534765 0.0132343958
0.0000186350 0.0002101968 0.0132421953
-0.0001047535 0.0002296814 0.0132497799
-0.0002281696 0.0002100229 0.0132564072
-0.0003395325 0.0001531457 0.0132614285
-0.0004279411 0.0000646172 0.0132643522
-0.0004847413 -0.0000468967 0.0132648921
-0.0005043733 -0.0001704803 0.0132629954
-0.0004849152 -0.0002940363 0.0132588478
-0.0004282719 -0.0004054703 0.0132528552
-0.0003399878 -0.0004938743 0.0132456042
-0.0002287049 -0.0005505946 0.0132378047
-0.0001053163 -0.0005700792 0.0132302201
0.0000180998 -0.0005504207 0.0132235928
0.0001294626 -0.0004935435 0.0132185715
0.0002178712 -0.0004050150 0.0132156478
0.0002746715 -0.0002935011 0.0132151079
0.0003494886 -0.0001936386 0.0141751375
0.0003299732 -0.0000700381 0.0141771293
0.0002732890 0.0000414560 0.0141813599
0.0001849846 0.0001299297 0.0141874151
0.0000737040 0.0001867226 0.0141947022
-0.0000496600 0.0002062755 0.0142025079
-0.0001730316 0.0001866744 0.0142100681
-0.0002843343 0.0001298379 0.0142166428
-0.0003726732 0.0000413297 0.0142215883
-0.0004294009 -0.0000701865 0.0142244207
-0.0004489645 -0.0001937946 0.0142248625
-0.0004294491 -0.0003173952 0.0142228707
-0.0003727649 -0.0004288892 0.0142186401
-0.0002844606 -0.0005173629 0.0142125849
-0.0001731800 -0.0005741559 0.0142052978
-0.0000498160 -0.0005937088 0.0141974921
0.0000735556 -0.0005741076 0.0141899319
0.0001848584 -0.0005172712 0.0141833572
0.0002731972 -0.0004287630 0.0141784117
0.0003299249 -0.0003172468 0.0141755793
0.0004092987 -0.0001999003 0.0151355147
0.0003897108 -0.0000762956 0.0151351710
0.0003329589 0.0000352247 0.0151372576
0.0002445983 0.0001237443 0.0151415705
0.0001332784 0.0001805983 0.0151476874
0.0000098960 0.0002002214 0.0151550095
-0.0001134715 0.0001806928 0.0151628201
-0.0002247480 0.0001239241 0.0151703547
-0.0003130409 0.0000354721 0.0151768757
-0.0003697076 -0.0000760048 0.0151817448
-0.0003892010 -0.0001995945 0.0151844853
-0.0003696131 -0.0003231992 0.0151848290
-0.0003128612 -0.0004347195 0.0151827424
-0.0002245006 -0.0005232391 0.0151784295
-0.0001131807 -0.0005800931 0.0151723126
0.0000102018 -0.0005997162 0.0151649905
0.0001335693 -0.0005801876 0.0151571799
0.0002448457 -0.0005234188 0.0151496453
0.0003331386 -0.0004349669 0.0151431243
0.0003898053 -0.0003234900 0.0151382552
0.0004683286 -0.0001880766 0.0160981022
0.0004486787 -0.0000645097 0.0160954539
0.0003918561 0.0000469939 0.0160952084
0.0003034232 0.0001355195 0.0160973896
0.0001920363 0.0001924015 0.0161017840
0.0000685987 0.0002120719 0.0161079616
-0.0000548065 0.0001926053 0.0161153176
-0.0001660997 0.0001359072 0.0161231319
-0.0002543867 0.0000475276 0.0161306397
-0.0003110253 -0.0000638823 0.0161371059
-0.0003304714 -0.0001874169 0.0161418978
-0.0003108215 -0.0003109838 0.0161445461
-0.0002539989 -0.0004224874 0.0161447916
-0.0001655660 -0.0005110130 0.0161426104
-0.0000541791 -0.0005678950 0.0161382160
0.0000692584 -0.0005875654 0.0161320384
0.0001926637 -0.0005680988 0.0161246824
0.0003039569 -0.0005114007 0.0161168681
0.0003922439 -0.0004230211 0.0161093603
0.0004488825 -0.0003116112 0.0161028941
0.0005212101 -0.0001591885 0.0170626665
0.0005015305 -0.0000356878 0.0170579527
0.0004446593 0.0000757619 0.0170553970
0.0003561634 0.0001642513 0.0170552497
0.0002447054 0.0002211184 0.0170575250
0.0001211957 0.0002407965 0.0170620004
-0.0000022758 0.0002213596 0.0170682377
-0.0001136229 0.0001647102 0.0170756264
-0.0002019461 0.0000763936 0.0170834432
-0.0002585996 -0.0000349453 0.0170909230
-0.0002780380 -0.0001584077 0.0170973335
-0.0002583584 -0.0002819083 0.0171020473
-0.0002014871 -0.0003933581 0.0171046030
-0.0001129913 -0.0004818475 0.0171047503
-0.0000015333 -0.0005387145 0.0171024750
0.0001219764 -0.0005583927 0.0170979996
0.0002454480 -0.0005389558 0.0170917623
0.0003567950 -0.0004823064 0.0170843736
0.0004451182 -0.0003939897 0.0170765568
0.0005017718 -0.0002826509 0.0170690770
0.0005631108 -0.0001158277 0.0180287955
0.0005434443 0.0000076016 0.0180224417
0.0004865635 0.0001189793 0.0180178066
0.0003980363 0.0002074032 0.0180153440
0.0002865283 0.0002642176 0.0180152949
0.0001629547 0.0002838612 0.0180176641
0.0000394118 0.0002644112 0.0180222197
-0.0000720073 0.0002077713 0.0180285157
-0.0001603959 0.0001194860 0.0180359359
-0.0002171021 0.0000081972 0.0180437539
-0.0002365751 -0.0001152014 0.0180512045
-0.0002169086 -0.0002386306 0.0180575583
-0.0001600278 -0.0003500084 0.0180621934
-0.0000715006 -0.0004384323 0.0180646560
0.0000400074 -0.0004952467 0.0180647051
0.0001635810 -0.0005148903 0.0180623359
0.0002871239 -0.0004954402 0.0180577803
0.0003985430 -0.0004388004 0.0180514843
0.0004869316 -0.0003505151 0.0180440641
0.0005436378 -0.0002392263 0.0180362461
0.0005901906 -0.0000619288 0.0189959359
0.0005705755 0.0000614491 0.0189885157
0.0005137277 0.0001727622 0.0189822197
0.0004252118 0.0002611143 0.0189776641
0.0003136925 0.0003178571 0.0189752949
0.0001900859 0.0003374360 0.0189753440
0.0000664917 0.0003179345 0.0189778066
-0.0000449921 0.0002612617 0.0189824417
-0.0001334525 0.0001729650 0.0189887955
-0.0001902304 0.0000616876 0.0189962461
-0.0002097680 -0.0000616780 0.0190040641
-0.0001901529 -0.0001850559 0.0190114843
-0.0001333051 -0.0002963690 0.0190177803
-0.0000447892 -0.0003847211 0.0190223359
0.0000667301 -0.0004414638 0.0190247051
0.0001903367 -0.0004610428 0.0190246560
0.0003139310 -0.0004415413 0.0190221934
0.0004254147 -0.0003848685 0.0190175583
0.0005138751 -0.0002965718 0.0190112045
0.0005706530 -0.0001852944 0.0190037539
0.0005999694 -0.0000024066 0.0199634432
0.0005804257 0.0001209581 0.0199556264
0.0005236417 0.0002322366 0.0199482377
0.0004351759 0.0003205362 0.0199420004
0.0003236878 0.0003772134 0.0199375250
0.0002000908 0.0003967203 0.0199352497
0.0000764834 0.0003771475 0.0199353970
-0.0000350349 0.0003204108 0.0199379527
-0.0001235479 0.0002320641 0.0199426665
-0.0001803913 0.0001207553 0.0199490770
-0.0002000010 -0.0000026198 0.0199565568
-0.0001804572 -0.0001259846 0.0199643736
-0.0001236733 -0.0002372631 0.0199717623
-0.0000352074 -0.0003255626 0.0199779996
0.0000762806 -0.0003822398 0.0199824750
0.0001998776 -0.0004017467 0.0199847503
0.0003234850 -0.0003821739 0.0199846030
0.0004350033 -0.0003254372 0.0199820473
0.0005235163 -0.0002370905 0.0199773335
0.0005803598 -0.0001257817 0.0199709230
