-0.0013237427 0.0008200207 -0.0187378028
-0.0014230573 0.0008216522 -0.0187493767
-0.0014975771 0.0004060622 -0.0173059661
-0.0015975161 0.0004065865 -0.0173094185
-0.0015495556 -0.0000399000 -0.0158742657
-0.0016494306 -0.0000406452 -0.0158693240
-0.0014755663 -0.0004827975 -0.0144423703
-0.0015747088 -0.0004845814 -0.0144294246
-0.0012813673 -0.0008877772 -0.0130099637
-0.0013793354 -0.0008900476 -0.0129900363
-0.0009821579 -0.0012229165 -0.0115767703
-0.0010788734 -0.0012249704 -0.0115514348
-0.0006014202 -0.0014617266 -0.0101425767
-0.0006971928 -0.0014629280 -0.0101138336
-0.0001691100 -0.0015852517 -0.0087072482
-0.0002645413 -0.0015852287 -0.0086773672
0.0002806751 -0.0015835968 -0.0072707400
0.0001848779 -0.0015823565 -0.0072420806
0.0007123764 -0.0014567521 -0.0058331002
0.0006156193 -0.0014546784 -0.0058079255
0.0010917942 -0.0012146375 -0.0043944665
0.0009937805 -0.0012123726 -0.0043747643
0.0013888235 -0.0008763494 -0.0029550549
0.0012896454 -0.0008745945 -0.0029423810
0.0015798753 -0.0004686590 -0.0015151429
0.0014799857 -0.0004679575 -0.0015104981
0.0016497815 -0.0000238807 -0.0000750475
0.0015498535 -0.0000244497 -0.0000787986
0.0015930176 0.0004227178 0.0013648997
0.0014937362 0.0004210544 0.0013530490
0.0014141403 0.0008357450 0.0028043791
0.0013159904 0.0008335022 0.0027853645
0.0011274051 0.0011825200 0.0042431078
0.0010305211 0.0011803923 0.0042184307
0.0007555997 0.0014356733 0.0056808621
0.0006597241 0.0014343194 0.0056524712
0.0003281994 0.0015753044 0.0071174955
0.0002327626 0.0015751435 0.0070876327
-0.0001209959 0.0015905249 0.0085529499
-0.0002166995 0.0015916068 0.0085239732
-0.0005565469 0.0014802763 0.0099872602
-0.0006531402 0.0014822660 0.0099614577
-0.0009441634 0.0012533690 0.0114205518
-0.0010419940 0.0012556505 0.0113999610
-0.0012533805 0.0009277540 0.0128530304
-0.0013524127 0.0009296209 0.0128392773
-0.0014599198 0.0005290954 0.0142849661
-0.0015597459 0.0005299697 0.0142791365
-0.0015475637 0.0000887583 0.0157166715
-0.0016475303 0.0000883692 0.0157192259
-0.0015094077 -0.0003586324 0.0171484778
-0.0016088179 -0.0003601644 0.0171592145
-0.0013484007 -0.0007778808 0.0185807081
-0.0014467297 -0.0007800814 0.0185987791
-0.0012244282 0.0008183891 -0.0187262288
-0.0012824309 0.0009320310 -0.0187004575
-0.0014089353 0.0009619411 -0.0187071657
-0.0015086808 0.0008855965 -0.0187413019
-0.0015065572 0.0007604862 -0.0187771609
-0.0014041634 0.0006808209 -0.0187877402
-0.0012786042 0.0007065901 -0.0187650732
-0.0013976381 0.0004055379 -0.0173025137
-0.0014546951 0.0005178221 -0.0172696549
-0.0015816712 0.0005461463 -0.0172654390
-0.0016829508 0.0004691817 -0.0172930408
-0.0016822683 0.0003448843 -0.0173316754
-0.0015801376 0.0002668525 -0.0173522503
-0.0014534653 0.0002938459 -0.0173392721
-0.0014496805 -0.0000391548 -0.0158792075
-0.0015052126 0.0000724875 -0.0158418558
-0.0016317398 0.0000992192 -0.0158270488
-0.0017339845 0.0000209107 -0.0158459366
-0.0017349545 -0.0001034700 -0.0158842961
-0.0016339193 -0.0001802618 -0.0159132420
-0.0015069604 -0.0001516388 -0.0159109773
-0.0013764239 -0.0004810135 -0.0144553160
-0.0014303239 -0.0003690987 -0.0144164208
-0.0015556206 -0.0003434731 -0.0143921920
-0.0016579629 -0.0004234333 -0.0144008742
-0.0016602850 -0.0005487676 -0.0144359297
-0.0015608383 -0.0006250967 -0.0144709608
-0.0014345082 -0.0005949433 -0.0144795885
-0.0011833993 -0.0008855067 -0.0130298911
-0.0012360656 -0.0007724895 -0.0129925238
-0.0013597310 -0.0007471410 -0.0129607863
-0.0014612730 -0.0008285493 -0.0129585775
-0.0014642283 -0.0009554122 -0.0129875607
-0.0013663716 -0.0010321994 -0.0130259109
-0.0012413909 -0.0010010885 -0.0130447497
-0.0008854424 -0.0012208626 -0.0116021059
-0.0009376552 -0.0011062541 -0.0115692171
-0.0010597939 -0.0010802681 -0.0115324770
-0.0011598854 -0.0011624725 -0.0115195516
-0.0011625589 -0.0012909658 -0.0115401740
-0.0010658011 -0.0013689899 -0.0115788150
-0.0009424726 -0.0013377910 -0.0116063773
-0.0005056476 -0.0014605251 -0.0101713198
-0.0005583277 -0.0013443294 -0.0101455066
-0.0006795166 -0.0013169884 -0.0101066651
-0.0007779568 -0.0013990906 -0.0100840436
-0.0007795206 -0.0015288113 -0.0100946767
-0.0006830306 -0.0016084681 -0.0101305574
-0.0005611456 -0.0015780779 -0.0101646667
-0.0000736788 -0.0015852747 -0.0087371292
-0.0001276020 -0.0014679872 -0.0087204299
-0.0002487125 -0.0014389935 -0.0086825540
-0.0003458115 -0.0015201267 -0.0086520228
-0.0003457816 -0.0016502916 -0.0086518270
-0.0002486452 -0.0017314716 -0.0086821140
-0.0001275481 -0.0017025363 -0.0087200770
0.0003764723 -0.0015848371 -0.0072993993
0.0003209148 -0.0014672912 -0.0072931325
0.0001989874 -0.0014368588 -0.0072592131
0.0001025039 -0.0015164561 -0.0072231831
0.0001041183 -0.0016461447 -0.0072121738
0.0002026151 -0.0017282665 -0.0072344755
0.0003238240 -0.0017009821 -0.0072732945
0.0008091334 -0.0014588257 -0.0058582749
0.0007520566 -0.0013419348 -0.0058629354
0.0006286697 -0.0013107230 -0.0058356509
0.0005318856 -0.0013886932 -0.0057969670
0.0005345847 -0.0015171324 -0.0057760137
0.0006347346 -0.0015993233 -0.0057885691
0.0007569202 -0.0015733743 -0.0058251788
0.0011898080 -0.0012169024 -0.0044141686
0.0011317971 -0.0011013773 -0.0044293885
0.0010067600 -0.0010702867 -0.0044108933
0.0009088523 -0.0011470425 -0.0043726103
0.0009118004 -0.0012738459 -0.0043433674
0.0010133843 -0.0013552115 -0.0043451851
0.0011371093 -0.0013298693 -0.0043766946
0.0014880016 -0.0008781043 -0.0029677287
0.0014299312 -0.0007642327 -0.0029923061
0.0013035643 -0.0007341265 -0.0029840607
0.0012040577 -0.0008104563 -0.0029492015
0.0012063420 -0.0009357442 -0.0029139782
0.0013086970 -0.0010156459 -0.0029049146
0.0014340473 -0.0009899937 -0.0029288358
0.0016797649 -0.0004693606 -0.0015197876
0.0016225280 -0.0003569183 -0.0015517818
0.0014955633 -0.0003283549 -0.0015544373
0.0013944778 -0.0004051793 -0.0015257545
0.0013953910 -0.0005295410 -0.0014873322
0.0014976152 -0.0006077933 -0.0014681030
0.0016241735 -0.0005810104 -0.0014825471
0.0017497095 -0.0000233117 -0.0000712964
0.0016939409 0.0000883680 -0.0001081810
0.0015672955 0.0001153079 -0.0001215277
0.0014651398 0.0000372217 -0.0001012862
0.0014643992 -0.0000870901 -0.0000626988
0.0015656313 -0.0001640181 -0.0000348225
0.0016926063 -0.0001356341 -0.0000386488
0.0016922989 0.0004243812 0.0013767505
0.0016381790 0.0005362011 0.0013378880
0.0015126711 0.0005619395 0.0013149040
0.0014102853 0.0004822148 0.0013251059
0.0014081201 0.0003570614 0.0013608114
0.0015078061 0.0002807222 0.0013951336
0.0016342775 0.0003106824 0.0014022272
0.0015122903 0.0008379877 0.0028233937
0.0014594888 0.0009508074 0.0027856221
0.0013355845 0.0009761382 0.0027548157
0.0012338799 0.0008949057 0.0027541723
0.0012309606 0.0007682796 0.0027841765
0.0013290249 0.0006916118 0.0028222344
0.0014542284 0.0007226349 0.0028396877
0.0012242892 0.0011846477 0.0042677848
0.0011720677 0.0012990169 0.0042340866
0.0010497366 0.0013248604 0.0041978904
0.0009494137 0.0012427176 0.0041864526
0.0009466441 0.0011144436 0.0042083861
0.0010435135 0.0010366314 0.0042471746
0.0011670772 0.0010678752 0.0042736095
0.0008514753 0.0014370272 0.0057092530
0.0007989158 0.0015530161 0.0056822892
0.0006776403 0.0015801337 0.0056435613
0.0005789717 0.0014979600 0.0056222323
0.0005772094 0.0013683733 0.0056343632
0.0006736805 0.0012889552 0.0056708193
0.0007957403 0.0013195091 0.0057041484
0.0004236362 0.0015754652 0.0071473583
0.0003699255 0.0016926425 0.0071292581
0.0002488613 0.0017214011 0.0070910567
0.0001516073 0.0016400854 0.0070615207
0.0001513979 0.0015099276 0.0070628911
0.0002483907 0.0014289393 0.0070941362
0.0003695482 0.0014581063 0.0071317276
-0.0000252923 0.0015894429 0.0085819266
-0.0000806112 0.0017070092 0.0085741192
-0.0002023740 0.0017372677 0.0085394608
-0.0002988908 0.0016574333 0.0085040500
-0.0002974825 0.0015276228 0.0084945518
-0.0001992096 0.0014455862 0.0085181185
-0.0000780735 0.0014730988 0.0085570040
-0.0004599536 0.0014782865 0.0100130627
-0.0005168396 0.0015953220 0.0100161646
-0.0006399945 0.0016264749 0.0099877860
-0.0007366800 0.0015482864 0.0099492966
-0.0007340900 0.0014196341 0.0099296797
-0.0006341748 0.0013373957 0.0099437072
-0.0005121726 0.0013634985 0.0099808161
-0.0008463329 0.0012510874 0.0114411426
-0.0009042599 0.0013668368 0.0114549089
-0.0010290692 0.0013980016 0.0114350509
-0.0011267770 0.0013211141 0.0113965222
-0.0011238072 0.0011940721 0.0113683356
-0.0010223962 0.0011125409 0.0113717163
-0.0008989085 0.0011379151 0.0114041184
-0.0011543484 0.0009258871 0.0128667836
-0.0012124677 0.0010399932 0.0128901272
-0.0013386818 0.0010702837 0.0128803579
-0.0014379489 0.0009939494 0.0128448323
-0.0014355189 0.0008684715 0.0128103018
-0.0013332216 0.0007883375 0.0128027686
-0.0012080889 0.0008138898 0.0128279054
-0.0013600937 0.0005282212 0.0142907956
-0.0014174973 0.0006408355 0.0143218733
-0.0015444314 0.0006696364 0.0143229641
-0.0016453121 0.0005929362 0.0142932468
-0.0016441742 0.0004684918 0.0142550990
-0.0015418745 0.0003900123 0.0142372468
-0.0014154468 0.0004165944 0.0142531333
-0.0014475971 0.0000891474 0.0157141172
-0.0015035984 0.0002008834 0.0157504748
-0.0016303449 0.0002280404 0.0157623397
-0.0017323940 0.0001501686 0.0157407772
-0.0017329005 0.0000259071 0.0157020245
-0.0016314831 -0.0000511727 0.0156752630
-0.0015045111 -0.0000230281 0.0156806447
-0.0014099976 -0.0003571004 0.0171377412
-0.0014643444 -0.0002453573 0.0171765080
-0.0015900537 -0.0002194894 0.0171982099
-0.0016924639 -0.0002989759 0.0171865050
-0.0016944581 -0.0004239617 0.0171502073
-0.0015945345 -0.0005003301 0.0171166498
-0.0014679376 -0.0004705740 0.0171111018
-0.0012500717 -0.0007756803 0.0185626370
-0.0013030238 -0.0006630468 0.0186007517
-0.0014271676 -0.0006377142 0.0186305770
-0.0015290201 -0.0007187584 0.0186296540
-0.0015318844 -0.0008451516 0.0185986776
-0.0014336036 -0.0009217170 0.0185609737
-0.0013081851 -0.0008907993 0.0185449341
-0.0009800736 -0.0011337709 0.0199896732
-0.0010374542 -0.0012503734 0.0199823048
-0.0011251136 0.0008167576 -0.0187146549
-0.0011554488 0.0009288938 -0.0186859627
-0.0012357140 0.0010162754 -0.0186704722
-0.0013475214 0.0010588842 -0.0186717320
-0.0014652573 0.0010469592 -0.0186894536
-0.0015619498 0.0009832321 -0.0187195771
-0.0016154478 0.0008823022 -0.0187552016
-0.0016134955 0.0007672912 -0.0187881660
-0.0015565403 0.0006645467 -0.0188109185
-0.0014576298 0.0005976064 -0.0188182468
-0.0013394233 0.0005818053 -0.0188084721
-0.0012290005 0.0006207634 -0.0187838336
-0.0011516578 0.0007055558 -0.0187499757
-0.0012976991 0.0004050135 -0.0172990613
-0.0013269268 0.0005161072 -0.0172655660
-0.0014066958 0.0006020509 -0.0172417213
-0.0015187321 0.0006431561 -0.0172329898
-0.0016373694 0.0006300059 -0.0172413717
-0.0017354294 0.0005656130 -0.0172649469
-0.0017904477 0.0004647290 -0.0172983146
-0.0017898203 0.0003504652 -0.0173338305
-0.0017336909 0.0002489981 -0.0173633585
-0.0016349181 0.0001835725 -0.0173801341
-0.0015161295 0.0001691766 -0.0173803141
-0.0014045382 0.0002091085 -0.0173638573
-0.0013257084 0.0002942202 -0.0173345338
-0.0013498055 -0.0000384096 -0.0158841492
-0.0013775399 0.0000723948 -0.0158484957
-0.0014561212 0.0001573885 -0.0158181798
-0.0015675472 0.0001971005 -0.0158001464
-0.0016862916 0.0001824331 -0.0157985268
-0.0017851516 0.0001167465 -0.0158136921
-0.0018414794 0.0000150888 -0.0158421680
-0.0018423711 -0.0000992516 -0.0158774310
-0.0017876223 -0.0002000806 -0.0159114029
-0.0016897754 -0.0002642995 -0.0159363011
-0.0015712460 -0.0002771965 -0.0159464216
-0.0014591875 -0.0002358171 -0.0159394461
-0.0013792715 -0.0001496408 -0.0159169725
-0.0012772814 -0.0004792295 -0.0144682616
-0.0013035992 -0.0003678714 -0.0144332653
-0.0013806687 -0.0002830458 -0.0143988719
-0.0014908343 -0.0002441853 -0.0143729606
-0.0016088584 -0.0002601923 -0.0143614674
-0.0017077030 -0.0003273998 -0.0143670253
-0.0017647241 -0.0004304113 -0.0143883609
-0.0017668588 -0.0005456283 -0.0144205865
-0.0017136180 -0.0006466558 -0.0144563197
-0.0016171987 -0.0007103497 -0.0144873744
-0.0014996892 -0.0007221184 -0.0145066364
-0.0013880097 -0.0006792660 -0.0145096929
-0.0013077445 -0.0005916093 -0.0144958438
-0.0010854312 -0.0008832363 -0.0130498184
-0.0011108475 -0.0007706531 -0.0130182427
-0.0011865495 -0.0006851617 -0.0129824877
-0.0012951948 -0.0006463471 -0.0129507446
-0.0014118941 -0.0006631013 -0.0129302853
-0.0015099128 -0.0007315861 -0.0129257968
-0.0015667963 -0.0008361124 -0.0129383074
-0.0015695130 -0.0009527346 -0.0129649510
-0.0015174407 -0.0010547359 -0.0129996239
-0.0014225085 -0.0011187490 -0.0130343830
-0.0013064642 -0.0011301093 -0.0130612653
-0.0011958922 -0.0010862143 -0.0130741125
-0.0011161231 -0.0009971198 -0.0130699814
-0.0007887268 -0.0012188087 -0.0116274414
-0.0008140361 -0.0011047082 -0.0116017795
-0.0008889381 -0.0010179231 -0.0115674863
-0.0009962739 -0.0009783348 -0.0115324179
-0.0011114541 -0.0009950125 -0.0115046081
-0.0012080922 -0.0010641354 -0.0114904278
-0.0012640497 -0.0011698685 -0.0114931254
-0.0012665073 -0.0012879895 -0.0115120831
-0.0012149021 -0.0013914383 -0.0115429578
-0.0011210562 -0.0014565160 -0.0115786765
-0.0010064685 -0.0014683142 -0.0116110565
-0.0008973898 -0.0014241300 -0.0116326799
-0.0008188085 -0.0013340854 -0.0116385931
-0.0004098750 -0.0014593237 -0.0102000629
-0.0004359046 -0.0013438836 -0.0101823413
-0.0005108220 -0.0012555776 -0.0101522178
-0.0006174645 -0.0012146354 -0.0101165932
-0.0007314017 -0.0012304365 -0.0100836288
-0.0008265318 -0.0012993609 -0.0100608764
-0.0008810618 -0.0014056190 -0.0100535481
-0.0008824994 -0.0015248682 -0.0100633228
-0.0008305153 -0.0016297901 -0.0100879613
-0.0007370185 -0.0016963483 -0.0101218192
-0.0006234279 -0.0017092950 -0.0101571400
-0.0005157658 -0.0016656645 -0.0101858322
-0.0004386963 -0.0015754518 -0.0102013227
0.0000217525 -0.0015852977 -0.0087670102
-0.0000056019 -0.0014691105 -0.0087586283
-0.0000813452 -0.0013795272 -0.0087350531
-0.0001881253 -0.0013370702 -0.0087016854
-0.0003014804 -0.0013514661 -0.0086661695
-0.0003954421 -0.0014194167 -0.0086366415
-0.0004484849 -0.0015253556 -0.0086198659
-0.0004484574 -0.0016450133 -0.0086196859
-0.0003953659 -0.0017509777 -0.0086361427
-0.0003013729 -0.0018189736 -0.0086654662
-0.0001880112 -0.0018334241 -0.0087009387
-0.0000812505 -0.0017910186 -0.0087344340
-0.0000055485 -0.0017014718 -0.0087582787
0.0004722695 -0.0015860775 -0.0073280587
0.0004433960 -0.0014699668 -0.0073296783
0.0003662721 -0.0013797453 -0.0073145130
0.0002585660 -0.0013360816 -0.0072860371
0.0001449518 -0.0013489787 -0.0072507741
0.0000514572 -0.0014154818 -0.0072168022
-0.0000004993 -0.0015203560 -0.0071919040
0.0000009849 -0.0016395759 -0.0071817835
0.0000555697 -0.0017458295 -0.0071887590
0.0001507505 -0.0018147755 -0.0072112326
0.0002647224 -0.0018306192 -0.0072440559
0.0003713760 -0.0017897310 -0.0072797094
0.0004462780 -0.0017014778 -0.0073100253
0.0009058905 -0.0014608993 -0.0058834496
0.0008757740 -0.0013456652 -0.0058949428
0.0007971421 -0.0012556422 -0.0058893850
0.0006880085 -0.0012114536 -0.0058680494
0.0005733743 -0.0012232223 -0.0058358237
0.0004795009 -0.0012882524 -0.0058000905
0.0004278934 -0.0013916462 -0.0057690358
0.0004303747 -0.0015097175 -0.0057497739
0.0004863762 -0.0016154174 -0.0057467174
0.0005830687 -0.0016845316 -0.0057605665
0.0006983010 -0.0017012267 -0.0057881486
0.0008056749 -0.0016616780 -0.0058231450
0.0008805923 -0.0015749458 -0.0058575384
0.0012878217 -0.0012191673 -0.0044338708
0.0012571231 -0.0011053384 -0.0044543301
0.0011773228 -0.0010162892 -0.0044588186
0.0010667020 -0.0009724198 -0.0044463080
0.0009506027 -0.0009837801 -0.0044196644
0.0008556217 -0.0010477676 -0.0043849915
0.0008035182 -0.0011497236 -0.0043502324
0.0008062283 -0.0012662912 -0.0043233501
0.0008631312 -0.0013707661 -0.0043105029
0.0009611912 -0.0014392143 -0.0043146340
0.0010779439 -0.0014559554 -0.0043347969
0.0011866426 -0.0014171539 -0.0043663727
0.0012623859 -0.0013316990 -0.0044021277
0.0015871797 -0.0008798592 -0.0029804026
0.0015567402 -0.0007675291 -0.0030082124
0.0014764728 -0.0006799274 -0.0030223927
0.0013647657 -0.0006371226 -0.0030196951
0.0012472097 -0.0006489208 -0.0030007374
0.0011507355 -0.0007126191 -0.0029698627
0.0010974441 -0.0008136250 -0.0029341440
0.0010995440 -0.0009287994 -0.0029017640
0.0011565540 -0.0010317570 -0.0028801406
0.0012554140 -0.0010989116 -0.0028742274
0.0013734762 -0.0011148789 -0.0028853791
0.0014836940 -0.0010760010 -0.0029110410
0.0015608179 -0.0009911842 -0.0029453342
0.0017796545 -0.0004700621 -0.0015244324
0.0017502351 -0.0003588603 -0.0015573968
0.0016703465 -0.0002727317 -0.0015801493
0.0015582903 -0.0002314073 -0.0015874776
0.0014397373 -0.0002443541 -0.0015777028
0.0013418464 -0.0003086061 -0.0015530643
0.0012870433 -0.0004094439 -0.0015192064
0.0012878827 -0.0005237668 -0.0014838856
0.0013441724 -0.0006253849 -0.0014551934
0.0014430171 -0.0006910185 -0.0014397029
0.0015617725 -0.0007056320 -0.0014409628
0.0016732333 -0.0006658774 -0.0014586844
0.0017518652 -0.0005808622 -0.0014888079
0.0018496375 -0.0000227427 -0.0000675453
0.0018216832 0.0000880507 -0.0001030613
0.0017429021 0.0001731368 -0.0001325893
0.0016313421 0.0002130233 -0.0001493649
0.0015125602 0.0001985729 -0.0001495449
0.0014137678 0.0001330958 -0.0001330881
0.0013575972 0.0000315921 -0.0001037646
0.0013569164 -0.0000826849 -0.0000682920
0.0014118812 -0.0001835557 -0.0000347967
0.0015099000 -0.0002479121 -0.0000109521
0.0016285178 -0.0002610108 -0.0000022206
0.0017405607 -0.0002198510 -0.0000106025
0.0018203611 -0.0001338619 -0.0000341777
0.0017915803 0.0004260445 0.0013886013
0.0017650826 0.0005372758 0.0013533382
0.0016877948 0.0006220726 0.0013193663
0.0015774226 0.0006610091 0.0012944681
0.0014592509 0.0006451654 0.0012843476
0.0013603515 0.0005781711 0.0012913231
0.0013033809 0.0004753738 0.0013137967
0.0013013906 0.0003603231 0.0013466200
0.0013548363 0.0002593757 0.0013822735
0.0014514745 0.0001956575 0.0014125895
0.0015691663 0.0001837655 0.0014306228
0.0016809501 0.0002264241 0.0014322424
0.0017612176 0.0003138607 0.0014170772
0.0016104402 0.0008402305 0.0028424084
0.0015849397 0.0009526103 0.0028101827
0.0015090685 0.0010379608 0.0027744495
0.0014002080 0.0010767292 0.0027433948
0.0012832967 0.0010600341 0.0027241328
0.0011851177 0.0009917002 0.0027210763
0.0011281624 0.0008873819 0.0027349255
0.0011254788 0.0007709774 0.0027625076
0.0011776816 0.0006691534 0.0027975040
0.0012728117 0.0006052367 0.0028318973
0.0013890760 0.0005938697 0.0028578086
0.0014998398 0.0006376566 0.0028693018
0.0015797284 0.0007265662 0.0028637440
0.0013211732 0.0011867754 0.0042924618
0.0012959015 0.0013006589 0.0042658182
0.0012209318 0.0013872345 0.0042311453
0.0011134388 0.0014266688 0.0041963863
0.0009980479 0.0014099277 0.0041695039
0.0009011936 0.0013408466 0.0041566567
0.0008450642 0.0012352511 0.0041607878
0.0008425182 0.0011173317 0.0041809508
0.0008941389 0.0010141025 0.0042125266
0.0009881006 0.0009492120 0.0042482815
0.0011028778 0.0009375258 0.0042800246
0.0012121765 0.0009817211 0.0043004839
0.0012909575 0.0010716733 0.0043049724
0.0009473508 0.0014383811 0.0057376438
0.0009214689 0.0015536579 0.0057186862
0.0008466063 0.0016417507 0.0056878115
0.0007399133 0.0016824786 0.0056520927
0.0006258318 0.0016665113 0.0056197127
0.0005304967 0.0015975068 0.0055980893
0.0004757479 0.0014912730 0.0055921761
0.0004741279 0.0013721470 0.0056033278
0.0005260077 0.0012674190 0.0056289897
0.0006195023 0.0012010810 0.0056632829
0.0007331932 0.0011883301 0.0056983513
0.0008410352 0.0012320876 0.0057261611
0.0009183230 0.0013223290 0.0057403415
0.0005190731 0.0015756261 0.0071772212
0.0004919307 0.0016917543 0.0071674464
0.0004163478 0.0017811867 0.0071428079
0.0003096394 0.0018234355 0.0071089500
0.0001962512 0.0018088221 0.0070736292
0.0001021590 0.0017406941 0.0070449370
0.0000489183 0.0016346589 0.0070294465
0.0000487258 0.0015150079 0.0070307064
0.0001016256 0.0014091516 0.0070484279
0.0001954990 0.0013413405 0.0070785515
0.0003088408 0.0013271093 0.0071141760
0.0004156857 0.0013697181 0.0071471404
0.0004915569 0.0014594059 0.0071698929
0.0000704113 0.0015883610 0.0086109033
0.0000417486 0.0017045350 0.0086110833
-0.0000351591 0.0017947147 0.0085946266
-0.0001426933 0.0018382408 0.0085653031
-0.0002562192 0.0018251422 0.0085298305
-0.0003497293 0.0017584194 0.0084963352
-0.0004018016 0.0016533580 0.0084724905
-0.0004005070 0.0015340262 0.0084637590
-0.0003461420 0.0014277615 0.0084721410
-0.0002511610 0.0013589078 0.0084957162
-0.0001373231 0.0013432388 0.0085290838
-0.0000307070 0.0013843439 0.0085645998
0.0000442626 0.0014728065 0.0085941278
-0.0003633602 0.0014762967 0.0100388652
-0.0003933324 0.0015916971 0.0100489857
-0.0004717593 0.0016818002 0.0100420102
-0.0005806741 0.0017259645 0.0100195366
-0.0006951259 0.0017140725 0.0099867133
-0.0007888951 0.0016488486 0.0099510598
-0.0008405003 0.0015452346 0.0099207439
-0.0008381194 0.0014269675 0.0099027105
-0.0007822978 0.0013211406 0.0099010909
-0.0006858236 0.0012519977 0.0099162562
-0.0005707978 0.0012353786 0.0099447321
-0.0004635715 0.0012750906 0.0099799951
-0.0003887090 0.0013620360 0.0100139670
-0.0007485024 0.0012488059 0.0114617334
-0.0007791678 0.0013628524 0.0114809954
-0.0008588377 0.0014520789 0.0114840519
-0.0009692605 0.0014960447 0.0114702027
-0.0010851399 0.0014846777 0.0114426206
-0.0011799291 0.0014205820 0.0114076242
-0.0012319131 0.0013184412 0.0113732309
-0.0012291831 0.0012016544 0.0113473196
-0.0011723644 0.0010969762 0.0113358264
-0.0010744735 0.0010283870 0.0113413842
-0.0009579360 0.0010115997 0.0113627198
-0.0008494494 0.0010504603 0.0113949455
-0.0007738664 0.0011360661 0.0114306787
-0.0010553163 0.0009240203 0.0128805368
-0.0010858441 0.0010365520 0.0129074192
-0.0011660960 0.0011243733 0.0129202663
-0.0012776873 0.0011673653 0.0129161353
-0.0013950537 0.0011556791 0.0128959723
-0.0014913081 0.0010919918 0.0128643965
-0.0015443997 0.0009908935 0.0128286415
-0.0015421658 0.0008755446 0.0127968984
-0.0014851182 0.0007723700 0.0127764392
-0.0013863259 0.0007050059 0.0127719507
-0.0012684209 0.0006888845 0.0127844612
-0.0011584139 0.0007276991 0.0128111048
-0.0010815061 0.0008125577 0.0128457777
-0.0012602676 0.0005273470 0.0142966252
-0.0012898695 0.0006386720 0.0143290052
-0.0013698623 0.0007249945 0.0143506286
-0.0014819207 0.0007665390 0.0143565418
-0.0016003734 0.0007537882 0.0143453901
-0.0016980844 0.0006896631 0.0143197282
-0.0017526693 0.0005888540 0.0142854350
-0.0017516232 0.0004744551 0.0142503667
-0.0016951859 0.0003726738 0.0142225568
-0.0015962864 0.0003068269 0.0142083765
-0.0014775815 0.0002919992 0.0142110741
-0.0013662650 0.0003315875 0.0142300318
-0.0012878381 0.0004165227 0.0142609065
-0.0013476305 0.0000895366 0.0157115628
-0.0013758048 0.0002003366 0.0157468836
-0.0014547776 0.0002855308 0.0157755758
-0.0015664572 0.0003256022 0.0157910663
-0.0016852590 0.0003113710 0.0157898065
-0.0017839671 0.0002460973 0.0157720849
-0.0018399686 0.0001447346 0.0157419614
-0.0018404342 0.0000305038 0.0157063368
-0.0017852573 -0.0000704262 0.0156733724
-0.0016870783 -0.0001349335 0.0156506199
-0.0015683886 -0.0001482402 0.0156432917
-0.0014563789 -0.0001072981 0.0156530664
-0.0013767090 -0.0000214863 0.0156777049
-0.0013105874 -0.0003555684 0.0171270046
-0.0013372746 -0.0002444492 0.0171624772
-0.0014147823 -0.0001596634 0.0171959725
-0.0015253543 -0.0001206345 0.0172198172
-0.0016436600 -0.0001363036 0.0172285487
-0.0017425970 -0.0002030810 0.0172201667
-0.0017994999 -0.0003056688 0.0171965915
-0.0018013331 -0.0004205654 0.0171632239
-0.0017476765 -0.0005214494 0.0171277079
-0.0016508222 -0.0005852095 0.0170981799
-0.0015329585 -0.0005972390 0.0170814044
-0.0014210863 -0.0005547820 0.0170812244
-0.0013408344 -0.0004675651 0.0170976811
-0.0011517427 -0.0007734798 0.0185445660
-0.0011773436 -0.0006612959 0.0185773892
-0.0012533946 -0.0005760723 0.0186130427
-0.0013624734 -0.0005373326 0.0186433587
-0.0014795912 -0.0005539517 0.0186613921
-0.0015779180 -0.0006221223 0.0186630116
-0.0016349280 -0.0007262274 0.0186478464
-0.0016375611 -0.0008424177 0.0186193705
-0.0015852140 -0.0009440754 0.0185841074
-0.0014898789 -0.0010079121 0.0185501355
-0.0013733958 -0.0010193033 0.0185252374
-0.0012624496 -0.0009756397 0.0185151168
-0.0011824567 -0.0008869240 0.0185220923
-0.0008830157 -0.0011315832 0.0199656947
-0.0009082675 -0.0010179189 0.0199932768
-0.0011018424 -0.0013805331 0.0199741640
-0.0009923237 -0.0013363445 0.0199549021
-0.0009133509 -0.0012465004 0.0199518456
-0.0009761418 0.0008143103 -0.0186972939
-0.0009976016 0.0009334364 -0.0186655075
-0.0010558473 0.0010415403 -0.0186413644
-0.0011451772 0.0011280403 -0.0186272277
-0.0012568471 0.0011844690 -0.0186244814
-0.0013799261 0.0012053027 -0.0186333942
-0.0015023662 0.0011885023 -0.0186530938
-0.0016121822 0.0011357121 -0.0186816517
-0.0016986246 0.0010520998 -0.0187162726
-0.0017532317 0.0009458497 -0.0187535674
-0.0017706582 0.0008273625 -0.0187898856
-0.0017491984 0.0007082364 -0.0188216720
-0.0016909527 0.0006001325 -0.0188458151
-0.0016016228 0.0005136325 -0.0188599518
-0.0014899529 0.0004572039 -0.0188626981
-0.0013668739 0.0004363701 -0.0188537852
-0.0012444338 0.0004531705 -0.0188340857
-0.0011346178 0.0005059607 -0.0188055278
-0.0010481754 0.0005895731 -0.0187709069
-0.0009935683 0.0006958231 -0.0187336121
-0.0011477906 0.0004042270 -0.0172938827
-0.0011680041 0.0005223644 -0.0172578705
-0.0012253700 0.0006291430 -0.0172267352
-0.0013142727 0.0007141106 -0.0172035246
-0.0014260099 0.0007689499 -0.0171905106
-0.0015496440 0.0007882929 -0.0171889672
-0.0016730727 0.0007702461 -0.0171990455
-0.0017842141 0.0007165762 -0.0172197588
-0.0018721888 0.0006325366 -0.0172490797
-0.0019283853 0.0005263538 -0.0172841380
-0.0019473027 0.0004084217 -0.0173215020
-0.0019270891 0.0002902843 -0.0173575141
-0.0018697232 0.0001835057 -0.0173886494
-0.0017808205 0.0000985381 -0.0174118600
-0.0016690833 0.0000436988 -0.0174248740
-0.0015454493 0.0000243558 -0.0174264174
-0.0014220205 0.0000424026 -0.0174163391
-0.0013108791 0.0000960725 -0.0173956258
-0.0012229044 0.0001801121 -0.0173663049
-0.0011667079 0.0002862949 -0.0173312466
-0.0011999929 -0.0000372918 -0.0158915618
-0.0012186247 0.0000806761 -0.0158541676
-0.0012745386 0.0001868048 -0.0158184988
-0.0013622613 0.0002707055 -0.0157880469
-0.0014732059 0.0003241655 -0.0157657930
-0.0015965123 0.0003419518 -0.0157539152
-0.0017201106 0.0003223233 -0.0157535763
-0.0018319019 0.0002672014 -0.0157648095
-0.0019209435 0.0001819818 -0.0157865151
-0.0019785192 0.0000750064 -0.0158165685
-0.0019989932 -0.0000432533 -0.0158520279
-0.0019803614 -0.0001612213 -0.0158894222
-0.0019244475 -0.0002673499 -0.0159250910
-0.0018367249 -0.0003512507 -0.0159555428
-0.0017257803 -0.0004047107 -0.0159777968
-0.0016024738 -0.0004224970 -0.0159896745
-0.0014788756 -0.0004028685 -0.0159900134
-0.0013670843 -0.0003477466 -0.0159787803
-0.0012780427 -0.0002625270 -0.0159570746
-0.0012204669 -0.0001555516 -0.0159270212
-0.0011285677 -0.0004765535 -0.0144876801
-0.0011457721 -0.0003578834 -0.0144518565
-0.0012001114 -0.0002515281 -0.0144144708
-0.0012862665 -0.0001678983 -0.0143791824
-0.0013958040 -0.0001151804 -0.0143494456
-0.0015180016 -0.0000985347 -0.0143281714
-0.0016408977 -0.0001195906 -0.0143174421
-0.0017524623 -0.0001762871 -0.0143183081
-0.0018417749 -0.0002630743 -0.0143306846
-0.0019000927 -0.0003714568 -0.0143533600
-0.0019217074 -0.0004908254 -0.0143841147
-0.0019045030 -0.0006094955 -0.0144199383
-0.0018501637 -0.0007158508 -0.0144573241
-0.0017640085 -0.0007994806 -0.0144926125
-0.0016544710 -0.0008521985 -0.0145223493
-0.0015322735 -0.0008688442 -0.0145436235
-0.0014093774 -0.0008477882 -0.0145543527
-0.0012978127 -0.0007910918 -0.0145534868
-0.0012085002 -0.0007043046 -0.0145411103
-0.0011501824 -0.0005959221 -0.0145184349
-0.0009384791 -0.0008798307 -0.0130797095
-0.0009548522 -0.0007598042 -0.0130482853
-0.0010079819 -0.0006524157 -0.0130121347
-0.0010926673 -0.0005681772 -0.0129747962
-0.0012006189 -0.0005153344 -0.0129399248
-0.0013212697 -0.0004990601 -0.0129109340
-0.0014428094 -0.0005209473 -0.0128906616
-0.0015533409 -0.0005788534 -0.0128810921
-0.0016420446 -0.0006671102 -0.0128831620
-0.0017002377 -0.0007770786 -0.0128966689
-0.0017222237 -0.0008979941 -0.0129202905
-0.0017058505 -0.0010180206 -0.0129517147
-0.0016527208 -0.0011254090 -0.0129878653
-0.0015680354 -0.0012096476 -0.0130252038
-0.0014600838 -0.0012624903 -0.0130600752
-0.0013394331 -0.0012787646 -0.0130890660
-0.0012178934 -0.0012568775 -0.0131093384
-0.0011073619 -0.0011989714 -0.0131189079
-0.0010186581 -0.0011107145 -0.0131168380
-0.0009604651 -0.0010007461 -0.0131033311
-0.0006436536 -0.0012157278 -0.0116654447
-0.0006600492 -0.0010941107 -0.0116409014
-0.0007127086 -0.0009852025 -0.0116088404
-0.0007964772 -0.0008996639 -0.0115724002
-0.0009031552 -0.0008458681 -0.0115351478
-0.0010223000 -0.0008290809 -0.0115007297
-0.0011422491 -0.0008509456 -0.0114725149
-0.0012512609 -0.0009093220 -0.0114532654
-0.0013386646 -0.0009984956 -0.0114448654
-0.0013959046 -0.0011097377 -0.0114481372
-0.0014173777 -0.0012321590 -0.0114627604
-0.0014009821 -0.0013537761 -0.0114873038
-0.0013483227 -0.0014626843 -0.0115193647
-0.0012645540 -0.0015482229 -0.0115558049
-0.0011578761 -0.0016020187 -0.0115930573
-0.0010387313 -0.0016188059 -0.0116274755
-0.0009187822 -0.0015969412 -0.0116556902
-0.0008097704 -0.0015385649 -0.0116749397
-0.0007223667 -0.0014493912 -0.0116833397
-0.0006651267 -0.0013381491 -0.0116800680
-0.0002662161 -0.0014575215 -0.0102431775
-0.0002834808 -0.0013345720 -0.0102274530
-0.0003365551 -0.0012241280 -0.0102020135
-0.0004202437 -0.0011370007 -0.0101693490
-0.0005263545 -0.0010817186 -0.0101326571
-0.0006445007 -0.0010636931 -0.0100955295
-0.0007631174 -0.0010846887 -0.0100616003
-0.0008705934 -0.0011426502 -0.0100341909
-0.0009564084 -0.0012319039 -0.0100159842
-0.0010121621 -0.0013437131 -0.0100087626
-0.0010323969 -0.0014671331 -0.0100132327
-0.0010151322 -0.0015900826 -0.0100289572
-0.0009620579 -0.0017005265 -0.0100543968
-0.0008783694 -0.0017876539 -0.0100870612
-0.0007722585 -0.0018429360 -0.0101237531
-0.0006541123 -0.0018609614 -0.0101608808
-0.0005354956 -0.0018399658 -0.0101948100
-0.0004280196 -0.0017820043 -0.0102222194
-0.0003422046 -0.0016927506 -0.0102404260
-0.0002864510 -0.0015809414 -0.0102476477
0.0001648994 -0.0015853323 -0.0088118317
0.0001461880 -0.0014617211 -0.0088061677
0.0000919423 -0.0013502008 -0.0087893583
0.0000074722 -0.0012616879 -0.0087630490
-0.0000989537 -0.0012048465 -0.0087298149
-0.0002169177 -0.0011852407 -0.0086929095
-0.0003348727 -0.0012047896 -0.0086559451
-0.0004412725 -0.0012615797 -0.0086225401
-0.0005257018 -0.0013500520 -0.0085959644
-0.0005798962 -0.0014615461 -0.0085788196
-0.0005985507 -0.0015851482 -0.0085727837
-0.0005798393 -0.0017087594 -0.0085784477
-0.0005255936 -0.0018202796 -0.0085952570
-0.0004411236 -0.0019087926 -0.0086215664
-0.0003346977 -0.0019656340 -0.0086548004
-0.0002167337 -0.0019852398 -0.0086917059
-0.0000987786 -0.0019656908 -0.0087286703
0.0000076211 -0.0019089007 -0.0087620753
0.0000920504 -0.0018204285 -0.0087886509
0.0001462448 -0.0017089344 -0.0088057958
0.0006159653 -0.0015879380 -0.0073710478
0.0005956776 -0.0014645408 -0.0073758916
0.0005398666 -0.0013527370 -0.0073690397
0.0004539954 -0.0012634706 -0.0073511629
0.0003464699 -0.0012054797 -0.0073240110
0.0002278152 -0.0011844408 -0.0072902419
0.0001096462 -0.0012024134 -0.0072531611
0.0000035300 -0.0012576382 -0.0072163984
-0.0000801459 -0.0013447094 -0.0071835523
-0.0001331908 -0.0014551038 -0.0071578380
-0.0001504122 -0.0015780153 -0.0071417727
-0.0001301245 -0.0017014125 -0.0071369289
-0.0000743135 -0.0018132163 -0.0071437808
0.0000115576 -0.0019024827 -0.0071616576
0.0001190832 -0.0019604736 -0.0071888095
0.0002377378 -0.0019815125 -0.0072225786
0.0003559069 -0.0019635399 -0.0072596594
0.0004620230 -0.0019083151 -0.0072964221
0.0005456989 -0.0018212439 -0.0073292682
0.0005987438 -0.0017108495 -0.0073549825
0.0010510262 -0.0014640097 -0.0059212117
0.0010295205 -0.0013416359 -0.0059361808
0.0009722349 -0.0012304290 -0.0059398275
0.0008847770 -0.0011412747 -0.0059317948
0.0007757076 -0.0010829000 -0.0059128691
0.0006557033 -0.0010610190 -0.0058849029
0.0005365110 -0.0010777737 -0.0058506338
0.0004297979 -0.0011315239 -0.0058134162
0.0003460099 -0.0012170082 -0.0057768933
0.0002933489 -0.0013258589 -0.0057446401
0.0002769695 -0.0014474208 -0.0057198139
0.0002984751 -0.0015697946 -0.0057048449
0.0003557607 -0.0016810015 -0.0057011982
0.0004432187 -0.0017701558 -0.0057092308
0.0005522880 -0.0018285305 -0.0057281565
0.0006722923 -0.0018504115 -0.0057561227
0.0007914847 -0.0018336568 -0.0057903919
0.0008981978 -0.0017799066 -0.0058276095
0.0009819857 -0.0016944223 -0.0058641324
0.0010346468 -0.0015855716 -0.0058963855
0.0014348423 -0.0012225646 -0.0044634240
0.0014128542 -0.0011017067 -0.0044873364
0.0013546414 -0.0009917924 -0.0045011937
0.0012659022 -0.0009035808 -0.0045036395
0.0011553229 -0.0008457068 -0.0044944344
0.0010337278 -0.0008238355 -0.0044744794
0.0009130195 -0.0008401077 -0.0044457280
0.0008050139 -0.0008929307 -0.0044109944
0.0007202831 -0.0009771337 -0.0043736786
0.0006671213 -0.0010844744 -0.0043374334
0.0006507323 -0.0012044455 -0.0043058067
0.0006727204 -0.0013253035 -0.0042818944
0.0007309332 -0.0014352178 -0.0042680371
0.0008196725 -0.0015234293 -0.0042655913
0.0009302518 -0.0015813033 -0.0042747964
0.0010518469 -0.0016031746 -0.0042947513
0.0011725551 -0.0015869024 -0.0043235028
0.0012805608 -0.0015340794 -0.0043582364
0.0013652916 -0.0014498764 -0.0043955522
0.0014184534 -0.0013425357 -0.0044317973
0.0017359468 -0.0008824915 -0.0029994133
0.0017143611 -0.0007631726 -0.0030303807
0.0016560555 -0.0006548464 -0.0030533544
0.0015667372 -0.0005681165 -0.0030660856
0.0014551493 -0.0005114728 -0.0030673279
0.0013322149 -0.0004904597 -0.0030569599
0.0012099676 -0.0005071344 -0.0030359965
0.0011003738 -0.0005598645 -0.0030064896
0.0010141614 -0.0006434885 -0.0029713276
0.0009597694 -0.0007498206 -0.0029339524
0.0009425221 -0.0008684524 -0.0028980226
0.0009641077 -0.0009877713 -0.0028670552
0.0010224134 -0.0010960975 -0.0028440815
0.0011117317 -0.0011828274 -0.0028313503
0.0012233196 -0.0012394712 -0.0028301080
0.0013462540 -0.0012604842 -0.0028404760
0.0014685013 -0.0012438095 -0.0028614394
0.0015780951 -0.0011910794 -0.0028909463
0.0016643075 -0.0011074554 -0.0029261083
0.0017186995 -0.0010011233 -0.0029634835
0.0019294889 -0.0004711145 -0.0015313995
0.0019090660 -0.0003528813 -0.0015669767
0.0018515306 -0.0002459469 -0.0015972527
0.0017625148 -0.0001607788 -0.0016192638
0.0016507320 -0.0001057138 -0.0016308556
0.0015271243 -0.0000861421 -0.0016308932
0.0014037913 -0.0001039795 -0.0016193731
0.0012928057 -0.0001574799 -0.0015974229
0.0012050315 -0.0002414064 -0.0015671912
0.0011490607 -0.0003475436 -0.0015316373
0.0011303721 -0.0004655021 -0.0014942415
0.0011507950 -0.0005837352 -0.0014586643
0.0012083304 -0.0006906696 -0.0014283884
0.0012973462 -0.0007758377 -0.0014063772
0.0014091290 -0.0008309027 -0.0013947854
0.0015327367 -0.0008504744 -0.0013947478
0.0016560697 -0.0008326370 -0.0014062679
0.0017670553 -0.0007791366 -0.0014282181
0.0018548295 -0.0006952101 -0.0014584499
0.0019108003 -0.0005890729 -0.0014940037
0.0019995295 -0.0000218892 -0.0000619187
0.0019806695 0.0000960478 -0.0000992963
0.0019245291 0.0002022175 -0.0001344838
0.0018366037 0.0002862273 -0.0001640370
0.0017254999 0.0003398537 -0.0001850627
0.0016020935 0.0003578474 -0.0001955031
0.0014784643 0.0003384470 -0.0001943360
0.0013667140 0.0002835517 -0.0001816757
0.0012777815 0.0001985348 -0.0001587615
0.0012203721 0.0000917186 -0.0001278363
0.0012001055 -0.0000264412 -0.0000919275
0.0012189655 -0.0001443782 -0.0000545499
0.0012751059 -0.0002505479 -0.0000193623
0.0013630313 -0.0003345576 0.0000101908
0.0014741351 -0.0003881840 0.0000312166
0.0015975415 -0.0004061777 0.0000416569
0.0017211707 -0.0003867774 0.0000404898
0.0018329210 -0.0003318820 0.0000278295
0.0019218535 -0.0002468652 0.0000049153
0.0019792629 -0.0001400489 -0.0000260098
0.0019405024 0.0004285396 0.0014063774
0.0019231217 0.0005470616 0.0013701508
0.0018685690 0.0006533306 0.0013328302
0.0017821842 0.0007369441 0.0012980688
0.0016724233 0.0007897176 0.0012692692
0.0015500304 0.0008064851 0.0012492506
0.0014269862 0.0007856054 0.0012399725
0.0013153352 0.0007291224 0.0012423432
0.0012260064 0.0006425649 0.0012561305
0.0011677441 0.0005344058 0.0012799849
0.0011462513 0.0004152325 0.0013115713
0.0011636320 0.0002967105 0.0013477979
0.0012181847 0.0001904416 0.0013851185
0.0013045695 0.0001068281 0.0014198799
0.0014143304 0.0000540546 0.0014486795
0.0015367233 0.0000372870 0.0014686981
0.0016597675 0.0000581667 0.0014779762
0.0017714186 0.0001146498 0.0014756055
0.0018607473 0.0002012073 0.0014618182
0.0019190096 0.0003093663 0.0014379638
0.0017576652 0.0008435946 0.0028709303
0.0017412222 0.0009634017 0.0028387154
0.0016879583 0.0010706031 0.0028022087
0.0016030874 0.0011547052 0.0027649838
0.0014949173 0.0012074754 0.0027306846
0.0013740364 0.0012237484 0.0027026685
0.0012522773 0.0012019311 0.0026836779
0.0011415587 0.0011441591 0.0026755717
0.0010527184 0.0010560877 0.0026791434
0.0009944529 0.0009463379 0.0026940434
0.0009724655 0.0008256526 0.0027188133
0.0009889085 0.0007058455 0.0027510282
0.0010421724 0.0005986441 0.0027875349
0.0011270433 0.0005145421 0.0028247598
0.0012352134 0.0004617718 0.0028590590
0.0013560944 0.0004454989 0.0028870751
0.0014778534 0.0004673162 0.0029060657
0.0015885721 0.0005250881 0.0029141719
0.0016774123 0.0006131595 0.0029106002
0.0017356778 0.0007229094 0.0028957001
0.0014664993 0.0011899670 0.0043294774
0.0014501619 0.0013113613 0.0043038179
0.0013974890 0.0014200397 0.0042710078
0.0013136366 0.0015053638 0.0042342590
0.0012068127 0.0015589816 0.0041971685
0.0010874740 0.0015756445 0.0041633671
0.0009673022 0.0015537216 0.0041361635
0.0008580605 0.0014953587 0.0041182206
0.0007704424 0.0014062688 0.0041112947
0.0007130244 0.0012951727 0.0041160638
0.0006914270 0.0011729453 0.0041320611
0.0007077644 0.0010515509 0.0041577206
0.0007604373 0.0009428726 0.0041905306
0.0008442897 0.0008575484 0.0042272795
0.0009511136 0.0008039306 0.0042643700
0.0010704523 0.0007872677 0.0042981714
0.0011906241 0.0008091906 0.0043253750
0.0012998657 0.0008675535 0.0043433179
0.0013874839 0.0009566434 0.0043502438
0.0014449019 0.0010677395 0.0043454747
0.0010911642 0.0014404120 0.0057802301
0.0010740678 0.0015632044 0.0057631522
0.0010211050 0.0016734469 0.0057366296
0.0009374602 0.0017603482 0.0057032585
0.0008313212 0.0018154018 0.0056663056
0.0007130775 0.0018332187 0.0056293880
0.0005943037 0.0018120548 0.0055961195
0.0004866262 0.0017539818 0.0055697567
0.0004005852 0.0016646843 0.0055528801
0.0003446030 0.0015529033 0.0055471417
0.0003241596 0.0014295808 0.0055531032
0.0003412560 0.0013067884 0.0055701812
0.0003942188 0.0011965459 0.0055967038
0.0004778636 0.0011096446 0.0056300748
0.0005840027 0.0010545910 0.0056670277
0.0007022463 0.0010367741 0.0057039453
0.0008210201 0.0010579380 0.0057372138
0.0009286976 0.0011160110 0.0057635766
0.0010147386 0.0012053085 0.0057804532
0.0010707208 0.0013170895 0.0057861916
0.0006622283 0.0015758675 0.0072220154
0.0006437431 0.0016994357 0.0072148676
0.0005896993 0.0018108453 0.0071967268
0.0005053871 0.0018991906 0.0071693687
0.0003990594 0.0019558238 0.0071354712
0.0002811246 0.0019752012 0.0070983526
0.0001631267 0.0019554261 0.0070616463
0.0000566162 0.0018984341 0.0070289452
-0.0000279807 0.0018098041 0.0070034505
-0.0000823833 0.0016982117 0.0069876577
-0.0001012662 0.0015745804 0.0069831128
-0.0000827811 0.0014510121 0.0069902606
-0.0000287373 0.0013396025 0.0070084014
0.0000555750 0.0012512572 0.0070357595
0.0001619026 0.0011946240 0.0070696570
0.0002798375 0.0011752466 0.0071067756
0.0003978354 0.0011950218 0.0071434819
0.0005043458 0.0012520137 0.0071761830
0.0005889428 0.0013406438 0.0072016777
0.0006433454 0.0014522362 0.0072174705
0.0002139667 0.0015867381 0.0086543684
0.0001938931 0.0017102199 0.0086577152
0.0001383119 0.0018220381 0.0086493886
0.0000526637 0.0019112471 0.0086302037
-0.0000546675 0.0019691146 0.0086020384
-0.0001731755 0.0019899760 0.0085676498
-0.0002912598 0.0019717893 0.0085304040
-0.0003973616 0.0019163347 0.0084939470
-0.0004810949 0.0018290406 0.0084618474
-0.0005342632 0.0017184518 0.0084372472
-0.0005516621 0.0015953936 0.0084225547
-0.0005315885 0.0014719117 0.0084192079
-0.0004760073 0.0013600935 0.0084275345
-0.0003903591 0.0012708845 0.0084467194
-0.0002830279 0.0012130171 0.0084748847
-0.0001645199 0.0011921557 0.0085092733
-0.0000464356 0.0012103424 0.0085465191
0.0000596662 0.0012657969 0.0085829761
0.0001433995 0.0013530911 0.0086150757
0.0001965678 0.0014636799 0.0086396758
-0.0002184702 0.0014733121 0.0100775689
-0.0002398402 0.0015958719 0.0100911460
-0.0002969392 0.0017072137 0.0100932911
-0.0003841781 0.0017964388 0.0100837943
-0.0004930172 0.0018548130 0.0100635853
-0.0006128027 0.0018766224 0.0100346421
-0.0007318091 0.0018597320 0.0099997980
-0.0008383872 0.0018057953 0.0099624638
-0.0009221044 0.0017200918 0.0099262939
-0.0009747660 0.0016110110 0.0098948290
-0.0009912169 0.0014892303 0.0098711490
-0.0009698470 0.0013666705 0.0098575720
-0.0009127479 0.0012553286 0.0098554268
-0.0008255091 0.0011661035 0.0098649236
-0.0007166700 0.0011077293 0.0098851327
-0.0005968845 0.0010859199 0.0099140758
-0.0004778781 0.0011028103 0.0099489199
-0.0003713000 0.0011567471 0.0099862542
-0.0002875827 0.0012424505 0.0100224240
-0.0002349212 0.0013515314 0.0100538889
-0.0006017566 0.0012453836 0.0114926196
-0.0006237294 0.0013664712 0.0115153549
-0.0006818567 0.0014765993 0.0115278023
-0.0007704485 0.0015649877 0.0115287436
-0.0008808330 0.0016229844 0.0115180865
-0.0010022048 0.0016449122 0.0114968743
-0.0011226834 0.0016286246 0.0114671833
-0.0012304753 0.0015757161 0.0114319199
-0.0013150292 0.0014913657 0.0113945359
-0.0013680683 0.0013838302 0.0113586907
-0.0013844009 0.0012636359 0.0113278932
-0.0013624281 0.0011425482 0.0113051580
-0.0013043008 0.0010324201 0.0112927105
-0.0012157089 0.0009440317 0.0112917692
-0.0011053244 0.0008860351 0.0113024263
-0.0009839526 0.0008641073 0.0113236386
-0.0008634741 0.0008803948 0.0113533296
-0.0007556821 0.0009333033 0.0113885930
-0.0006711282 0.0010176537 0.0114259769
-0.0006180891 0.0011251893 0.0114618221
-0.0009067681 0.0009212199 0.0129011666
-0.0009284636 0.0010407411 0.0129312648
-0.0009868112 0.0011492938 0.0129530317
-0.0010760995 0.0012362519 0.0129643367
-0.0011875882 0.0012931035 0.0129640731
-0.0013103642 0.0013142835 0.0129522667
-0.0014324091 0.0012977187 0.0129300733
-0.0015417765 0.0012450305 0.0128996653
-0.0016277607 0.0011613765 0.0128640192
-0.0016819449 0.0010549453 0.0128266243
-0.0016990252 0.0009361550 0.0127911411
-0.0016773297 0.0008166338 0.0127610429
-0.0016189820 0.0007080812 0.0127392760
-0.0015296938 0.0006211231 0.0127279710
-0.0014182050 0.0005642715 0.0127282346
-0.0012954291 0.0005430915 0.0127400409
-0.0011733841 0.0005596563 0.0127622344
-0.0010640167 0.0006123444 0.0127926424
-0.0009780326 0.0006959985 0.0128282885
-0.0009238484 0.0008024297 0.0128656834
-0.0011105284 0.0005260357 0.0143053696
-0.0011311524 0.0006443812 0.0143404540
-0.0011888442 0.0007514845 0.0143698216
-0.0012779566 0.0008368615 0.0143905976
-0.0013897667 0.0008921551 0.0144007483
-0.0015133297 0.0009119527 0.0143992802
-0.0016365504 0.0008943163 0.0143863368
-0.0017473671 0.0008409723 0.0143631853
-0.0018349323 0.0007571425 0.0143320918
-0.0018906745 0.0006510326 0.0142961000
-0.0019091373 0.0005330294 0.0142587330
-0.0018885134 0.0004146839 0.0142236486
-0.0018308215 0.0003075806 0.0141942810
-0.0017417091 0.0002222036 0.0141735050
-0.0016298990 0.0001669100 0.0141633543
-0.0015063360 0.0001471124 0.0141648224
-0.0013831153 0.0001647488 0.0141777657
-0.0012722986 0.0002180928 0.0142009173
-0.0011847334 0.0003019226 0.0142320108
-0.0011289912 0.0004080325 0.0142680026
-0.0011976806 0.0000901203 0.0157077312
-0.0012167704 0.0002080447 0.0157450315
-0.0012731334 0.0003142736 0.0157796808
-0.0013612521 0.0003984084 0.0158082872
-0.0014725011 0.0004522134 0.0158280508
-0.0015959905 0.0004704219 0.0158370367
-0.0017196322 0.0004512514 0.0158343655
-0.0018313234 0.0003965785 0.0158202986
-0.0019201309 0.0003117550 0.0157962130
-0.0019773616 0.0002050840 0.0157644664
-0.0019974135 0.0000870072 0.0157281662
-0.0019783236 -0.0000309173 0.0156908659
-0.0019219607 -0.0001371461 0.0156562167
-0.0018338419 -0.0002212809 0.0156276102
-0.0017225929 -0.0002750859 0.0156078467
-0.0015991035 -0.0002932944 0.0155988607
-0.0014754618 -0.0002741239 0.0156015319
-0.0013637707 -0.0002194511 0.0156155988
-0.0012749632 -0.0001346276 0.0156396844
-0.0012177324 -0.0000279566 0.0156714311
-0.0011614722 -0.0003532704 0.0171108997
-0.0011790405 -0.0002348819 0.0171474705
-0.0012338129 -0.0001286819 0.0171846654
-0.0013204279 -0.0000450660 0.0172188434
-0.0014304071 0.0000077808 0.0172466591
-0.0015529848 0.0000246856 0.0172653897
-0.0016761625 0.0000039935 0.0172732015
-0.0017878825 -0.0000522699 0.0172693300
-0.0018772089 -0.0001385972 0.0172541542
-0.0019353979 -0.0002465380 0.0172291595
-0.0019567534 -0.0003655264 0.0171967926
-0.0019391852 -0.0004839149 0.0171602218
-0.0018844128 -0.0005901149 0.0171230269
-0.0017977977 -0.0006737308 0.0170888489
-0.0016878186 -0.0007265776 0.0170610332
-0.0015652408 -0.0007434824 0.0170423027
-0.0014420632 -0.0007227903 0.0170344908
-0.0013303432 -0.0006665269 0.0170383623
-0.0012410168 -0.0005801997 0.0170535381
-0.0011828278 -0.0004722588 0.0170785328
-0.0010042491 -0.0007701790 0.0185174594
-0.0010207794 -0.0006505850 0.0185504129
-0.0010741921 -0.0005435593 0.0185872164
-0.0011592588 -0.0004595783 0.0186242672
-0.0012676526 -0.0004068626 0.0186579387
-0.0013887631 -0.0003905726 0.0186849347
-0.0015107352 -0.0004123026 0.0187026127
-0.0016216295 -0.0004699257 0.0187092424
-0.0017105908 -0.0005578013 0.0187041747
-0.0017689110 -0.0006673275 0.0186879056
-0.0017908812 -0.0007877832 0.0186620278
-0.0017743510 -0.0009073772 0.0186290743
-0.0017209383 -0.0010144029 0.0185922708
-0.0016358716 -0.0010983839 0.0185552200
-0.0015274778 -0.0011510995 0.0185215485
-0.0014063673 -0.0011673896 0.0184945525
-0.0012843951 -0.0011456596 0.0184768744
-0.0011735009 -0.0010880364 0.0184702448
-0.0010845396 -0.0010001609 0.0184753125
-0.0010262194 -0.0008906346 0.0184915816
-0.0007374288 -0.0011283016 0.0199297269
-0.0007537260 -0.0010071339 0.0199564610
-0.0008064308 -0.0008986836 0.0199899669
-0.0012539533 -0.0015139906 0.0199874488
-0.0011344114 -0.0015305453 0.0199543190
-0.0010140129 -0.0015085822 0.0199281706
-0.0009045432 -0.0014502512 0.0199115634
-0.0008167181 -0.0013612621 0.0199061228
-0.0007591344 -0.0012503259 0.0199123816
