0.0006392772 0.0001126984 -0.0193969288
0.0005394675 0.0001121592 -0.0194030712
0.0005790677 0.0002828340 -0.0184344826
0.0004796818 0.0002820107 -0.0184455174
0.0004710278 0.0004273298 -0.0174725345
0.0003721521 0.0004265130 -0.0174874655
0.0003249775 0.0005331429 -0.0165112604
0.0002265183 0.0005326208 -0.0165287396
0.0001541555 0.0005907602 -0.0155507751
0.0000558722 0.0005907170 -0.0155692249
-0.0000259949 0.0005950433 -0.0145911226
-0.0001244050 0.0005954944 -0.0146088774
-0.0001992278 0.0005456705 -0.0136322714
-0.0002980229 0.0005464566 -0.0136477286
-0.0003499561 0.0004471428 -0.0126741180
-0.0004492581 0.0004479865 -0.0126858820
-0.0004646399 0.0003083620 -0.0117164955
-0.0005643921 0.0003089655 -0.0117235045
-0.0005329857 0.0001418242 -0.0107591893
-0.0006329724 0.0001419746 -0.0107608107
-0.0005488546 -0.0000374964 -0.0098019564
-0.0006487774 -0.0000378523 -0.0097980436
-0.0005108059 -0.0002134789 -0.0088445468
-0.0006103888 -0.0002142154 -0.0088354532
-0.0004222295 -0.0003702872 -0.0078867268
-0.0005213166 -0.0003711444 -0.0078732732
-0.0002910562 -0.0004937819 -0.0069282995
-0.0003896666 -0.0004944572 -0.0069117005
-0.0001290645 -0.0005727912 -0.0059691231
-0.0002273854 -0.0005730463 -0.0059508769
0.0000491605 -0.0006001276 -0.0050091231
-0.0000491605 -0.0005998724 -0.0049908769
0.0002275302 -0.0005732564 -0.0040482995
0.0001289197 -0.0005725811 -0.0040317005
0.0003899050 -0.0004945482 -0.0030867268
0.0002908178 -0.0004936910 -0.0030732732
0.0005215645 -0.0003710840 -0.0021245468
0.0004219816 -0.0003703475 -0.0021154532
0.0006105588 -0.0002140251 -0.0011619564
0.0005106360 -0.0002136692 -0.0011580436
0.0006488094 -0.0000375991 -0.0001991893
0.0005488227 -0.0000377495 -0.0002008107
0.0006328552 0.0001422012 0.0007635045
0.0005331029 0.0001415976 0.0007564955
0.0005641670 0.0003090856 0.0017258820
0.0004648650 0.0003082419 0.0017141180
0.0004490046 0.0004479577 0.0026877286
0.0003502096 0.0004471716 0.0026722714
0.0002978304 0.0005462891 0.0036488774
0.0001994203 0.0005458380 0.0036311226
0.0001243416 0.0005952472 0.0046092249
0.0000260583 0.0005952904 0.0045907751
-0.0000557843 0.0005904775 0.0055687396
-0.0001542434 0.0005909997 0.0055512604
-0.0002263101 0.0005324734 0.0065274655
-0.0003251858 0.0005332903 0.0065125345
-0.0003718970 0.0004265098 0.0074855174
-0.0004712829 0.0004273330 0.0074744826
-0.0004794699 0.0002821528 0.0084430712
-0.0005792796 0.0002826919 0.0084369288
-0.0005393736 0.0001123964 0.0094003478
-0.0006393711 0.0001124611 0.0093996522
-0.0005462252 -0.0000674975 0.0103575930
-0.0006461083 -0.0000679301 0.0103624070
-0.0004993913 -0.0002413553 0.0113150555
-0.0005988981 -0.0002421324 0.0113249445
-0.0004030501 -0.0003935277 0.0122729643
-0.0005020515 -0.0003943752 0.0122870357
-0.0002658321 -0.0005102874 0.0132315083
-0.0003643774 -0.0005109060 0.0132484917
-0.0001000642 -0.0005810641 0.0141908188
-0.0001983637 -0.0005812357 0.0142091812
0.0000793219 -0.0005994102 0.0151509581
-0.0000190288 -0.0005990741 0.0151690419
0.0002561262 -0.0005636029 0.0161119136
0.0001574453 -0.0005628777 0.0161280864
0.0004143449 -0.0004768234 0.0170735991
0.0003151714 -0.0004759651 0.0170864009
0.0005396309 -0.0003468879 0.0180358624
0.0004399762 -0.0003461994 0.0180441376
0.0006206112 -0.0001855480 0.0189984992
0.0005206566 -0.0001852724 0.0190015008
0.0006499363 -0.0000074224 0.0199612715
0.0005499689 -0.0000076568 0.0199587285
0.0007390869 0.0001132375 -0.0193907864
0.0006833501 0.0002284163 -0.0194146653
0.0005568461 0.0002562542 -0.0194275009
0.0004548351 0.0001757886 -0.0194196278
0.0004541333 0.0000476118 -0.0193969745
0.0005552693 -0.0000317565 -0.0193765995
0.0006820856 -0.0000025503 -0.0193738455
0.0006784536 0.0002836573 -0.0184234479
0.0006232894 0.0003991727 -0.0184470289
0.0004974055 0.0004267727 -0.0184653170
0.0003955951 0.0003456740 -0.0184645408
0.0003945235 0.0002169455 -0.0184452850
0.0004949976 0.0001375224 -0.0184220494
0.0006213584 0.0001672120 -0.0184123310
0.0005699035 0.0004281467 -0.0174576036
0.0005150199 0.0005442641 -0.0174787580
0.0003897817 0.0005720200 -0.0175008476
0.0002884958 0.0004905138 -0.0175072386
0.0002874325 0.0003611211 -0.0174931183
0.0003873925 0.0002812775 -0.0174691197
0.0005131040 0.0003111067 -0.0174533142
0.0004234366 0.0005336651 -0.0164937811
0.0003684427 0.0006504374 -0.0165105992
0.0002436477 0.0006786880 -0.0165344963
0.0001430248 0.0005971436 -0.0165474774
0.0001423452 0.0004672088 -0.0165397675
0.0002421205 0.0003867272 -0.0165171722
0.0003672180 0.0004163030 -0.0164967063
0.0002524388 0.0005908033 -0.0155323253
0.0001969824 0.0007080524 -0.0155432890
0.0000722718 0.0007369618 -0.0155668364
-0.0000277833 0.0006557621 -0.0155852359
-0.0000278395 0.0005255984 -0.0155846322
0.0000721456 0.0004444866 -0.0155654800
0.0001968812 0.0004735055 -0.0155422012
0.0000724153 0.0005945922 -0.0145733678
0.0000163077 0.0007119716 -0.0145774874
-0.0001087071 0.0007414714 -0.0145985594
-0.0002084903 0.0006608777 -0.0146207163
-0.0002079031 0.0005308792 -0.0146272733
-0.0001073878 0.0004493674 -0.0146132930
0.0000173657 0.0004777223 -0.0145893028
-0.0001004328 0.0005448844 -0.0136168143
-0.0001571507 0.0006620017 -0.0136137179
-0.0002827509 0.0006918152 -0.0136304125
-0.0003826538 0.0006118748 -0.0136543266
-0.0003816306 0.0004823772 -0.0136674525
-0.0002804517 0.0004008368 -0.0136599061
-0.0001553069 0.0004286551 -0.0136373700
-0.0002506541 0.0004462992 -0.0126623539
-0.0003077258 0.0005628543 -0.0126523210
-0.0004339861 0.0005925941 -0.0126631310
-0.0005343583 0.0005131237 -0.0126866436
-0.0005332601 0.0003842861 -0.0127051535
-0.0004315185 0.0003030985 -0.0127047223
-0.0003057470 0.0003306969 -0.0126856747
-0.0003648876 0.0003077585 -0.0117094864
-0.0004219320 0.0004236500 -0.0116934227
-0.0005486940 0.0004529546 -0.0116973723
-0.0006497193 0.0003736052 -0.0117183610
-0.0006489337 0.0002453535 -0.0117405839
-0.0005469289 0.0001647758 -0.0117473067
-0.0004205165 0.0001925486 -0.0117334671
-0.0004329989 0.0001416739 -0.0107575680
-0.0004896443 0.0002570345 -0.0107369236
-0.0006165726 0.0002856960 -0.0107336562
-0.0007182043 0.0002060758 -0.0107502262
-0.0007180086 0.0000781294 -0.0107741561
-0.0006161329 -0.0000017969 -0.0107874262
-0.0004892917 0.0000264831 -0.0107800438
-0.0004489319 -0.0000371404 -0.0098058691
-0.0005049474 0.0000780093 -0.0097825075
-0.0006316479 0.0001060469 -0.0097723182
-0.0007336254 0.0000258595 -0.0097829738
-0.0007340887 -0.0001021701 -0.0098064505
-0.0006326889 -0.0001816331 -0.0098250698
-0.0005057822 -0.0001526922 -0.0098248111
-0.0004112229 -0.0002127423 -0.0088536404
-0.0004666002 -0.0000974090 -0.0088296706
-0.0005927592 -0.0000697560 -0.0088134790
-0.0006946997 -0.0001506065 -0.0088172583
-0.0006956584 -0.0002790785 -0.0088381626
-0.0005949134 -0.0003584299 -0.0088604504
-0.0004683277 -0.0003289076 -0.0088673387
-0.0003231423 -0.0003694300 -0.0079001804
-0.0003780980 -0.0002535834 -0.0078777661
-0.0005035929 -0.0002259399 -0.0078570340
-0.0006051268 -0.0003073156 -0.0078535958
-0.0006062426 -0.0004364329 -0.0078700405
-0.0005061001 -0.0005160639 -0.0078939849
-0.0003801086 -0.0004862448 -0.0079073984
-0.0001924457 -0.0004931065 -0.0069448986
-0.0002473455 -0.0003765982 -0.0069260632
-0.0003722881 -0.0003485858 -0.0069026621
-0.0004731892 -0.0004301633 -0.0068923167
-0.0004740683 -0.0005599012 -0.0069028175
-0.0003742633 -0.0006401042 -0.0069262570
-0.0002489295 -0.0006103778 -0.0069449849
-0.0000307435 -0.0005725360 -0.0059873693
-0.0000859726 -0.0004554509 -0.0059738130
-0.0002106696 -0.0004268214 -0.0059498553
-0.0003109351 -0.0005082062 -0.0059335367
-0.0003112672 -0.0006383209 -0.0059371455
-0.0002114158 -0.0007191864 -0.0059579643
-0.0000865710 -0.0006899094 -0.0059803159
0.0001474814 -0.0006003827 -0.0050273693
0.0000916540 -0.0004830093 -0.0050203159
-0.0000331908 -0.0004537323 -0.0049979643
-0.0001330422 -0.0005345979 -0.0049771455
-0.0001327101 -0.0006647125 -0.0049735367
-0.0000324446 -0.0007460973 -0.0049898553
0.0000922524 -0.0007174679 -0.0050138130
0.0003261406 -0.0005739317 -0.0040648986
0.0002696568 -0.0004566605 -0.0040649849
0.0001443230 -0.0004269341 -0.0040462570
0.0000445180 -0.0005071371 -0.0040228175
0.0000453971 -0.0006368750 -0.0040123167
0.0001462982 -0.0007184525 -0.0040226621
0.0002712408 -0.0006904401 -0.0040460632
0.0004889921 -0.0004954054 -0.0031001804
0.0004320258 -0.0003785906 -0.0031073984
0.0003060343 -0.0003487714 -0.0030939849
0.0002058918 -0.0004284024 -0.0030700405
0.0002070076 -0.0005575197 -0.0030535958
0.0003085415 -0.0006388954 -0.0030570340
0.0004340364 -0.0006112519 -0.0030777661
0.0006211475 -0.0003718206 -0.0021336404
0.0005640427 -0.0002556553 -0.0021473387
0.0004374570 -0.0002261330 -0.0021404504
0.0003367120 -0.0003054844 -0.0021181626
0.0003376707 -0.0004339564 -0.0020972583
0.0004396112 -0.0005148069 -0.0020934790
0.0005657703 -0.0004871539 -0.0021096706
0.0007104816 -0.0002143810 -0.0011658691
0.0006536312 -0.0000988293 -0.0011848111
0.0005267245 -0.0000698883 -0.0011850698
0.0004253247 -0.0001493513 -0.0011664505
0.0004257880 -0.0002773810 -0.0011429738
0.0005277655 -0.0003575683 -0.0011323182
0.0006544660 -0.0003295307 -0.0011425075
0.0007487962 -0.0000374488 -0.0001975680
0.0006925034 0.0000777420 -0.0002200438
0.0005656622 0.0001060220 -0.0002274262
0.0004637865 0.0000260957 -0.0002141561
0.0004635908 -0.0001018507 -0.0001902262
0.0005652225 -0.0001814710 -0.0001736562
0.0006921508 -0.0001528094 -0.0001769236
0.0007326074 0.0001428047 0.0007705136
0.0006769786 0.0002580146 0.0007465329
0.0005505662 0.0002857874 0.0007326933
0.0004485613 0.0002052096 0.0007394161
0.0004477758 0.0000769580 0.0007616390
0.0005488010 -0.0000023915 0.0007826277
0.0006755630 0.0000269131 0.0007865773
0.0006634691 0.0003099293 0.0017376461
0.0006083761 0.0004255315 0.0017143253
0.0004826046 0.0004531299 0.0016952777
0.0003808630 0.0003719423 0.0016948465
0.0003797648 0.0002431047 0.0017133564
0.0004801370 0.0001636343 0.0017368690
0.0006063973 0.0001933741 0.0017476790
0.0005477997 0.0004487438 0.0027031857
0.0004929256 0.0005649732 0.0026826300
0.0003677808 0.0005927915 0.0026600939
0.0002666019 0.0005112511 0.0026525475
0.0002655786 0.0003817535 0.0026656734
0.0003654816 0.0003018131 0.0026895875
0.0004910818 0.0003316266 0.0027062821
0.0003962406 0.0005467402 0.0036666322
0.0003411910 0.0006636101 0.0036506972
0.0002164375 0.0006919651 0.0036267070
0.0001159222 0.0006104532 0.0036127267
0.0001153350 0.0004804547 0.0036192837
0.0002151182 0.0003998610 0.0036414406
0.0003401330 0.0004293608 0.0036625126
0.0002226249 0.0005952041 0.0046276747
0.0001670673 0.0007125019 0.0046177988
0.0000423317 0.0007415208 0.0045945200
-0.0000576534 0.0006604090 0.0045753678
-0.0000575972 0.0005302453 0.0045747641
0.0000424579 0.0004490456 0.0045931636
0.0001671685 0.0004779550 0.0046167110
0.0000426749 0.0005899554 0.0055862189
-0.0000135438 0.0007073175 0.0055832937
-0.0001386413 0.0007368933 0.0055628278
-0.0002384166 0.0006564117 0.0055402325
-0.0002377369 0.0005264769 0.0055325226
-0.0001371141 0.0004449325 0.0055455037
-0.0000123191 0.0004731831 0.0055694008
-0.0001274344 0.0005316566 0.0065423964
-0.0001842339 0.0006486966 0.0065466858
-0.0003099454 0.0006785258 0.0065308803
-0.0004099054 0.0005986821 0.0065068817
-0.0004088421 0.0004692895 0.0064927614
-0.0003075562 0.0003877832 0.0064991524
-0.0001823180 0.0004155392 0.0065212420
-0.0002725111 0.0004256865 0.0074965521
-0.0003296063 0.0005421318 0.0075076690
-0.0004559671 0.0005718213 0.0074979506
-0.0005564412 0.0004923983 0.0074747150
-0.0005553696 0.0003636698 0.0074554592
-0.0004535592 0.0002825711 0.0074546830
-0.0003276753 0.0003101711 0.0074729711
-0.0003796602 0.0002816137 0.0084492136
-0.0004366615 0.0003974015 0.0084661545
-0.0005634778 0.0004266077 0.0084634005
-0.0006646138 0.0003472394 0.0084430255
-0.0006639120 0.0002190626 0.0084203722
-0.0005619010 0.0001385970 0.0084124991
-0.0004353970 0.0001664348 0.0084253347
-0.0004393760 0.0001123317 0.0094010434
-0.0004959270 0.0002276313 0.0094222790
-0.0006228443 0.0002561810 0.0094267380
-0.0007245565 0.0001764824 0.0094110628
-0.0007244723 0.0000485501 0.0093870571
-0.0006226551 -0.0000312803 0.0093727976
-0.0004957753 -0.0000028948 0.0093790221
-0.0004463421 -0.0000670650 0.0103527790
-0.0005022453 0.0000480880 0.0103763923
-0.0006288733 0.0000760398 0.0103876619
-0.0007308726 -0.0000042578 0.0103781015
-0.0007314357 -0.0001323391 0.0103549103
-0.0006301385 -0.0002117562 0.0103355518
-0.0005032599 -0.0001827065 0.0103346033
-0.0003998845 -0.0002405781 0.0113051665
-0.0004551711 -0.0001251785 0.0113290259
-0.0005812217 -0.0000975549 0.0113460886
-0.0006831177 -0.0001785086 0.0113435061
-0.0006841293 -0.0003070797 0.0113232230
-0.0005834947 -0.0003864516 0.0113005129
-0.0004569939 -0.0003568556 0.0112924770
-0.0003040487 -0.0003926803 0.0122588930
-0.0003589674 -0.0002767276 0.0122808447
-0.0004843563 -0.0002490469 0.0123021604
-0.0005857951 -0.0003304823 0.0123067888
-0.0005868982 -0.0004597112 0.0122912447
-0.0004868350 -0.0005394217 0.0122672331
-0.0003609551 -0.0005095901 0.0122528352
-0.0001672868 -0.0005096687 0.0132145248
-0.0002222162 -0.0003930519 0.0132325873
-0.0003470926 -0.0003649488 0.0132562317
-0.0004478815 -0.0004465215 0.0132676533
-0.0004486868 -0.0005763441 0.0132582514
-0.0003489021 -0.0006566576 0.0132351058
-0.0002236673 -0.0006269842 0.0132156457
-0.0000017647 -0.0005808926 0.0141724563
-0.0000570797 -0.0004637350 0.0141849990
-0.0001817736 -0.0004349933 0.0142088377
-0.0002819495 -0.0005163104 0.0142260215
-0.0002821727 -0.0006464530 0.0142236105
-0.0001822753 -0.0007274210 0.0142034203
-0.0000574820 -0.0006982439 0.0141806546
0.0001776727 -0.0005997464 0.0151328742
0.0001217334 -0.0004823622 0.0151387649
-0.0000031726 -0.0004529910 0.0151606460
-0.0001029886 -0.0005337499 0.0151820407
-0.0001025510 -0.0006638259 0.0151868383
-0.0000021895 -0.0007452690 0.0151714261
0.0001225218 -0.0007167509 0.0151474098
0.0003548071 -0.0005643281 0.0160957408
0.0002982251 -0.0004471114 0.0160944477
0.0001727874 -0.0004173421 0.0161123960
0.0000729512 -0.0004974372 0.0161360702
0.0000738951 -0.0006270833 0.0161476433
0.0001749084 -0.0007086544 0.0161384004
0.0002999260 -0.0006807257 0.0161153016
0.0005135184 -0.0004776817 0.0170607973
0.0004565021 -0.0003609675 0.0170524371
0.0003304008 -0.0003311720 0.0170648323
0.0002301713 -0.0004107318 0.0170886491
0.0002312885 -0.0005397368 0.0171059530
0.0003329111 -0.0006210436 0.0171037137
0.0004585152 -0.0005934264 0.0170836175
0.0006392855 -0.0003475763 0.0180275872
0.0005821966 -0.0002315223 0.0180129146
0.0004555339 -0.0002020817 0.0180186379
0.0003546769 -0.0002814239 0.0180404473
0.0003555730 -0.0004098025 0.0180619198
0.0004575475 -0.0004905460 0.0180668863
0.0005838114 -0.0004628527 0.0180516069
0.0007205658 -0.0001858237 0.0189954976
0.0006637916 -0.0000703545 0.0189758372
0.0005368678 -0.0000415247 0.0189743718
0.0004353706 -0.0001210435 0.0189922050
0.0004357294 -0.0002490318 0.0190159080
0.0005376741 -0.0003291117 0.0190276319
0.0006644382 -0.0003009815 0.0190185484
0.0007499037 -0.0000071880 0.0199638145
0.0006937205 0.0001079781 0.0199409410
0.0005669282 0.0001361569 0.0199324193
0.0004650040 0.0000561293 0.0199446664
0.0004646988 -0.0000718423 0.0199684601
0.0005662425 -0.0001513927 0.0199858831
0.0006931707 -0.0001226188 0.0199838156
0.0008388967 0.0001137766 -0.0193846440
0.0008109415 0.0002280283 -0.0194066225
0.0007322275 0.0003157976 -0.0194270838
0.0006207872 0.0003569775 -0.0194413405
0.0005021500 0.0003421343 -0.0194461266
0.0004034945 0.0002746683 -0.0194403457
0.0003474213 0.0001700352 -0.0194253221
0.0003467762 0.0000522051 -0.0194044975
0.0004017070 -0.0000518284 -0.0193826425
0.0004996296 -0.0001182326 -0.0193647640
0.0006181112 -0.0001317950 -0.0193549576
0.0007300091 -0.0000894087 -0.0193554698
0.0008096888 -0.0000007839 -0.0193661835
0.0007778395 0.0002844806 -0.0184124132
0.0007503358 0.0003991433 -0.0184327602
0.0006722127 0.0004870667 -0.0184547658
0.0005613670 0.0005281085 -0.0184733887
0.0004431924 0.0005128666 -0.0184843626
0.0003447610 0.0004448327 -0.0184851736
0.0002886225 0.0003395926 -0.0184756359
0.0002876374 0.0002212554 -0.0184579344
0.0003420314 0.0001169308 -0.0184361244
0.0004393435 0.0000505184 -0.0184152022
0.0005572807 0.0000372324 -0.0183999609
0.0006688249 0.0000801164 -0.0183938921
0.0007484229 0.0001693463 -0.0183983860
0.0006687792 0.0004289636 -0.0174426727
0.0006414142 0.0005442209 -0.0174595516
0.0005636901 0.0006326064 -0.0174811149
0.0004534126 0.0006738719 -0.0175024228
0.0003358449 0.0006585640 -0.0175185939
0.0002379204 0.0005901896 -0.0175259237
0.0001820724 0.0004844124 -0.0175227328
0.0001810949 0.0003654647 -0.0175097524
0.0002352120 0.0002605960 -0.0174899561
0.0003320260 0.0001938305 -0.0174678789
0.0004493581 0.0001804632 -0.0174485786
0.0005603288 0.0002235566 -0.0174364765
0.0006395161 0.0003132384 -0.0174343451
0.0005218958 0.0005341873 -0.0164763018
0.0004943076 0.0006500129 -0.0164881888
0.0004166501 0.0007390053 -0.0165073634
0.0003067136 0.0007807773 -0.0165294328
0.0001896832 0.0007657594 -0.0165493414
0.0000923692 0.0006973921 -0.0165625281
0.0000370651 0.0005913375 -0.0165659722
0.0000364403 0.0004718914 -0.0165588846
0.0000906380 0.0003664174 -0.0165428890
0.0001872421 0.0002990785 -0.0165216498
0.0003041219 0.0002853011 -0.0165000327
0.0004145015 0.0003282415 -0.0164829898
0.0004930944 0.0004180625 -0.0164744255
0.0003507220 0.0005908465 -0.0155138755
0.0003226278 0.0007070137 -0.0155196976
0.0002446808 0.0007965436 -0.0155347525
0.0001347378 0.0008389261 -0.0155555913
0.0000179854 0.0008244519 -0.0155774401
-0.0000788299 0.0007564367 -0.0155952936
-0.0001335287 0.0006504621 -0.0156050617
-0.0001335803 0.0005308056 -0.0156045067
-0.0000789729 0.0004248790 -0.0155937558
0.0000177836 0.0003569488 -0.0155752718
0.0001345236 0.0003425771 -0.0155532893
0.0002445032 0.0003850562 -0.0155328441
0.0003225275 0.0004746546 -0.0155186200
0.0001708255 0.0005941411 -0.0145556129
0.0001421207 0.0007103024 -0.0145548446
0.0000636304 0.0008001109 -0.0145644208
-0.0000466643 0.0008429925 -0.0145821478
-0.0001634962 0.0008291236 -0.0146039645
-0.0002601004 0.0007616814 -0.0146248730
-0.0003143462 0.0006561161 -0.0146400834
-0.0003138065 0.0005366114 -0.0146461111
-0.0002586048 0.0004305444 -0.0146415754
-0.0001613874 0.0003622138 -0.0146275152
-0.0000444254 0.0003472733 -0.0146071517
0.0000654865 0.0003891456 -0.0145851497
0.0001431688 0.0004782382 -0.0145665498
-0.0000016377 0.0005440983 -0.0136013572
-0.0000308420 0.0006599084 -0.0135940678
-0.0001099378 0.0007496380 -0.0135973009
-0.0002208052 0.0007927312 -0.0136103158
-0.0003380459 0.0007793157 -0.0136301310
-0.0004348014 0.0007124651 -0.0136522071
-0.0004889063 0.0006074938 -0.0136714867
-0.0004879656 0.0004884496 -0.0136835530
-0.0004321950 0.0003826041 -0.0136856419
-0.0003343708 0.0003142052 -0.0136772748
-0.0002169034 0.0002989222 -0.0136603684
-0.0001067030 0.0003402564 -0.0136387959
-0.0000290154 0.0004287385 -0.0136174993
-0.0001513520 0.0004454555 -0.0126505899
-0.0001807684 0.0005606930 -0.0126374373
-0.0002603180 0.0006500142 -0.0126340354
-0.0003717771 0.0006929566 -0.0126411634
-0.0004896117 0.0006796828 -0.0126571884
-0.0005868274 0.0006132334 -0.0126784393
-0.0006411531 0.0005088314 -0.0127000477
-0.0006401436 0.0003903939 -0.0127170634
-0.0005840301 0.0002850535 -0.0127255883
-0.0004856674 0.0002169425 -0.0127236695
-0.0003675894 0.0002016643 -0.0127117466
-0.0002568463 0.0002427188 -0.0126925508
-0.0001788079 0.0003307011 -0.0126704799
-0.0002651354 0.0003071550 -0.0117024773
-0.0002944016 0.0004218007 -0.0116846491
-0.0003740934 0.0005105281 -0.0116749192
-0.0004859543 0.0005530108 -0.0116755169
-0.0006043583 0.0005395165 -0.0116863051
-0.0007021805 0.0004731367 -0.0117048124
-0.0007570111 0.0003690781 -0.0117267990
-0.0007562890 0.0002511792 -0.0117472280
-0.0007001795 0.0001464494 -0.0117614194
-0.0006015368 0.0000788810 -0.0117661222
-0.0004829587 0.0000639529 -0.0117602589
-0.0003716100 0.0001050852 -0.0117451728
-0.0002929993 0.0001928549 -0.0117243199
-0.0003330122 0.0001415236 -0.0107559466
-0.0003618190 0.0002557671 -0.0107350519
-0.0004412910 0.0003439248 -0.0107198725
-0.0005532219 0.0003858010 -0.0107138859
-0.0006719699 0.0003718023 -0.0107184634
-0.0007703311 0.0003051356 -0.0107325564
-0.0008257723 0.0002010734 -0.0107529365
-0.0008255924 0.0000834552 -0.0107749347
-0.0007698327 -0.0000207742 -0.0107935116
-0.0006712671 -0.0000877369 -0.0108044113
-0.0005524758 -0.0001020928 -0.0108051370
-0.0004406724 -0.0000605530 -0.0107955223
-0.0003614697 0.0000273662 -0.0107777699
-0.0003490091 -0.0000367845 -0.0098097818
-0.0003772094 0.0000773883 -0.0097877069
-0.0004561772 0.0001652016 -0.0097684482
-0.0005678219 0.0002065386 -0.0097564176
-0.0006865669 0.0001919293 -0.0097543712
-0.0007852092 0.0001247206 -0.0097627779
-0.0008411511 0.0000203091 -0.0097797116
-0.0008415770 -0.0000973856 -0.0098012932
-0.0007863893 -0.0002014012 -0.0098225786
-0.0006882308 -0.0002679089 -0.0098386914
-0.0005695884 -0.0002816727 -0.0098459405
-0.0004576418 -0.0002395394 -0.0098426652
-0.0003780364 -0.0001511612 -0.0098296158
-0.0003116400 -0.0002120058 -0.0088627340
-0.0003393008 -0.0000975471 -0.0088414716
-0.0004176581 -0.0000097314 -0.0088198720
-0.0005287610 0.0000313239 -0.0088028835
-0.0006471572 0.0000162134 -0.0087943980
-0.0007457236 -0.0000516011 -0.0087963594
-0.0008018798 -0.0001565843 -0.0088083182
-0.0008027612 -0.0002746856 -0.0088275350
-0.0007481657 -0.0003788496 -0.0088496074
-0.0006506005 -0.0004452136 -0.0088694788
-0.0005324168 -0.0004585742 -0.0088825970
-0.0004206888 -0.0004158708 -0.0088859567
-0.0003410123 -0.0003268863 -0.0088787883
-0.0002240551 -0.0003685727 -0.0079136339
-0.0002514338 -0.0002535726 -0.0078951034
-0.0003292896 -0.0001654086 -0.0078731128
-0.0004397866 -0.0001242780 -0.0078527000
-0.0005576113 -0.0001396033 -0.0078385414
-0.0006557715 -0.0002078737 -0.0078338803
-0.0007117799 -0.0003134492 -0.0078397848
-0.0007128056 -0.0004321438 -0.0078549020
-0.0006586137 -0.0005367660 -0.0078757689
-0.0005616188 -0.0006033481 -0.0078976051
-0.0004440414 -0.0006166369 -0.0079154082
-0.0003328169 -0.0005735882 -0.0079250997
-0.0002534256 -0.0004840638 -0.0079244594
-0.0000938353 -0.0004924312 -0.0069614977
-0.0001212888 -0.0003768251 -0.0069473718
-0.0001989291 -0.0002880898 -0.0069269754
-0.0003089699 -0.0002465534 -0.0069049809
-0.0004262021 -0.0002617314 -0.0068864272
-0.0005237692 -0.0003301468 -0.0068755646
-0.0005793198 -0.0004361263 -0.0068748816
-0.0005801279 -0.0005553914 -0.0068845347
-0.0005260084 -0.0006606199 -0.0069023124
-0.0004293594 -0.0007277051 -0.0069241422
-0.0003123220 -0.0007412787 -0.0069450231
-0.0002017081 -0.0006982311 -0.0069601714
-0.0001228580 -0.0006084241 -0.0069661170
0.0000675775 -0.0005722809 -0.0060056155
0.0000397187 -0.0004562182 -0.0059971694
-0.0000380683 -0.0003668902 -0.0059802082
-0.0001479636 -0.0003247608 -0.0059586176
-0.0002647913 -0.0003394815 -0.0059373437
-0.0003617877 -0.0004076797 -0.0059212601
-0.0004167321 -0.0005137323 -0.0059140513
-0.0004170374 -0.0006333437 -0.0059173688
-0.0003626336 -0.0007391125 -0.0059304526
-0.0002659841 -0.0008068083 -0.0059503054
-0.0001492299 -0.0008209229 -0.0059723791
-0.0000391182 -0.0007782226 -0.0059916169
0.0000391259 -0.0006884897 -0.0060036116
0.0002458024 -0.0006006378 -0.0050456155
0.0002173508 -0.0004844290 -0.0050436116
0.0001391068 -0.0003946961 -0.0050316169
0.0000289950 -0.0003519959 -0.0050123791
-0.0000877591 -0.0003661104 -0.0049903054
-0.0001844087 -0.0004338062 -0.0049704526
-0.0002388125 -0.0005395750 -0.0049573688
-0.0002385072 -0.0006591864 -0.0049540513
-0.0001835628 -0.0007652390 -0.0049612601
-0.0000865664 -0.0008334373 -0.0049773437
0.0000302614 -0.0008481579 -0.0049986176
0.0001401566 -0.0008060285 -0.0050202082
0.0002179436 -0.0007167005 -0.0050371694
0.0004247510 -0.0005746071 -0.0040814977
0.0003957283 -0.0004586142 -0.0040861170
0.0003168782 -0.0003688072 -0.0040801714
0.0002062643 -0.0003257596 -0.0040650231
0.0000892270 -0.0003393332 -0.0040441422
-0.0000074220 -0.0004064184 -0.0040223124
-0.0000615415 -0.0005116469 -0.0040045347
-0.0000607334 -0.0006309120 -0.0039948816
-0.0000051829 -0.0007368915 -0.0039955646
0.0000923843 -0.0008053069 -0.0040064272
0.0002096164 -0.0008204849 -0.0040249809
0.0003196572 -0.0007789485 -0.0040469754
0.0003972975 -0.0006902132 -0.0040673718
0.0005880793 -0.0004962626 -0.0031136339
0.0005587088 -0.0003807715 -0.0031244594
0.0004793175 -0.0002912472 -0.0031250997
0.0003680931 -0.0002481984 -0.0031154082
0.0002505156 -0.0002614872 -0.0030976051
0.0001535208 -0.0003280693 -0.0030757689
0.0000993288 -0.0004326915 -0.0030549020
0.0001003545 -0.0005513861 -0.0030397848
0.0001563629 -0.0006569617 -0.0030338803
0.0002545231 -0.0007252320 -0.0030385414
0.0003723479 -0.0007405573 -0.0030527000
0.0004828449 -0.0006994267 -0.0030731128
0.0005607006 -0.0006112627 -0.0030951034
0.0007207304 -0.0003725571 -0.0021427340
0.0006913582 -0.0002576766 -0.0021587883
0.0006116816 -0.0001686920 -0.0021659567
0.0004999537 -0.0001259887 -0.0021625970
0.0003817699 -0.0001393493 -0.0021494788
0.0002842048 -0.0002057133 -0.0021296074
0.0002296093 -0.0003098773 -0.0021075350
0.0002304906 -0.0004279786 -0.0020883182
0.0002866468 -0.0005329618 -0.0020763594
0.0003852132 -0.0006007763 -0.0020743980
0.0005036095 -0.0006158868 -0.0020828835
0.0006147124 -0.0005748315 -0.0020998720
0.0006930696 -0.0004870157 -0.0021214716
0.0008104043 -0.0002147369 -0.0011697818
0.0007813770 -0.0001003602 -0.0011896158
0.0007017716 -0.0000119821 -0.0012026652
0.0005898250 0.0000301513 -0.0012059405
0.0004711826 0.0000163875 -0.0011986914
0.0003730241 -0.0000501202 -0.0011825786
0.0003178364 -0.0001541358 -0.0011612932
0.0003182623 -0.0002718306 -0.0011397116
0.0003742042 -0.0003762420 -0.0011227779
0.0004728465 -0.0004434507 -0.0011143712
0.0005915916 -0.0004580600 -0.0011164176
0.0007032362 -0.0004167231 -0.0011284482
0.0007822040 -0.0003289097 -0.0011477069
0.0008487829 -0.0000372985 -0.0001959466
0.0008203253 0.0000768589 -0.0002177699
0.0007411227 0.0001647781 -0.0002355223
0.0006293193 0.0002063179 -0.0002451370
0.0005105280 0.0001919620 -0.0002444113
0.0004119624 0.0001249992 -0.0002335116
0.0003562027 0.0000207699 -0.0002149347
0.0003560228 -0.0000968483 -0.0001929365
0.0004114639 -0.0002009105 -0.0001725564
0.0005098252 -0.0002675772 -0.0001584634
0.0006285731 -0.0002815759 -0.0001538859
0.0007405041 -0.0002396998 -0.0001598725
0.0008199760 -0.0001515420 -0.0001750519
0.0008323596 0.0001434082 0.0007775227
0.0008044957 0.0002577082 0.0007556801
0.0007258851 0.0003454779 0.0007348272
0.0006145363 0.0003866102 0.0007197411
0.0004959582 0.0003716822 0.0007138778
0.0003973155 0.0003041137 0.0007185806
0.0003412061 0.0001993839 0.0007327720
0.0003404839 0.0000814851 0.0007532010
0.0003953145 -0.0000225736 0.0007751876
0.0004931367 -0.0000889534 0.0007936949
0.0006115408 -0.0001024476 0.0008044831
0.0007234017 -0.0000599649 0.0008050808
0.0008030934 0.0000287625 0.0007953509
0.0007627711 0.0003107729 0.0017494101
0.0007353152 0.0004255273 0.0017295201
0.0006572768 0.0005135096 0.0017074492
0.0005465337 0.0005545642 0.0016882534
0.0004284557 0.0005392859 0.0016763305
0.0003300931 0.0004711749 0.0016744117
0.0002739795 0.0003658345 0.0016829366
0.0002729700 0.0002473970 0.0016999523
0.0003272957 0.0001429950 0.0017215607
0.0004245114 0.0000765456 0.0017428116
0.0005423460 0.0000632718 0.0017588366
0.0006538051 0.0001062142 0.0017659646
0.0007333548 0.0001955354 0.0017625627
0.0006465947 0.0004495299 0.0027186428
0.0006192171 0.0005648898 0.0027025007
0.0005415294 0.0006533719 0.0026812041
0.0004313291 0.0006947060 0.0026596316
0.0003138617 0.0006794231 0.0026427252
0.0002160375 0.0006110241 0.0026343581
0.0001602668 0.0005051786 0.0026364470
0.0001593262 0.0003861345 0.0026485133
0.0002134310 0.0002811632 0.0026677929
0.0003101866 0.0002143125 0.0026898690
0.0004274273 0.0002008971 0.0027096842
0.0005382947 0.0002439903 0.0027226991
0.0006173905 0.0003337199 0.0027259322
0.0004946508 0.0005471913 0.0036843871
0.0004669941 0.0006630942 0.0036734502
0.0003893118 0.0007521868 0.0036548503
0.0002793999 0.0007940591 0.0036328483
0.0001624379 0.0007791186 0.0036124848
0.0000652205 0.0007107880 0.0035984246
0.0000100188 0.0006047210 0.0035938889
0.0000094791 0.0004852163 0.0035999166
0.0000637249 0.0003796510 0.0036151270
0.0001603291 0.0003122088 0.0036360355
0.0002771610 0.0002983399 0.0036578522
0.0003874557 0.0003412215 0.0036755792
0.0004659460 0.0004310300 0.0036851554
0.0003209081 0.0005951609 0.0046461245
0.0002927136 0.0007113528 0.0046413800
0.0002146893 0.0008009513 0.0046271559
0.0001047097 0.0008434303 0.0046067107
-0.0000120303 0.0008290586 0.0045847282
-0.0001087868 0.0007611284 0.0045662442
-0.0001633942 0.0006552018 0.0045554933
-0.0001633426 0.0005355453 0.0045549383
-0.0001086437 0.0004295707 0.0045647064
-0.0000118285 0.0003615556 0.0045825599
0.0001049239 0.0003470813 0.0046044087
0.0002148669 0.0003894638 0.0046252475
0.0002928139 0.0004789938 0.0046403024
0.0001411340 0.0005894332 0.0056036982
0.0001123326 0.0007055580 0.0056055745
0.0000337398 0.0007953790 0.0055970102
-0.0000766399 0.0008383193 0.0055799673
-0.0001935196 0.0008245419 0.0055583502
-0.0002901238 0.0007572030 0.0055371110
-0.0003443215 0.0006517291 0.0055211154
-0.0003436967 0.0005322830 0.0055140278
-0.0002883925 0.0004262284 0.0055174719
-0.0001910785 0.0003578610 0.0055306586
-0.0000740481 0.0003428432 0.0055505672
0.0000358884 0.0003846151 0.0055726366
0.0001135459 0.0004736075 0.0055918112
-0.0000285587 0.0005308397 0.0065573273
-0.0000578218 0.0006465649 0.0065656549
-0.0001370091 0.0007362467 0.0065635235
-0.0002479798 0.0007793400 0.0065514214
-0.0003653119 0.0007659728 0.0065321211
-0.0004621259 0.0006992072 0.0065100439
-0.0005162430 0.0005943385 0.0064902476
-0.0005152655 0.0004753909 0.0064772672
-0.0004594175 0.0003696137 0.0064740763
-0.0003614930 0.0003012393 0.0064814061
-0.0002439253 0.0002859314 0.0064975772
-0.0001336478 0.0003271969 0.0065188851
-0.0000559237 0.0004155823 0.0065404484
-0.0001731252 0.0004248632 0.0075075868
-0.0002025419 0.0005399975 0.0075216140
-0.0002821398 0.0006292274 0.0075261079
-0.0003936841 0.0006721114 0.0075200391
-0.0005116212 0.0006588254 0.0075047978
-0.0006089334 0.0005924129 0.0074838756
-0.0006633274 0.0004880884 0.0074620656
-0.0006623422 0.0003697512 0.0074443641
-0.0006062037 0.0002645111 0.0074348264
-0.0005077724 0.0001964771 0.0074356374
-0.0003895977 0.0001812352 0.0074466113
-0.0002787521 0.0002222771 0.0074652342
-0.0002006289 0.0003102005 0.0074872398
-0.0002798504 0.0002810745 0.0084553560
-0.0003090583 0.0003956350 0.0084738165
-0.0003887380 0.0004842599 0.0084845302
-0.0005006359 0.0005266461 0.0084850424
-0.0006191175 0.0005130837 0.0084752360
-0.0007170401 0.0004466795 0.0084573575
-0.0007719709 0.0003426460 0.0084355025
-0.0007713258 0.0002248160 0.0084146779
-0.0007152526 0.0001201829 0.0083996543
-0.0006165970 0.0000527169 0.0083938734
-0.0004979599 0.0000378737 0.0083986595
-0.0003865195 0.0000790536 0.0084129162
-0.0003078056 0.0001668228 0.0084333775
-0.0003393785 0.0001122670 0.0094017390
-0.0003680889 0.0002264734 0.0094229665
-0.0004474927 0.0003145536 0.0094389326
-0.0005593995 0.0003563294 0.0094459797
-0.0006781726 0.0003422305 0.0094424935
-0.0007766027 0.0002754868 0.0094292725
-0.0008321406 0.0001713885 0.0094093455
-0.0008320632 0.0000537832 0.0093872776
-0.0007763882 -0.0000503871 0.0093681242
-0.0006778702 -0.0001172582 0.0093562732
-0.0005590783 -0.0001315108 0.0093544395
-0.0004472265 -0.0000898798 0.0093630431
-0.0003679386 -0.0000019023 0.0093801131
-0.0003464590 -0.0000666324 0.0103479650
-0.0003745589 0.0000475645 0.0103700432
-0.0004534266 0.0001353526 0.0103898205
-0.0005649943 0.0001766206 0.0104027664
-0.0006837033 0.0001619145 0.0104059150
-0.0007823587 0.0000946034 0.0103985450
-0.0008383597 -0.0000098927 0.0103823448
-0.0008388773 -0.0001276349 0.0103610257
-0.0007837929 -0.0002316499 0.0103394716
-0.0006857255 -0.0002981091 0.0103226204
-0.0005671414 -0.0003117876 0.0103143323
-0.0004552066 -0.0002695516 0.0103165062
-0.0003755641 -0.0001810771 0.0103286439
-0.0003003777 -0.0002398010 0.0112952775
-0.0003279696 -0.0001252655 0.0113162133
-0.0004062300 -0.0000374138 0.0113380166
-0.0005172304 0.0000036284 0.0113556925
-0.0006355421 -0.0000115413 0.0113651917
-0.0007340611 -0.0000794476 0.0113643380
-0.0007902180 -0.0001845341 0.0113533271
-0.0007911480 -0.0003027265 0.0113346813
-0.0007366379 -0.0004069486 0.0113126722
-0.0006391753 -0.0004733243 0.0112923418
-0.0005210879 -0.0004866477 0.0112783476
-0.0004094279 -0.0004438666 0.0112738954
-0.0003297754 -0.0003547815 0.0112800053
-0.0002050473 -0.0003918328 0.0122448216
-0.0002324128 -0.0002767303 0.0122627252
-0.0003102092 -0.0001884817 0.0122845862
-0.0004206144 -0.0001473038 0.0123053966
-0.0005383358 -0.0001626299 0.0123203889
-0.0006364049 -0.0002309490 0.0123261286
-0.0006923553 -0.0003366099 0.0123213008
-0.0006933694 -0.0004554072 0.0123070115
-0.0006392148 -0.0005601256 0.0122865342
-0.0005422978 -0.0006267756 0.0122645599
-0.0004248208 -0.0006400884 0.0122461228
-0.0003136964 -0.0005970141 0.0122354466
-0.0002343819 -0.0005074207 0.0122349770
-0.0000687415 -0.0005090500 0.0131975414
-0.0000962421 -0.0003933521 0.0132107965
-0.0001738816 -0.0003045135 0.0132307419
-0.0002838736 -0.0002628860 0.0132528081
-0.0004010202 -0.0002780061 0.0132719402
-0.0004984847 -0.0003464099 0.0132837552
-0.0005539391 -0.0004524269 0.0132855463
-0.0005546793 -0.0005717699 0.0132769034
-0.0005005360 -0.0006770989 0.0132598063
-0.0004039126 -0.0007442842 0.0132381719
-0.0002869444 -0.0007579345 0.0132169562
-0.0001764274 -0.0007149227 0.0132010196
-0.0000976797 -0.0006251023 0.0131940130
0.0000965348 -0.0005807211 0.0141540939
0.0000685851 -0.0004646095 0.0141615041
-0.0000092598 -0.0003751959 0.0141777333
-0.0001191665 -0.0003329639 0.0141990635
-0.0002359567 -0.0003475883 0.0142206082
-0.0003328751 -0.0004157189 0.0142374319
-0.0003877190 -0.0005217477 0.0142456803
-0.0003879243 -0.0006413848 0.0142434640
-0.0003334439 -0.0007472229 0.0142312906
-0.0002367586 -0.0008150156 0.0142119488
-0.0001200179 -0.0008292325 0.0141898698
-0.0000099657 -0.0007866167 0.0141701115
0.0000681865 -0.0006969309 0.0141572002
0.0002760234 -0.0006000826 0.0151147904
0.0002474691 -0.0004838851 0.0151156867
0.0001691289 -0.0003941146 0.0151267347
0.0000589495 -0.0003513363 0.0151454033
-0.0000578283 -0.0003653503 0.0151674159
-0.0001544521 -0.0004329461 0.0151877296
-0.0002087866 -0.0005386383 0.0152016907
-0.0002083843 -0.0006582141 0.0152061010
-0.0001533375 -0.0007642802 0.0151999502
-0.0000562567 -0.0008325381 0.0151846472
0.0000606180 -0.0008473507 0.0151636978
0.0001705121 -0.0008053246 0.0151419014
0.0002482502 -0.0007160875 0.0151242511
0.0004534879 -0.0005650533 0.0160795680
0.0004243872 -0.0004491280 0.0160738696
0.0003454365 -0.0003593445 0.0160787390
0.0002347226 -0.0003162711 0.0160930609
0.0001176088 -0.0003297753 0.0161135541
0.0000209243 -0.0003967635 0.0161355241
-0.0000331816 -0.0005018896 0.0161539377
-0.0000323138 -0.0006210704 0.0161645765
0.0000233287 -0.0007270030 0.0161650034
0.0001209991 -0.0007954196 0.0161551206
0.0002383222 -0.0008106466 0.0161371921
0.0003484206 -0.0007691959 0.0161153250
0.0004260722 -0.0006805632 0.0160945290
0.0006126919 -0.0004785400 0.0170479955
0.0005832954 -0.0003631489 0.0170362166
0.0005038347 -0.0002737009 0.0170344680
0.0003925132 -0.0002306876 0.0170431502
0.0002748334 -0.0002439627 0.0170602743
0.0001777543 -0.0003104850 0.0170819172
0.0001235155 -0.0004150152 0.0171031210
0.0001245425 -0.0005336065 0.0171190280
0.0001806000 -0.0006390912 0.0171259942
0.0002788460 -0.0007073040 0.0171224236
0.0003967734 -0.0007226182 0.0171091344
0.0005073665 -0.0006815254 0.0170891707
0.0005852897 -0.0005934395 0.0170671062
0.0007389401 -0.0003482648 0.0180193120
0.0007096032 -0.0002334814 0.0180025160
0.0006299128 -0.0001445991 0.0179943072
0.0005181250 -0.0001019800 0.0179965660
0.0003998492 -0.0001153874 0.0180087750
0.0003021808 -0.0001817499 0.0180281373
0.0002474945 -0.0002858647 0.0180502172
0.0002483183 -0.0004038803 0.0180699564
0.0003044635 -0.0005087607 0.0180828330
0.0004030678 -0.0005764792 0.0180858971
0.0005215423 -0.0005915222 0.0180784467
0.0006327458 -0.0005504436 0.0180621886
0.0007112029 -0.0004626539 0.0180408474
0.0008205203 -0.0001860993 0.0189924961
0.0007915771 -0.0000717826 0.0189721992
0.0007120184 0.0000165035 0.0189582711
0.0006000703 0.0000585335 0.0189539027
0.0004813786 0.0000446790 0.0189600945
0.0003831343 -0.0000218862 0.0189754283
0.0003278438 -0.0001259127 0.0189963911
0.0003281737 -0.0002435694 0.0190181807
0.0003840482 -0.0003479026 0.0190358053
0.0004826673 -0.0004150107 0.0190452273
0.0006014385 -0.0004295200 0.0190442883
0.0007131527 -0.0003881068 0.0190332034
0.0007922176 -0.0003002582 0.0190145120
0.0008498711 -0.0000069535 0.0199663575
0.0008215168 0.0001072023 0.0199443919
0.0007424048 0.0001950721 0.0199260020
0.0006306588 0.0002365260 0.0199154005
0.0005118783 0.0002220674 0.0199150163
0.0004132746 0.0001550086 0.0199249373
0.0003574366 0.0000507120 0.0199428907
0.0003571561 -0.0000669294 0.0199647637
0.0004124973 -0.0001709653 0.0199855453
0.0008209721 -0.0001212436 0.0199868667
0.0009886112 0.0001145853 -0.0193754304
0.0009697375 0.0002361984 -0.0193981448
0.0009136310 0.0003456961 -0.0194210408
0.0008257837 0.0004323600 -0.0194418772
0.0007147949 0.0004877067 -0.0194586144
0.0005915289 0.0005063187 -0.0194696139
0.0004680517 0.0004863739 -0.0194737992
0.0003564503 0.0004298248 -0.0194707605
0.0002676489 0.0003422068 -0.0194607952
0.0002103400 0.0002320965 -0.0194448789
0.0001901335 0.0001102723 -0.0194245696
0.0002090072 -0.0000113408 -0.0194018552
0.0002651137 -0.0001208385 -0.0193789592
0.0003529610 -0.0002075024 -0.0193581228
0.0004639498 -0.0002628492 -0.0193413856
0.0005872158 -0.0002814611 -0.0193303861
0.0007106930 -0.0002615164 -0.0193262008
0.0008222944 -0.0002049673 -0.0193292395
0.0009110958 -0.0001173492 -0.0193392048
0.0009684047 -0.0000072389 -0.0193551211
0.0009269183 0.0002857155 -0.0183958612
0.0009084788 0.0004077968 -0.0184163071
0.0008529299 0.0005176057 -0.0184390723
0.0007657092 0.0006043931 -0.0184619284
0.0006553544 0.0006596638 -0.0184826379
0.0005326678 0.0006780075 -0.0184991737
0.0004096589 0.0006576286 -0.0185099172
0.0002983686 0.0006005218 -0.0185138167
0.0002096908 0.0005122773 -0.0185104905
0.0001523059 0.0004015330 -0.0185002642
0.0001318311 0.0002791293 -0.0184841388
0.0001502707 0.0001570479 -0.0184636929
0.0002058196 0.0000472390 -0.0184409277
0.0002930403 -0.0000395484 -0.0184180716
0.0004033951 -0.0000948191 -0.0183973621
0.0005260816 -0.0001131628 -0.0183808263
0.0006490905 -0.0000927839 -0.0183700828
0.0007603808 -0.0000356771 -0.0183661833
0.0008490586 0.0000525674 -0.0183695095
0.0009064435 0.0001633117 -0.0183797358
0.0008170927 0.0004301889 -0.0174202763
0.0007987451 0.0005529022 -0.0174366082
0.0007434790 0.0006632836 -0.0174571876
0.0006567041 0.0007505282 -0.0174800000
0.0005469146 0.0008060960 -0.0175028124
0.0004248574 0.0008245475 -0.0175233918
0.0003024805 0.0008040766 -0.0175397237
0.0001917627 0.0007466871 -0.0175502094
0.0001035421 0.0006579967 -0.0175538225
0.0000464542 0.0005466871 -0.0175502094
0.0000260873 0.0004236539 -0.0175397237
0.0000444348 0.0003009407 -0.0175233918
0.0000997010 0.0001905592 -0.0175028124
0.0001864759 0.0001033146 -0.0174800000
0.0002962654 0.0000477469 -0.0174571876
0.0004183225 0.0000292954 -0.0174366082
0.0005406995 0.0000497663 -0.0174202763
0.0006514172 0.0001071557 -0.0174097906
0.0007396378 0.0001958461 -0.0174061775
0.0007967257 0.0003071557 -0.0174097906
0.0006695845 0.0005349705 -0.0164500828
0.0006509541 0.0006582563 -0.0164608263
0.0005955960 0.0007692697 -0.0164773621
0.0005089290 0.0008571437 -0.0164980716
0.0003994365 0.0009132768 -0.0165209277
0.0002778365 0.0009321741 -0.0165436929
0.0001560321 0.0009119859 -0.0165641388
0.0000459463 0.0008546884 -0.0165802642
-0.0000416449 0.0007658902 -0.0165904905
-0.0000981675 0.0006542836 -0.0165938167
-0.0001180886 0.0005307933 -0.0165899172
-0.0000994583 0.0004075074 -0.0165791737
-0.0000441002 0.0002964941 -0.0165626379
0.0000425669 0.0002086200 -0.0165419284
0.0001520593 0.0001524870 -0.0165190723
0.0002736593 0.0001335896 -0.0164963071
0.0003954637 0.0001537778 -0.0164758612
0.0005055495 0.0002110753 -0.0164597358
0.0005931407 0.0002998735 -0.0164495095
0.0006496633 0.0004114802 -0.0164461833
0.0004981470 0.0005909112 -0.0154862008
0.0004789590 0.0007145082 -0.0154903861
0.0004231667 0.0008259898 -0.0155013856
0.0003362313 0.0009144434 -0.0155181228
0.0002266628 0.0009712104 -0.0155389592
0.0001051865 0.0009907343 -0.0155618552
-0.0000163068 0.0009711037 -0.0155845696
-0.0001259244 0.0009142404 -0.0156048789
-0.0002129361 0.0008257105 -0.0156207952
-0.0002688246 0.0007141799 -0.0156307605
-0.0002881193 0.0005905660 -0.0156337992
-0.0002689313 0.0004669690 -0.0156296139
-0.0002131390 0.0003554874 -0.0156186144
-0.0001262037 0.0002670339 -0.0156018772
-0.0000166352 0.0002102668 -0.0155810408
0.0001048412 0.0001907429 -0.0155581448
0.0002263345 0.0002103735 -0.0155354304
0.0003359520 0.0002672368 -0.0155151211
0.0004229637 0.0003557667 -0.0154992048
0.0004788523 0.0004672973 -0.0154892395
0.0003184408 0.0005934645 -0.0145289807
0.0002986171 0.0007170014 -0.0145262299
0.0002422015 0.0008286223 -0.0145307003
0.0001547166 0.0009174009 -0.0145419542
0.0000447257 0.0009746470 -0.0145588900
-0.0000770042 0.0009947569 -0.0145798500
-0.0001985576 0.0009757621 -0.0146027824
-0.0003080358 0.0009195220 -0.0146254424
-0.0003947225 0.0008315417 -0.0146456119
-0.0004501321 0.0007204334 -0.0146613167
-0.0004688406 0.0005970731 -0.0146710193
-0.0004490169 0.0004735362 -0.0146737701
-0.0003926014 0.0003619153 -0.0146692997
-0.0003051164 0.0002731367 -0.0146580458
-0.0001951256 0.0002158906 -0.0146411100
-0.0000733956 0.0001957807 -0.0146201500
0.0000481577 0.0002147755 -0.0145972176
0.0001576360 0.0002710156 -0.0145745576
0.0002443226 0.0003589959 -0.0145543881
0.0002997322 0.0004701042 -0.0145386833
0.0001465548 0.0005429192 -0.0135781716
0.0001262416 0.0006660460 -0.0135687331
0.0000692339 0.0007774280 -0.0135662707
-0.0000188882 0.0008661625 -0.0135710255
-0.0001294985 0.0009235635 -0.0135825320
-0.0002517698 0.0009440122 -0.0135996638
-0.0003737332 0.0009255069 -0.0136207440
-0.0004834503 0.0008698590 -0.0136437092
-0.0005701811 0.0007825158 -0.0136663112
-0.0006254357 0.0006720270 -0.0136863377
-0.0006438055 0.0005492080 -0.0137018284
-0.0006234923 0.0004260812 -0.0137112669
-0.0005664846 0.0003146991 -0.0137137293
-0.0004783625 0.0002259646 -0.0137089745
-0.0003677522 0.0001685636 -0.0136974680
-0.0002454809 0.0001481150 -0.0136803362
-0.0001235174 0.0001666203 -0.0136592560
-0.0000138004 0.0002222681 -0.0136362908
0.0000729304 0.0003096114 -0.0136136888
0.0001281850 0.0004201002 -0.0135936623
-0.0000023990 0.0004441899 -0.0126329438
-0.0000228826 0.0005667013 -0.0126176696
-0.0000802426 0.0006775508 -0.0126084968
-0.0001688643 0.0007658876 -0.0126063232
-0.0002800726 0.0008230647 -0.0126113616
-0.0004029819 0.0008434853 -0.0126231188
-0.0005255608 0.0008251504 -0.0126404439
-0.0006358105 0.0007698548 -0.0126616411
-0.0007229389 0.0006830112 -0.0126846354
-0.0007784174 0.0005731205 -0.0127071759
-0.0007968153 0.0004509394 -0.0127270562
-0.0007763317 0.0003284281 -0.0127423304
-0.0007189716 0.0002175786 -0.0127515032
-0.0006303500 0.0001292418 -0.0127536768
-0.0005191416 0.0000720647 -0.0127486384
-0.0003962324 0.0000516441 -0.0127368812
-0.0002736535 0.0000699789 -0.0127195561
-0.0001634038 0.0001252745 -0.0126983589
-0.0000762753 0.0002121182 -0.0126753646
-0.0000207969 0.0003220089 -0.0126528241
-0.0001155070 0.0003062497 -0.0116919638
-0.0001357819 0.0004281576 -0.0116722327
-0.0001931299 0.0005383686 -0.0116571775
-0.0002819374 0.0006260944 -0.0116482717
-0.0003935113 0.0006827480 -0.0116463872
-0.0005169300 0.0007027836 -0.0116517085
-0.0006401124 0.0006842399 -0.0116637146
-0.0007510006 0.0006289323 -0.0116812303
-0.0008387399 0.0005422745 -0.0117025411
-0.0008947420 0.0004327493 -0.0117255608
-0.0009135249 0.0003110778 -0.0117480362
-0.0008932501 0.0001891699 -0.0117677673
-0.0008359021 0.0000789589 -0.0117828225
-0.0007470946 -0.0000087670 -0.0117917283
-0.0006355207 -0.0000654205 -0.0117936128
-0.0005121020 -0.0000854561 -0.0117882915
-0.0003889196 -0.0000669125 -0.0117762854
-0.0002780314 -0.0000116049 -0.0117587697
-0.0001902920 0.0000750529 -0.0117374589
-0.0001342900 0.0001845781 -0.0117144392
-0.0001830321 0.0001412981 -0.0107535146
-0.0002027927 0.0002628274 -0.0107311078
-0.0002597686 0.0003725194 -0.0107115292
-0.0003483826 0.0004596367 -0.0106966952
-0.0004599605 0.0005156517 -0.0106880580
-0.0005835804 0.0005350812 -0.0106864629
-0.0007071413 0.0005160233 -0.0106920662
-0.0008185484 0.0004603436 -0.0107043193
-0.0009068964 0.0003734923 -0.0107220228
-0.0009635370 0.0002639711 -0.0107434438
-0.0009829260 0.0001425007 -0.0107664854
-0.0009631654 0.0000209714 -0.0107888922
-0.0009061895 -0.0000887206 -0.0108084708
-0.0008175755 -0.0001758379 -0.0108233048
-0.0007059976 -0.0002318529 -0.0108319420
-0.0005823777 -0.0002512824 -0.0108335371
-0.0004588167 -0.0002322245 -0.0108279338
-0.0003474096 -0.0001765448 -0.0108156807
-0.0002590617 -0.0000896935 -0.0107979772
-0.0002024211 0.0000198277 -0.0107765562
-0.0001991249 -0.0000362507 -0.0098156509
-0.0002182472 0.0000852586 -0.0097925910
-0.0002746223 0.0001947343 -0.0097702564
-0.0003627317 0.0002814602 -0.0097508333
-0.0004739507 0.0003369470 -0.0097362230
-0.0005973924 0.0003557633 -0.0097278556
-0.0007209734 0.0003360672 -0.0097265502
-0.0008325969 0.0002797866 -0.0097324346
-0.0009213362 0.0001924308 -0.0097449328
-0.0009785050 0.0000825506 -0.0097628213
-0.0009985072 -0.0000390979 -0.0097843491
-0.0009793848 -0.0001606072 -0.0098074090
-0.0009230098 -0.0002700829 -0.0098297436
-0.0008349003 -0.0003568088 -0.0098491667
-0.0007236814 -0.0004122957 -0.0098637770
-0.0006002397 -0.0004311119 -0.0098721444
-0.0004766586 -0.0004114158 -0.0098734498
-0.0003650352 -0.0003551352 -0.0098675654
-0.0002762959 -0.0002677794 -0.0098550672
-0.0002191271 -0.0001578993 -0.0098371787
-0.0001622656 -0.0002109010 -0.0088763744
-0.0001808509 -0.0000890462 -0.0088547431
-0.0002366085 0.0000205922 -0.0088316687
-0.0003240803 0.0001072820 -0.0088094098
-0.0004347041 0.0001625375 -0.0087901452
-0.0005576512 0.0001809498 -0.0087757609
-0.0006808867 0.0001607167 -0.0087676646
-0.0007923475 0.0001038186 -0.0087666491
-0.0008811229 0.0000158252 -0.0087728137
-0.0009385230 -0.0000946501 -0.0087855549
-0.0009589292 -0.0002167933 -0.0088036256
-0.0009403438 -0.0003386480 -0.0088252569
-0.0008845863 -0.0004482864 -0.0088483313
-0.0007971144 -0.0005349763 -0.0088705902
-0.0006864906 -0.0005902318 -0.0088898548
-0.0005635435 -0.0006086441 -0.0089042391
-0.0004403080 -0.0005884110 -0.0089123354
-0.0003288473 -0.0005315129 -0.0089133509
-0.0002400719 -0.0004435195 -0.0089071863
-0.0001826717 -0.0003330442 -0.0088944451
-0.0000754244 -0.0003672869 -0.0079338143
-0.0000937635 -0.0002448430 -0.0079155643
-0.0001491048 -0.0001347203 -0.0078938330
-0.0002360312 -0.0000476985 -0.0078707476
-0.0003460336 0.0000077041 -0.0078485679
-0.0004683442 0.0000260643 -0.0078294650
-0.0005909905 0.0000055850 -0.0078153088
-0.0007019670 -0.0000517293 -0.0078074851
-0.0007904105 -0.0001402683 -0.0078067596
-0.0008476635 -0.0002513650 -0.0078132034
-0.0008681217 -0.0003741446 -0.0078261857
-0.0008497826 -0.0004965886 -0.0078444357
-0.0007944413 -0.0006067112 -0.0078661670
-0.0007075149 -0.0006937330 -0.0078892524
-0.0005975125 -0.0007491356 -0.0079114321
-0.0004752019 -0.0007674959 -0.0079305350
-0.0003525556 -0.0007470165 -0.0079446912
-0.0002415791 -0.0006897022 -0.0079525149
-0.0001531357 -0.0006011633 -0.0079532404
-0.0000958826 -0.0004900666 -0.0079467966
0.0000540803 -0.0004914182 -0.0069863963
0.0000356097 -0.0003683493 -0.0069731750
-0.0000196635 -0.0002575917 -0.0069547485
-0.0001063289 -0.0001699871 -0.0069329206
-0.0002159030 -0.0001141108 -0.0069098280
-0.0003376600 -0.0000954324 -0.0068877310
-0.0004596814 -0.0001157804 -0.0068687928
-0.0005700229 -0.0001731627 -0.0068548671
-0.0006578835 -0.0002619626 -0.0068473170
-0.0007146629 -0.0003734876 -0.0068468817
-0.0007348030 -0.0004968209 -0.0068536037
-0.0007163325 -0.0006198898 -0.0068668250
-0.0006610592 -0.0007306474 -0.0068852515
-0.0005743938 -0.0008182520 -0.0069070794
-0.0004648197 -0.0008741283 -0.0069301720
-0.0003430627 -0.0008928067 -0.0069522690
-0.0002210414 -0.0008724588 -0.0069712072
-0.0001106998 -0.0008150764 -0.0069851329
-0.0000228392 -0.0007262765 -0.0069926830
0.0000339402 -0.0006147515 -0.0069931183
0.0002150589 -0.0005718982 -0.0060329847
0.0001961256 -0.0004483893 -0.0060259856
0.0001405482 -0.0003370702 -0.0060125273
0.0000537671 -0.0002488375 -0.0059939273
-0.0000557230 -0.0001923282 -0.0059720063
-0.0001772044 -0.0001730738 -0.0059489100
-0.0002987858 -0.0001929590 -0.0059268992
-0.0004085658 -0.0002500372 -0.0059081286
-0.0004957984 -0.0003387214 -0.0058944355
-0.0005519448 -0.0004503304 -0.0058871604
-0.0005715088 -0.0005739392 -0.0058870153
-0.0005525755 -0.0006974482 -0.0058940144
-0.0004969981 -0.0008087673 -0.0059074727
-0.0004102170 -0.0008969999 -0.0059260727
-0.0003007269 -0.0009535092 -0.0059479937
-0.0001792455 -0.0009727637 -0.0059710900
-0.0000576641 -0.0009528785 -0.0059931008
0.0000521159 -0.0008958002 -0.0060118714
0.0001393485 -0.0008071161 -0.0060255645
0.0001954949 -0.0006955070 -0.0060328396
0.0003932838 -0.0006010205 -0.0050729847
0.0003737198 -0.0004774117 -0.0050728396
0.0003175735 -0.0003658027 -0.0050655645
0.0002303408 -0.0002771185 -0.0050518714
0.0001205608 -0.0002200402 -0.0050331008
-0.0000010205 -0.0002001551 -0.0050110900
-0.0001225020 -0.0002194095 -0.0049879937
-0.0002319921 -0.0002759188 -0.0049660727
-0.0003187732 -0.0003641514 -0.0049474727
-0.0003743505 -0.0004754705 -0.0049340144
-0.0003932838 -0.0005989795 -0.0049270153
-0.0003737198 -0.0007225883 -0.0049271604
-0.0003175735 -0.0008341973 -0.0049344355
-0.0002303408 -0.0009228815 -0.0049481286
-0.0001205608 -0.0009799598 -0.0049668992
0.0000010205 -0.0009998449 -0.0049889100
0.0001225020 -0.0009805905 -0.0050120063
0.0002319921 -0.0009240812 -0.0050339273
0.0003187732 -0.0008358486 -0.0050525273
0.0003743505 -0.0007245295 -0.0050659856
0.0005726666 -0.0005756201 -0.0041063963
0.0005525265 -0.0004522868 -0.0041131183
0.0004957471 -0.0003407618 -0.0041126830
0.0004078865 -0.0002519619 -0.0041051329
0.0002975450 -0.0001945795 -0.0040912072
0.0001755236 -0.0001742316 -0.0040722690
0.0000537666 -0.0001929100 -0.0040501720
-0.0000558075 -0.0002487862 -0.0040270794
-0.0001424729 -0.0003363909 -0.0040052515
-0.0001977461 -0.0004471485 -0.0039868250
-0.0002162167 -0.0005702173 -0.0039736037
-0.0001960766 -0.0006935507 -0.0039668817
-0.0001392972 -0.0008050757 -0.0039673170
-0.0000514366 -0.0008938755 -0.0039748671
0.0000589049 -0.0009512579 -0.0039887928
0.0001809263 -0.0009716058 -0.0040077310
0.0003026833 -0.0009529275 -0.0040298280
0.0004122574 -0.0008970512 -0.0040529206
0.0004989228 -0.0008094466 -0.0040747485
0.0005541960 -0.0006986890 -0.0040931750
0.0007367100 -0.0004975484 -0.0031338143
0.0007162518 -0.0003747688 -0.0031467966
0.0006589988 -0.0002636720 -0.0031532404
0.0005705553 -0.0001751331 -0.0031525149
0.0004595788 -0.0001178188 -0.0031446912
0.0003369325 -0.0000973394 -0.0031305350
0.0002146219 -0.0001156997 -0.0031114321
0.0001046195 -0.0001711023 -0.0030892524
0.0000176931 -0.0002581241 -0.0030661670
-0.0000376482 -0.0003682467 -0.0030444357
-0.0000559873 -0.0004906907 -0.0030261857
-0.0000355290 -0.0006134703 -0.0030132034
0.0000217240 -0.0007245671 -0.0030067596
0.0001101675 -0.0008131060 -0.0030074851
0.0002211439 -0.0008704203 -0.0030153088
0.0003437902 -0.0008908997 -0.0030294650
0.0004661009 -0.0008725394 -0.0030485679
0.0005761033 -0.0008171368 -0.0030707476
0.0006630296 -0.0007301150 -0.0030938330
0.0007183709 -0.0006199924 -0.0031155643
0.0008701049 -0.0003736619 -0.0021563744
0.0008496987 -0.0002515187 -0.0021744451
0.0007922986 -0.0001410434 -0.0021871863
0.0007035232 -0.0000530500 -0.0021933509
0.0005920624 0.0000038481 -0.0021923354
0.0004688269 0.0000240812 -0.0021842391
0.0003458798 0.0000056689 -0.0021698548
0.0002352560 -0.0000495866 -0.0021505902
0.0001477842 -0.0001362765 -0.0021283313
0.0000920266 -0.0002459149 -0.0021052569
0.0000734413 -0.0003677696 -0.0020836256
0.0000938474 -0.0004899128 -0.0020655549
0.0001512476 -0.0006003881 -0.0020528137
0.0002400230 -0.0006883815 -0.0020466491
0.0003514837 -0.0007452796 -0.0020476646
0.0004747192 -0.0007655127 -0.0020557609
0.0005976663 -0.0007471004 -0.0020701452
0.0007082901 -0.0006918449 -0.0020894098
0.0007957619 -0.0006051551 -0.0021116687
0.0008515195 -0.0004955167 -0.0021347431
0.0009602885 -0.0002152708 -0.0011756509
0.0009402863 -0.0000936222 -0.0011971787
0.0008831175 0.0000162580 -0.0012150672
0.0007943782 0.0001036138 -0.0012275654
0.0006827548 0.0001598944 -0.0012334498
0.0005591737 0.0001795905 -0.0012321444
0.0004357320 0.0001607742 -0.0012237770
0.0003245131 0.0001052874 -0.0012091667
0.0002364036 0.0000185614 -0.0011897436
0.0001800286 -0.0000909143 -0.0011674090
0.0001609062 -0.0002124235 -0.0011443491
0.0001809084 -0.0003340721 -0.0011228213
0.0002380772 -0.0004439522 -0.0011049328
0.0003268165 -0.0005313081 -0.0010924346
0.0004384400 -0.0005875886 -0.0010865502
0.0005620210 -0.0006072847 -0.0010878556
0.0006854627 -0.0005884685 -0.0010962230
0.0007966817 -0.0005329816 -0.0011108333
0.0008847911 -0.0004462557 -0.0011302564
0.0009411662 -0.0003367800 -0.0011525910
0.0009987630 -0.0000370730 -0.0001935146
0.0009793740 0.0000843974 -0.0002165562
0.0009227334 0.0001939186 -0.0002379772
0.0008343854 0.0002807699 -0.0002556807
0.0007229783 0.0003364496 -0.0002679338
0.0005994173 0.0003555075 -0.0002735371
0.0004757975 0.0003360780 -0.0002719420
0.0003642196 0.0002800630 -0.0002633048
0.0002756056 0.0001929457 -0.0002484708
0.0002186297 0.0000832537 -0.0002288922
0.0001988691 -0.0000382756 -0.0002064854
0.0002182581 -0.0001597461 -0.0001834438
0.0002748987 -0.0002692673 -0.0001620228
0.0003632466 -0.0003561185 -0.0001443193
0.0004746537 -0.0004117983 -0.0001320662
0.0005982147 -0.0004308561 -0.0001264629
0.0007218346 -0.0004114266 -0.0001280580
0.0008334125 -0.0003554116 -0.0001366952
0.0009220265 -0.0002682943 -0.0001515292
0.0009790024 -0.0001586023 -0.0001711078
0.0009819880 0.0001443134 0.0007880362
0.0009632051 0.0002659850 0.0007655608
0.0009072030 0.0003755102 0.0007425411
0.0008194636 0.0004621680 0.0007212303
0.0007085755 0.0005174756 0.0007037146
0.0005853931 0.0005360192 0.0006917085
0.0004619744 0.0005159837 0.0006863872
0.0003504005 0.0004593301 0.0006882717
0.0002615930 0.0003716042 0.0006971775
0.0002042450 0.0002613932 0.0007122327
0.0001839701 0.0001394854 0.0007319638
0.0002027530 0.0000178138 0.0007544392
0.0002587551 -0.0000917114 0.0007774589
0.0003464945 -0.0001783692 0.0007987697
0.0004573826 -0.0002336768 0.0008162854
0.0005805650 -0.0002522204 0.0008282915
0.0007039837 -0.0002321849 0.0008336128
0.0008155576 -0.0001755313 0.0008317283
0.0009043651 -0.0000878054 0.0008228225
0.0009617131 0.0000224056 0.0008077673
0.0009117242 0.0003120385 0.0017670562
0.0008933263 0.0004342195 0.0017471759
0.0008378478 0.0005441103 0.0017246354
0.0007507193 0.0006309539 0.0017016411
0.0006404696 0.0006862495 0.0016804439
0.0005178907 0.0007045843 0.0016631188
0.0003949815 0.0006841638 0.0016513616
0.0002837731 0.0006269866 0.0016463232
0.0001951515 0.0005386498 0.0016484968
0.0001377914 0.0004278003 0.0016576696
0.0001173078 0.0003052890 0.0016729438
0.0001357057 0.0001831079 0.0016928241
0.0001911842 0.0000732172 0.0017153646
0.0002783127 -0.0000136264 0.0017383589
0.0003885623 -0.0000689220 0.0017595561
0.0005111412 -0.0000872569 0.0017768812
0.0006340505 -0.0000668363 0.0017886384
0.0007452589 -0.0000096592 0.0017936768
0.0008338805 0.0000786777 0.0017915032
0.0008912405 0.0001895271 0.0017823304
0.0007947873 0.0004507091 0.0027418284
0.0007764175 0.0005735281 0.0027263377
0.0007211628 0.0006840169 0.0027063112
0.0006344321 0.0007713601 0.0026837092
0.0005247150 0.0008270080 0.0026607440
0.0004027515 0.0008455133 0.0026396638
0.0002804802 0.0008250646 0.0026225320
0.0001698699 0.0007676636 0.0026110255
0.0000817479 0.0006789291 0.0026062707
0.0000247401 0.0005675471 0.0026087331
0.0000044270 0.0004444203 0.0026181716
0.0000227968 0.0003216013 0.0026336623
0.0000780514 0.0002111125 0.0026536888
0.0001647822 0.0001237693 0.0026762908
0.0002744992 0.0000681214 0.0026992560
0.0003964627 0.0000496161 0.0027203362
0.0005187340 0.0000700647 0.0027374680
0.0006293443 0.0001274657 0.0027489745
0.0007174663 0.0002162002 0.0027537293
0.0007744741 0.0003275823 0.0027512669
0.0006422661 0.0005478679 0.0037110193
0.0006235575 0.0006712282 0.0037013167
0.0005681479 0.0007823365 0.0036856119
0.0004814613 0.0008703168 0.0036654424
0.0003719830 0.0009265569 0.0036427824
0.0002504296 0.0009455517 0.0036198500
0.0001286997 0.0009254418 0.0035988900
0.0000187089 0.0008681957 0.0035819542
-0.0000687761 0.0007794171 0.0035707003
-0.0001251917 0.0006677962 0.0035662299
-0.0001450154 0.0005442593 0.0035689807
-0.0001263068 0.0004208990 0.0035786833
-0.0000708972 0.0003097907 0.0035943881
0.0000157894 0.0002218104 0.0036145576
0.0001252677 0.0001655703 0.0036372176
0.0002468211 0.0001465755 0.0036601500
0.0003685510 0.0001666854 0.0036811100
0.0004785418 0.0002239315 0.0036980458
0.0005660268 0.0003127101 0.0037092997
0.0006224423 0.0004243310 0.0037137701
0.0004683331 0.0005950962 0.0046737992
0.0004490384 0.0007187101 0.0046707605
0.0003931499 0.0008302407 0.0046607952
0.0003061381 0.0009187706 0.0046448789
0.0001965206 0.0009756340 0.0046245696
0.0000750273 0.0009952645 0.0046018552
-0.0000464490 0.0009757406 0.0045789592
-0.0001560176 0.0009189736 0.0045581228
-0.0002429529 0.0008305200 0.0045413856
-0.0002987452 0.0007190384 0.0045303861
-0.0003179332 0.0005954414 0.0045262008
-0.0002986385 0.0004718275 0.0045292395
-0.0002427500 0.0003602969 0.0045392048
-0.0001557383 0.0002717670 0.0045551211
-0.0000461207 0.0002149037 0.0045754304
0.0000753726 0.0001952732 0.0045981448
0.0001968489 0.0002147970 0.0046210408
0.0003064174 0.0002715641 0.0046418772
0.0003933528 0.0003600176 0.0046586144
0.0004491451 0.0004714992 0.0046696139
0.0002888227 0.0005886500 0.0056299172
0.0002689016 0.0007121403 0.0056338167
0.0002123790 0.0008237470 0.0056304905
0.0001247878 0.0009125451 0.0056202642
0.0000147020 0.0009698427 0.0056041388
-0.0001071024 0.0009900308 0.0055836929
-0.0002287024 0.0009711335 0.0055609277
-0.0003381949 0.0009150005 0.0055380716
-0.0004248620 0.0008271264 0.0055173621
-0.0004802201 0.0007161131 0.0055008263
-0.0004988504 0.0005928272 0.0054900828
-0.0004789292 0.0004693369 0.0054861833
-0.0004224066 0.0003577302 0.0054895095
-0.0003348154 0.0002689321 0.0054997358
-0.0002247296 0.0002116345 0.0055158612
-0.0001029252 0.0001914464 0.0055363071
0.0000186747 0.0002103437 0.0055590723
0.0001281672 0.0002664767 0.0055819284
0.0002148343 0.0003543508 0.0056026379
0.0002701924 0.0004653641 0.0056191737
0.0001197548 0.0005296144 0.0065797237
0.0000993878 0.0006526475 0.0065902094
0.0000422999 0.0007639572 0.0065938225
-0.0000459207 0.0008526475 0.0065902094
-0.0001566384 0.0009100370 0.0065797237
-0.0002790154 0.0009305079 0.0065633918
-0.0004010725 0.0009120564 0.0065428124
-0.0005108620 0.0008564887 0.0065200000
-0.0005976369 0.0007692440 0.0064971876
-0.0006529031 0.0006588626 0.0064766082
-0.0006712506 0.0005361493 0.0064602763
-0.0006508837 0.0004131162 0.0064497906
-0.0005937958 0.0003018066 0.0064461775
-0.0005055752 0.0002131162 0.0064497906
-0.0003948574 0.0001557267 0.0064602763
-0.0002724805 0.0001352558 0.0064766082
-0.0001504233 0.0001537073 0.0064971876
-0.0000406338 0.0002092751 0.0065200000
0.0000461411 0.0002965197 0.0065428124
0.0001014072 0.0004069011 0.0065633918
-0.0000240464 0.0004236283 0.0075241388
-0.0000445212 0.0005460320 0.0075402642
-0.0001019061 0.0006567764 0.0075504905
-0.0001905839 0.0007450209 0.0075538167
-0.0003018742 0.0008021276 0.0075499172
-0.0004248831 0.0008225066 0.0075391737
-0.0005475696 0.0008041629 0.0075226379
-0.0006579244 0.0007488922 0.0075019284
-0.0007451452 0.0006621047 0.0074790723
-0.0008006940 0.0005522959 0.0074563071
-0.0008191336 0.0004302145 0.0074358612
-0.0007986588 0.0003078108 0.0074197358
-0.0007412739 0.0001970665 0.0074095095
-0.0006525961 0.0001088219 0.0074061833
-0.0005413058 0.0000517152 0.0074100828
-0.0004182969 0.0000313362 0.0074208263
-0.0002956103 0.0000496799 0.0074373621
-0.0001852555 0.0001049506 0.0074580716
-0.0000980348 0.0001917381 0.0074809277
-0.0000424859 0.0003015469 0.0075036929
-0.0001301359 0.0002802659 0.0084645696
-0.0001503424 0.0004020901 0.0084848789
-0.0002076513 0.0005122004 0.0085007952
-0.0002964527 0.0005998184 0.0085107605
-0.0004080541 0.0006563675 0.0085137992
-0.0005315312 0.0006763123 0.0085096139
-0.0006547973 0.0006577003 0.0084986144
-0.0007657861 0.0006023535 0.0084818772
-0.0008536333 0.0005156897 0.0084610408
-0.0009097399 0.0004061920 0.0084381448
-0.0009286136 0.0002845789 0.0084154304
-0.0009084071 0.0001627546 0.0083951211
-0.0008510982 0.0000526443 0.0083792048
-0.0007622968 -0.0000349737 0.0083692395
-0.0006506954 -0.0000915228 0.0083662008
-0.0005272182 -0.0001114675 0.0083703861
-0.0004039522 -0.0000928556 0.0083813856
-0.0002929634 -0.0000375088 0.0083981228
-0.0002051161 0.0000491550 0.0084189592
-0.0001490096 0.0001586527 0.0084418552
-0.0001893821 0.0001121700 0.0094027824
-0.0002090390 0.0002336692 0.0094254424
-0.0002659256 0.0003433005 0.0094456119
-0.0003544734 0.0004303324 0.0094613167
-0.0004660147 0.0004862458 0.0094710193
-0.0005896311 0.0005055673 0.0094737701
-0.0007132223 0.0004864057 0.0094692997
-0.0008246901 0.0004306367 0.0094580458
-0.0009131234 0.0003437192 0.0094411100
-0.0009698656 0.0002341614 0.0094201500
-0.0009893626 0.0001126876 0.0093972176
-0.0009697057 -0.0000088116 0.0093745576
-0.0009128191 -0.0001184429 0.0093543881
-0.0008242713 -0.0002054749 0.0093386833
-0.0007127300 -0.0002613882 0.0093289807
-0.0005891136 -0.0002807098 0.0093262299
-0.0004655224 -0.0002615482 0.0093307003
-0.0003540546 -0.0002057791 0.0093419542
-0.0002656213 -0.0001188616 0.0093588900
-0.0002088791 -0.0000093038 0.0093798500
-0.0001966343 -0.0000659836 0.0103407440
-0.0002156541 0.0000555597 0.0103637092
-0.0002719212 0.0001650361 0.0103863112
-0.0003599277 0.0002517293 0.0104063377
-0.0004710589 0.0003071532 0.0104218284
-0.0005944365 0.0003258825 0.0104312669
-0.0007179835 0.0003060838 0.0104337293
-0.0008296063 0.0002496952 0.0104289745
-0.0009183783 0.0001622365 0.0104174680
-0.0009756101 0.0000522685 0.0104003362
-0.0009956993 -0.0000694441 0.0103792560
-0.0009766794 -0.0001909873 0.0103562908
-0.0009204124 -0.0003004637 0.0103336888
-0.0008324059 -0.0003871569 0.0103136623
-0.0007212747 -0.0004425808 0.0102981716
-0.0005978970 -0.0004613101 0.0102887331
-0.0004743500 -0.0004415115 0.0102862707
-0.0003627273 -0.0003851229 0.0102910255
-0.0002739552 -0.0002976641 0.0103025320
-0.0002167235 -0.0001876962 0.0103196638
-0.0001511175 -0.0002386352 0.0112804439
-0.0001696377 -0.0001166943 0.0113016411
-0.0002253067 -0.0000069940 0.0113246354
-0.0003126752 0.0000797272 0.0113471759
-0.0004231910 0.0001349807 0.0113670562
-0.0005460361 0.0001533577 0.0113823304
-0.0006691854 0.0001330594 0.0113915032
-0.0007805843 0.0000760728 0.0113936768
-0.0008693283 -0.0000120239 0.0113886384
-0.0009267304 -0.0001226072 0.0113768812
-0.0009471719 -0.0002448525 0.0113595561
-0.0009286517 -0.0003667934 0.0113383589
-0.0008729827 -0.0004764937 0.0113153646
-0.0007856142 -0.0005632150 0.0112928241
-0.0006750984 -0.0006184684 0.0112729438
-0.0005522533 -0.0006368454 0.0112576696
-0.0004291040 -0.0006165472 0.0112484968
-0.0003177051 -0.0005595605 0.0112463232
-0.0002289611 -0.0004714638 0.0112513616
-0.0001715590 -0.0003608805 0.0112631188
-0.0000565452 -0.0003905616 0.0122237146
-0.0000748796 -0.0002680097 0.0122412303
-0.0001301830 -0.0001577859 0.0122625411
-0.0002170421 -0.0000706796 0.0122855608
-0.0003269544 -0.0000152174 0.0123080362
-0.0004491610 0.0000031717 0.0123277673
-0.0005716993 -0.0000173124 0.0123428225
-0.0006825746 -0.0000746646 0.0123517283
-0.0007709336 -0.0001632708 0.0123536128
-0.0008281270 -0.0002744576 0.0123482915
-0.0008485565 -0.0003973413 0.0123362854
-0.0008302221 -0.0005198932 0.0123187697
-0.0007749186 -0.0006301170 0.0122974589
-0.0006880596 -0.0007172233 0.0122744392
-0.0005781473 -0.0007726855 0.0122519638
-0.0004559407 -0.0007910746 0.0122322327
-0.0003334023 -0.0007705905 0.0122171775
-0.0002225270 -0.0007132383 0.0122082717
-0.0001341681 -0.0006246321 0.0122063872
-0.0000769746 -0.0005134453 0.0122117085
0.0000790765 -0.0005081220 0.0131720662
0.0000605486 -0.0003849615 0.0131843193
0.0000052492 -0.0002740991 0.0132020228
-0.0000814088 -0.0001863868 0.0132234438
-0.0001909425 -0.0001304103 0.0132464854
-0.0003126301 -0.0001116492 0.0132688922
-0.0004345599 -0.0001319398 0.0132884708
-0.0005447966 -0.0001892960 0.0133033048
-0.0006325495 -0.0002781033 0.0133119420
-0.0006892287 -0.0003896687 0.0133135371
-0.0007092860 -0.0005130714 0.0133079338
-0.0006907582 -0.0006362318 0.0132956807
-0.0006354587 -0.0007470942 0.0132779772
-0.0005488008 -0.0008348066 0.0132565562
-0.0004392671 -0.0008907830 0.0132335146
-0.0003175795 -0.0009095442 0.0132111078
-0.0001956496 -0.0008892536 0.0131915292
-0.0000854129 -0.0008318974 0.0131766952
0.0000023400 -0.0007430901 0.0131680580
0.0000590192 -0.0006315247 0.0131664629
0.0002439841 -0.0005804638 0.0141265502
0.0002249516 -0.0004569119 0.0141324346
0.0001692932 -0.0003455214 0.0141449328
0.0000824571 -0.0002571958 0.0141628213
-0.0000270565 -0.0002005811 0.0141843491
-0.0001485278 -0.0001812191 0.0142074090
-0.0002700662 -0.0002010051 0.0142297436
-0.0003797748 -0.0002580024 0.0142491667
-0.0004669145 -0.0003466316 0.0142637770
-0.0005229554 -0.0004582170 0.0142721444
-0.0005424119 -0.0005818360 0.0142734498
-0.0005233795 -0.0007053879 0.0142675654
-0.0004677211 -0.0008167784 0.0142550672
-0.0003808850 -0.0009051040 0.0142371787
-0.0002713713 -0.0009617187 0.0142156509
-0.0001499001 -0.0009810807 0.0141925910
-0.0000283616 -0.0009612947 0.0141702564
0.0000813470 -0.0009042974 0.0141508333
0.0001684866 -0.0008156682 0.0141362230
0.0002245276 -0.0007040828 0.0141278556
0.0004235494 -0.0006005868 0.0150876646
0.0004038794 -0.0004769989 0.0150866491
0.0003476258 -0.0003653770 0.0150928137
0.0002602952 -0.0002766474 0.0151055549
0.0001504360 -0.0002194957 0.0151236256
0.0000288020 -0.0001995162 0.0151452569
-0.0000927004 -0.0002186647 0.0151683313
-0.0002021776 -0.0002750667 0.0151905902
-0.0002889133 -0.0003632013 0.0152098548
-0.0003444172 -0.0004744413 0.0152242391
-0.0003632562 -0.0005978976 0.0152323354
-0.0003435862 -0.0007214855 0.0152333509
-0.0002873326 -0.0008331074 0.0152271863
-0.0002000020 -0.0009218369 0.0152144451
-0.0000901428 -0.0009789886 0.0151963744
0.0000314912 -0.0009989681 0.0151747431
0.0001529935 -0.0009798196 0.0151516687
0.0002624708 -0.0009234176 0.0151294098
0.0003492065 -0.0008352830 0.0151101452
0.0004047104 -0.0007240431 0.0150957609
0.0006015093 -0.0005661411 0.0160553088
0.0005812937 -0.0004428851 0.0160474851
0.0005244187 -0.0003314103 0.0160467596
0.0004364516 -0.0002426287 0.0160532034
0.0003260032 -0.0001852308 0.0160661857
0.0002038850 -0.0001648350 0.0160844357
0.0000820507 -0.0001834380 0.0161061670
-0.0000275737 -0.0002392186 0.0161292524
-0.0001142573 -0.0003267168 0.0161514321
-0.0001695150 -0.0004373675 0.0161705350
-0.0001879377 -0.0005603395 0.0161846912
-0.0001677222 -0.0006835955 0.0161925149
-0.0001108472 -0.0007950703 0.0161932404
-0.0000228801 -0.0008838519 0.0161867966
0.0000875683 -0.0009412499 0.0161738143
0.0002096865 -0.0009616456 0.0161555643
0.0003315208 -0.0009430426 0.0161338330
0.0004411452 -0.0008872620 0.0161107476
0.0005278288 -0.0007997638 0.0160885679
0.0005830865 -0.0006891131 0.0160694650
0.0007614521 -0.0004798274 0.0170287928
0.0007409756 -0.0003571543 0.0170148671
0.0006836723 -0.0002461531 0.0170073170
0.0005951515 -0.0001576896 0.0170068817
0.0004840782 -0.0001004232 0.0170136037
0.0003613250 -0.0000799593 0.0170268250
0.0002389079 -0.0000983013 0.0170452515
0.0001288099 -0.0001536537 0.0170670794
0.0000418081 -0.0002405982 0.0170901720
-0.0000135810 -0.0003506240 0.0171122690
-0.0000319357 -0.0004729611 0.0171312072
-0.0000114592 -0.0005956342 0.0171451329
0.0000458441 -0.0007066353 0.0171526830
0.0001343649 -0.0007950988 0.0171531183
0.0002454382 -0.0008523653 0.0171463963
0.0003681913 -0.0008728291 0.0171331750
0.0004906085 -0.0008544871 0.0171147485
0.0006007065 -0.0007991348 0.0170929206
0.0006877082 -0.0007121903 0.0170698280
0.0007430974 -0.0006021645 0.0170477310
0.0008884221 -0.0003492975 0.0180068992
0.0008680613 -0.0002272523 0.0179881286
0.0008106741 -0.0001168843 0.0179744355
0.0007218777 -0.0000289968 0.0179671604
0.0006103644 0.0000278069 0.0179670153
0.0004870497 0.0000479666 0.0179740144
0.0003640046 0.0000295089 0.0179874727
0.0002532735 -0.0000257595 0.0180060727
0.0001656957 -0.0001124284 0.0180279937
0.0001098438 -0.0002220142 0.0180510900
0.0000911850 -0.0003437898 0.0180731008
0.0001115458 -0.0004658349 0.0180918714
0.0001689330 -0.0005762030 0.0181055645
0.0002577294 -0.0006640904 0.0181128396
0.0003692427 -0.0007208941 0.0181129847
0.0004925574 -0.0007410538 0.0181059856
0.0006156025 -0.0007225961 0.0180925273
0.0007263336 -0.0006673278 0.0180739273
0.0008139114 -0.0005806588 0.0180520063
0.0008697633 -0.0004710731 0.0180289100
0.0009704522 -0.0001865128 0.0189879937
0.0009505429 -0.0000649192 0.0189660727
0.0008934456 0.0000448799 0.0189474727
0.0008047491 0.0001321366 0.0189340144
0.0006931359 0.0001883096 0.0189270153
0.0005695313 0.0002079003 0.0189271604
0.0004460346 0.0001889911 0.0189344355
0.0003347346 0.0001334328 0.0189481286
0.0002465260 0.0000466640 0.0189668992
0.0001900434 -0.0000628219 0.0189889100
0.0001708157 -0.0001843076 0.0190120063
0.0001907249 -0.0003059012 0.0190339273
0.0002478223 -0.0004157003 0.0190525273
0.0003365187 -0.0005029570 0.0190659856
0.0004481319 -0.0005591300 0.0190729847
0.0005717365 -0.0005787207 0.0190728396
0.0006952332 -0.0005598115 0.0190655645
0.0008065332 -0.0005042532 0.0190518714
0.0008947418 -0.0004174844 0.0190331008
0.0009512244 -0.0003079985 0.0190110900
0.0009998222 -0.0000066019 0.0199701720
0.0009805409 0.0001148760 0.0199470794
0.0009240051 0.0002243710 0.0199252515
0.0008357487 0.0003111650 0.0199068250
0.0007244110 0.0003667619 0.0198936037
0.0006008904 0.0003857196 0.0198868817
0.0004772780 0.0003661824 0.0198873170
0.0003656739 0.0003100626 0.0198948671
0.0002770026 0.0002228537 0.0199087928
0.0002199439 0.0001130923 0.0199277310
0.0002000831 -0.0000084774 0.0199498280
0.0002193643 -0.0001299553 0.0199729206
0.0002759002 -0.0002394503 0.0199947485
0.0009799614 -0.0001281716 0.0199922690
