-0.00099288260457 -0.000119097160095 -0.019848
-0.000908537347938 -0.000417803646947 -0.0194512
-0.000736663887029 -0.000676259060972 -0.0190544
-0.000493820457375 -0.000869563888324 -0.0186576
-0.000203402519125 -0.000979095202324 -0.0182608
0.000106611154275 -0.000994300790397 -0.017864
0.000406353942378 -0.000913715750939 -0.0174672
0.000666948718615 -0.000745103621477 -0.0170704
0.000863289863653 -0.000504708441889 -0.0166736
0.000976461932915 -0.000215689808679 -0.0162768
0.000995561964603 9.41083133185e-05 -0.01588
0.000918749867631 0.00039484006981 -0.0154832
0.000753425695426 0.000657533057323 -0.0150864
0.00051551672709 0.000856879515504 -0.0146896
0.000227943038312 0.000973674468847 -0.0142928
-8.15906115682e-05 0.000996665928034 -0.013896
-0.000383263847419 0.000923638903069 -0.0134992
-0.000648013563939 0.000761628794723 -0.0131024
-0.000850333856146 0.000526243606224 -0.0127056
-0.000970733250294 0.000240160273097 -0.0123088
-0.000997612506361 -6.90600257144e-05 -0.011912
-0.000928382085216 -0.000371627103223 -0.0115152
-0.000769711624004 -0.000638391741701 -0.0111184
-0.000536887385391 -0.000843653919216 -0.0107216
-0.000252339583791 -0.000967638741707 -0.0103248
5.6518534482e-05 -0.000998401550109 -0.009928
0.000359931674799 -0.00093297866507 -0.0095312
0.000628669110007 -0.000777672906898 -0.0091344
0.000836840759551 -0.000547446383817 -0.0087376
0.000964391431746 -0.000264479047139 -0.0083408
0.000999032934678 4.39681183179e-05 -0.007944
0.000937427916778 0.000348179408991 -0.0075472
0.000785511386224 0.000618847204173 -0.0071504
0.000557918934112 0.00082989545303 -0.0067536
0.00027657674618 0.000960991833198 -0.0063568
-3.14107590781e-05 0.000999506560366 -0.00596
-0.000336372161619 0.00094172913775 -0.0055632
-0.000608927575191 0.000793225824196 -0.0051664
-0.000822819096396 0.00056830338254 -0.0047696
-0.000957440482899 0.000288630770546 -0.0043728
-0.000999822352381 -1.88484397154e-05 -0.003976
-0.000945881648775 -0.000324511797183 -0.0035792
-0.000800815002616 -0.000598911789486 -0.0031824
-0.000578598089276 -0.000815612807088 -0.0027856
-0.000300639216768 -0.000953737941649 -0.0023888
6.28314396556e-06 -0.000999980260856 -0.001992
0.000312600188572 -0.000949884794122 -0.0015952
0.000588801428667 -0.000808277723063 -0.0011984
0.000808277723063 -0.000588801428667 -0.0008016
0.000949884794122 -0.000312600188572 -0.0004048
0.000999980260856 -6.28314396557e-06 -8.00000000001e-06
0.000953737941649 0.000300639216768 0.0003888
0.000815612807088 0.000578598089276 0.0007856
0.000598911789486 0.000800815002616 0.0011824
0.000324511797183 0.000945881648775 0.0015792
1.88484397154e-05 0.000999822352381 0.001976
-0.000288630770546 0.000957440482899 0.0023728
-0.00056830338254 0.000822819096396 0.0027696
-0.000793225824196 0.000608927575191 0.0031664
-0.00094172913775 0.000336372161619 0.0035632
-0.000999506560366 3.14107590781e-05 0.00396
-0.000960991833198 -0.00027657674618 0.0043568
-0.00082989545303 -0.000557918934112 0.0047536
-0.000618847204173 -0.000785511386224 0.0051504
-0.000348179408991 -0.000937427916778 0.0055472
-4.39681183179e-05 -0.000999032934678 0.005944
0.000264479047139 -0.000964391431746 0.0063408
0.000547446383817 -0.000836840759551 0.0067376
0.000777672906898 -0.000628669110007 0.0071344
0.00093297866507 -0.000359931674799 0.0075312
0.000998401550109 -5.6518534482e-05 0.007928
0.000967638741707 0.000252339583791 0.0083248
0.000843653919216 0.000536887385391 0.0087216
0.000638391741701 0.000769711624004 0.0091184
0.000371627103223 0.000928382085216 0.0095152
6.90600257144e-05 0.000997612506361 0.009912
-0.000240160273097 0.000970733250294 0.0103088
-0.000526243606224 0.000850333856146 0.0107056
-0.000761628794723 0.000648013563939 0.0111024
-0.000923638903069 0.000383263847419 0.0114992
-0.000996665928034 8.15906115682e-05 0.011896
-0.000973674468847 -0.000227943038312 0.0122928
-0.000856879515504 -0.00051551672709 0.0126896
-0.000657533057323 -0.000753425695426 0.0130864
-0.00039484006981 -0.000918749867631 0.0134832
-9.41083133185e-05 -0.000995561964603 0.01388
0.000215689808679 -0.000976461932915 0.0142768
0.000504708441889 -0.000863289863653 0.0146736
0.000745103621477 -0.000666948718615 0.0150704
0.000913715750939 -0.000406353942378 0.0154672
0.000994300790397 -0.000106611154275 0.015864
0.000979095202324 0.000203402519125 0.0162608
0.000869563888324 0.000493820457375 0.0166576
0.000676259060972 0.000736663887029 0.0170544
0.000417803646947 0.000908537347938 0.0174512
0.000119097160095 0.00099288260457 0.017848
-0.000191083109955 0.00098157386125 0.0182448
-0.000482854492886 0.000875700598778 0.0186416
-0.000728107824814 0.000685462614185 0.0190384
-0.000903215476357 0.000429187375477 0.0194352
-0.00099130763107 0.000131564359092 0.019832
