-0.000441003381358 0.000406836598195 -0.0194230769231
-0.000542070260766 0.000257215536842 -0.0188461538462
-0.000594048196777 8.43014822311e-05 -0.0182692307692
-0.000592230157583 -9.62467685147e-05 -0.0176923076923
-0.000536780781663 -0.000268079078701 -0.0171153846154
-0.000432721468406 -0.000415634612106 -0.0165384615385
-0.000289475648884 -0.00052555099534 -0.0159615384615
-0.000120015416266 -0.000587874391225 -0.0153846153846
6.03132044613e-05 -0.000596960901038 -0.0148076923077
0.000235179965916 -0.000551987666195 -0.0142307692308
0.000388749237228 -0.000457027384906 -0.0136538461538
0.000507114051326 -0.000320679495677 -0.0130769230769
0.000579555495773 -0.000155291427062 -0.0125
0.000599513398903 2.41595640656e-05 -0.0119230769231
0.000565180407595 0.00020142270694 -0.0113461538462
0.000479665658042 0.000360445358543 -0.0107692307692
0.000350713217766 0.000486826703134 -0.0101923076923
0.000190000796281 0.000569121865168 -0.00961538461538
1.20822319593e-05 0.000599878337391 -0.00903846153846
-0.00016693047835 0.000576310866979 -0.00846153846154
-0.000330826253833 0.00050055368321 -0.00788461538462
-0.000464762977097 0.000379467225357 -0.00730769230769
-0.000556611570596 0.0002240168732 -0.00673076923077
-0.000598054384881 4.827994123e-05 -0.00615384615385
-0.000585338430508 -0.000131829138547 -0.00557692307692
-0.000519615242271 -0.0003 -0.005
-0.000406836598195 -0.000441003381358 -0.00442307692308
-0.000257215536842 -0.000542070260766 -0.00384615384615
-8.43014822311e-05 -0.000594048196777 -0.00326923076923
9.62467685147e-05 -0.000592230157583 -0.00269230769231
0.000268079078701 -0.000536780781663 -0.00211538461538
0.000415634612106 -0.000432721468406 -0.00153846153846
0.00052555099534 -0.000289475648884 -0.000961538461538
0.000587874391225 -0.000120015416266 -0.000384615384615
0.000596960901038 6.03132044613e-05 0.000192307692308
0.000551987666195 0.000235179965916 0.000769230769231
0.000457027384906 0.000388749237228 0.00134615384615
0.000320679495677 0.000507114051326 0.00192307692308
0.000155291427062 0.000579555495773 0.0025
-2.41595640656e-05 0.000599513398903 0.00307692307692
-0.00020142270694 0.000565180407595 0.00365384615385
-0.000360445358543 0.000479665658042 0.00423076923077
-0.000486826703134 0.000350713217766 0.00480769230769
-0.000569121865168 0.000190000796281 0.00538461538462
-0.000599878337391 1.20822319593e-05 0.00596153846154
-0.000576310866979 -0.00016693047835 0.00653846153846
-0.00050055368321 -0.000330826253833 0.00711538461538
-0.000379467225357 -0.000464762977097 0.00769230769231
-0.0002240168732 -0.000556611570596 0.00826923076923
-4.827994123e-05 -0.000598054384881 0.00884615384615
0.000131829138547 -0.000585338430508 0.00942307692308
0.0003 -0.000519615242271 0.01
0.000441003381358 -0.000406836598195 0.0105769230769
0.000542070260766 -0.000257215536842 0.0111538461538
0.000594048196777 -8.43014822311e-05 0.0117307692308
0.000592230157583 9.62467685147e-05 0.0123076923077
0.000536780781663 0.000268079078701 0.0128846153846
0.000432721468406 0.000415634612106 0.0134615384615
0.000289475648884 0.00052555099534 0.0140384615385
0.000120015416266 0.000587874391225 0.0146153846154
-6.03132044613e-05 0.000596960901038 0.0151923076923
-0.000235179965916 0.000551987666195 0.0157692307692
-0.000388749237228 0.000457027384906 0.0163461538462
-0.000507114051326 0.000320679495677 0.0169230769231
-0.000579555495773 0.000155291427062 0.0175
-0.000599513398903 -2.41595640656e-05 0.0180769230769
-0.000565180407595 -0.00020142270694 0.0186538461538
-0.000479665658042 -0.000360445358543 0.0192307692308
-0.000350713217766 -0.000486826703134 0.0198076923077
