0.000982287250729 0.000187381314586 -0.0194
0.000882291226435 0.000470703932165 -0.01844
0.000702649969799 0.000711535677209 -0.01748
0.000459579860621 0.000888136448814 -0.01652
0.000175023058975 0.000984564334529 -0.01556
-0.000125333233564 0.000992114701314 -0.0146
-0.000414375580993 0.000910105970685 -0.01364
-0.000666011867434 0.000745941145424 -0.01268
-0.000857526656194 0.000514439533782 -0.01172
-0.000971631732915 0.000236498997024 -0.01076
-0.000998026728428 -6.27905195293e-05 -0.0098
-0.000934328942457 -0.000356411878713 -0.00884
-0.000786288432137 -0.00061785961309 -0.00788
-0.000567268949127 -0.000823532597628 -0.00692
-0.000297041581577 -0.000954864544747 -0.00596
6.12323399574e-20 -0.001 -0.005
0.000297041581577 -0.000954864544747 -0.00404
0.000567268949127 -0.000823532597628 -0.00308
0.000786288432137 -0.00061785961309 -0.00212
0.000934328942457 -0.000356411878713 -0.00116
0.000998026728428 -6.27905195293e-05 -0.0002
0.000971631732915 0.000236498997024 0.00076
0.000857526656194 0.000514439533782 0.00172
0.000666011867434 0.000745941145424 0.00268
0.000414375580993 0.000910105970685 0.00364
0.000125333233564 0.000992114701314 0.0046
-0.000175023058975 0.000984564334529 0.00556
-0.000459579860621 0.000888136448814 0.00652
-0.000702649969799 0.000711535677209 0.00748
-0.000882291226435 0.000470703932165 0.00844
-0.000982287250729 0.000187381314586 0.0094
-0.00099361131052 -0.000112856384873 0.01036
-0.000915241172621 -0.000402906435714 0.01132
-0.000754251380736 -0.000656585755753 0.01228
-0.000525174629961 -0.000850994481795 0.01324
-0.000248689887165 -0.000968583161129 0.0142
5.02443181798e-05 -0.000998736956606 0.01516
0.000344642923175 -0.000938733857654 0.01612
0.000607930297695 -0.000793990398648 0.01708
0.000816339250717 -0.000577572703422 0.01804
0.000951056516295 -0.000309016994375 0.019
0.000999921044204 -1.25660398834e-05 0.01996
