0.000392914900291 7.49525258343e-05 -0.0194
0.000352916490574 0.000188281572866 -0.01844
0.00028105998792 0.000284614270884 -0.01748
0.000183831944249 0.000355254579525 -0.01652
7.00092235901e-05 0.000393825733812 -0.01556
-5.01332934257e-05 0.000396845880526 -0.0146
-0.000165750232397 0.000364042388274 -0.01364
-0.000266404746974 0.00029837645817 -0.01268
-0.000343010662477 0.000205775813513 -0.01172
-0.000388652693166 9.45995988095e-05 -0.01076
-0.000399210691371 -2.51162078117e-05 -0.0098
-0.000373731576983 -0.000142564751485 -0.00884
-0.000314515372855 -0.000247143845236 -0.00788
-0.000226907579651 -0.000329413039051 -0.00692
-0.000118816632631 -0.000381945817899 -0.00596
2.44929359829e-20 -0.0004 -0.005
0.000118816632631 -0.000381945817899 -0.00404
0.000226907579651 -0.000329413039051 -0.00308
0.000314515372855 -0.000247143845236 -0.00212
0.000373731576983 -0.000142564751485 -0.00116
0.000399210691371 -2.51162078117e-05 -0.0002
0.000388652693166 9.45995988095e-05 0.00076
0.000343010662477 0.000205775813513 0.00172
0.000266404746974 0.00029837645817 0.00268
0.000165750232397 0.000364042388274 0.00364
5.01332934257e-05 0.000396845880526 0.0046
-7.00092235901e-05 0.000393825733812 0.00556
-0.000183831944249 0.000355254579525 0.00652
-0.00028105998792 0.000284614270884 0.00748
-0.000352916490574 0.000188281572866 0.00844
-0.000392914900291 7.49525258343e-05 0.0094
-0.000397444524208 -4.51425539494e-05 0.01036
-0.000366096469048 -0.000161162574285 0.01132
-0.000301700552294 -0.000262634302301 0.01228
-0.000210069851985 -0.000340397792718 0.01324
-9.94759548659e-05 -0.000387433264451 0.0142
2.00977272719e-05 -0.000399494782642 0.01516
0.00013785716927 -0.000375493543062 0.01612
0.000243172119078 -0.000317596159459 0.01708
0.000326535700287 -0.000231029081369 0.01804
0.000380422606518 -0.00012360679775 0.019
0.000399968417682 -5.02641595334e-06 0.01996
