0.0004428720 0.0000750741 -0.0193979329
0.0003429578 0.0000748310 -0.0194020671
0.0004027781 0.0001884672 -0.0184362865
0.0003030549 0.0001880960 -0.0184437135
0.0003308065 0.0002847984 -0.0174749753
0.0002313134 0.0002844301 -0.0174850247
0.0002334846 0.0003553723 -0.0165141176
0.0001341793 0.0003551369 -0.0165258824
0.0001196222 0.0003938355 -0.0155537910
0.0000203962 0.0003938160 -0.0155662090
-0.0000004917 0.0003967442 -0.0145940249
-0.0000997749 0.0003969476 -0.0146059751
-0.0001160219 0.0003638652 -0.0136347982
-0.0002154786 0.0003642196 -0.0136452018
-0.0002165621 0.0002981863 -0.0126760410
-0.0003162474 0.0002985667 -0.0126839590
-0.0002930665 0.0002056398 -0.0117176412
-0.0003929548 0.0002059119 -0.0117223588
-0.0003386557 0.0000945657 -0.0107594544
-0.0004386497 0.0000946335 -0.0107605456
-0.0003492281 -0.0000250360 -0.0098013168
-0.0004491933 -0.0000251964 -0.0097986832
-0.0003238256 -0.0001423987 -0.0088430603
-0.0004236376 -0.0001427308 -0.0088369397
-0.0002647212 -0.0002469506 -0.0078845276
-0.0003643096 -0.0002473371 -0.0078754724
-0.0001772208 -0.0003292608 -0.0069255861
-0.0002765943 -0.0003295653 -0.0069144139
-0.0000691951 -0.0003818883 -0.0059661404
-0.0001684381 -0.0003820033 -0.0059538596
0.0000496215 -0.0004000575 -0.0050061404
-0.0000496215 -0.0003999425 -0.0049938596
0.0001685034 -0.0003820981 -0.0040455861
0.0000691299 -0.0003817936 -0.0040344139
0.0002767018 -0.0003296063 -0.0030845276
0.0001771134 -0.0003292198 -0.0030754724
0.0003644214 -0.0002473099 -0.0021230603
0.0002646094 -0.0002469778 -0.0021169397
0.0004237142 -0.0001426450 -0.0011613168
0.0003237490 -0.0001424845 -0.0011586832
0.0004492077 -0.0000250823 -0.0001994544
0.0003492137 -0.0000251501 -0.0002005456
0.0004385968 0.0000947357 0.0007623588
0.0003387085 0.0000944635 0.0007576412
0.0003928533 0.0002059660 0.0017239590
0.0002931680 0.0002055856 0.0017160410
0.0003161331 0.0002985537 0.0026852018
0.0002166764 0.0002981992 0.0026747982
0.0002153918 0.0003641441 0.0036459751
0.0001161086 0.0003639407 0.0036340249
0.0000997463 0.0003968362 0.0046062090
0.0000005203 0.0003968556 0.0045937910
-0.0000203566 0.0003937080 0.0055658824
-0.0001196619 0.0003939434 0.0055541176
-0.0001340854 0.0003550704 0.0065250247
-0.0002335785 0.0003554387 0.0065149753
-0.0002311984 0.0002844287 0.0074837135
-0.0003309215 0.0002847999 0.0074762865
-0.0003029594 0.0001881600 0.0084420671
-0.0004028736 0.0001884031 0.0084379329
-0.0003429155 0.0000749379 0.0094002341
-0.0004429144 0.0000749671 0.0093997659
-0.0003474709 -0.0000450450 0.0103583799
-0.0004474182 -0.0000452401 0.0103616201
-0.0003162077 -0.0001609874 0.0113166720
-0.0004159853 -0.0001613378 0.0113233280
-0.0002519257 -0.0002624433 0.0122752645
-0.0003514754 -0.0002628254 0.0122847355
-0.0001603978 -0.0003402583 0.0132342845
-0.0002597419 -0.0003405373 0.0132457155
-0.0000498593 -0.0003873946 0.0141938204
-0.0001490926 -0.0003874719 0.0142061796
0.0000697259 -0.0003995706 0.0151539142
-0.0000295305 -0.0003994190 0.0151660858
0.0001875598 -0.0003756570 0.0161145573
0.0000881545 -0.0003753301 0.0161254427
0.0002929858 -0.0003177896 0.0170756918
0.0001933584 -0.0003174027 0.0170843082
0.0003764578 -0.0002311843 0.0180372151
0.0002766136 -0.0002308739 0.0180427849
0.0004304124 -0.0001236689 0.0189989899
0.0003304328 -0.0001235447 0.0190010101
0.0004499611 -0.0000049736 0.0199608558
0.0003499758 -0.0000050793 0.0199591442
0.0005427862 0.0000753171 -0.0193937987
0.0004866432 0.0001916469 -0.0194098707
0.0003599209 0.0002201034 -0.0194185099
0.0002580437 0.0001392583 -0.0194132108
0.0002577273 0.0000099897 -0.0193979637
0.0003592099 -0.0000703606 -0.0193842499
0.0004860731 -0.0000412872 -0.0193823963
0.0005025012 0.0001888384 -0.0184288594
0.0004466163 0.0003053199 -0.0184447309
0.0003201736 0.0003336691 -0.0184570400
0.0002183869 0.0002525386 -0.0184565176
0.0002179038 0.0001230212 -0.0184435571
0.0003190879 0.0000426462 -0.0184279181
0.0004457457 0.0000719376 -0.0184213770
0.0004302996 0.0002851667 -0.0174649258
0.0003745413 0.0004019196 -0.0174791640
0.0002483897 0.0004303392 -0.0174940318
0.0001468394 0.0003490249 -0.0174983333
0.0001463600 0.0002192081 -0.0174888295
0.0002473124 0.0001386435 -0.0174726769
0.0003736774 0.0001679978 -0.0174620387
0.0003327898 0.0003556077 -0.0165023529
0.0002769818 0.0004726559 -0.0165136726
0.0001510300 0.0005012985 -0.0165297570
0.0000497787 0.0004199671 -0.0165384941
0.0000494723 0.0002899058 -0.0165333048
0.0001503414 0.0002090535 -0.0165180967
0.0002764296 0.0002382936 -0.0165043218
0.0002188482 0.0003938549 -0.0155413731
0.0001628316 0.0005111181 -0.0155487524
0.0000369179 0.0005400577 -0.0155646014
-0.0000640774 0.0004588817 -0.0155769854
-0.0000641027 0.0003287172 -0.0155765791
0.0000368610 0.0002475808 -0.0155636884
0.0001627860 0.0002765698 -0.0155480202
0.0000987915 0.0003965408 -0.0145820748
0.0000424813 0.0005138627 -0.0145848475
-0.0000835696 0.0005430686 -0.0145990304
-0.0001844423 0.0004621657 -0.0146139434
-0.0001841775 0.0003320757 -0.0146183567
-0.0000829748 0.0002507590 -0.0146089471
0.0000429583 0.0002794486 -0.0145928001
-0.0000165652 0.0003635107 -0.0136243945
-0.0000731505 0.0004807145 -0.0136223105
-0.0001994654 0.0005100617 -0.0136335470
-0.0003003920 0.0004294535 -0.0136496427
-0.0002999307 0.0002995893 -0.0136584773
-0.0001984287 0.0002182596 -0.0136533981
-0.0000723192 0.0002467074 -0.0136382299
-0.0001168768 0.0002978059 -0.0126681230
-0.0001736217 0.0004147562 -0.0126613702
-0.0003002341 0.0004440702 -0.0126686460
-0.0004013724 0.0003636738 -0.0126844716
-0.0004008772 0.0002341072 -0.0126969300
-0.0002991216 0.0001529367 -0.0126966397
-0.0001727295 0.0001812852 -0.0126838194
-0.0001931782 0.0002053677 -0.0117129237
-0.0002499108 0.0003220188 -0.0117021118
-0.0003767494 0.0003511365 -0.0117047701
-0.0004781821 0.0002707947 -0.0117188968
-0.0004778279 0.0001414924 -0.0117338543
-0.0003759536 0.0000605967 -0.0117383792
-0.0002492726 0.0000890239 -0.0117290642
-0.0002386617 0.0000944979 -0.0107583631
-0.0002952143 0.0002109096 -0.0107444680
-0.0004221280 0.0002397375 -0.0107422689
-0.0005238341 0.0001592736 -0.0107534216
-0.0005237458 0.0000301088 -0.0107695280
-0.0004219297 -0.0000504931 -0.0107784596
-0.0002950553 -0.0000218372 -0.0107734908
-0.0002492629 -0.0000248755 -0.0098039503
-0.0003055316 0.0000914411 -0.0097882264
-0.0004323425 0.0001199877 -0.0097813683
-0.0005342045 0.0000392681 -0.0097885402
-0.0005344134 -0.0000899342 -0.0098043416
-0.0004328119 -0.0001703272 -0.0098168736
-0.0003059080 -0.0001413734 -0.0098166995
-0.0002240136 -0.0001420666 -0.0088491809
-0.0002799945 -0.0000256672 -0.0088330476
-0.0004065613 0.0000027059 -0.0088221497
-0.0005084067 -0.0000783127 -0.0088246934
-0.0005088389 -0.0002077144 -0.0088387633
-0.0004075326 -0.0002880571 -0.0088537645
-0.0002807734 -0.0002588411 -0.0088584007
-0.0001651327 -0.0002465641 -0.0078935827
-0.0002209236 -0.0001299333 -0.0078784964
-0.0003471909 -0.0001015644 -0.0078645424
-0.0004488529 -0.0001828198 -0.0078622282
-0.0004493560 -0.0003125125 -0.0078732966
-0.0003483213 -0.0003929813 -0.0078894128
-0.0002218301 -0.0003636315 -0.0078984409
-0.0000778474 -0.0003289563 -0.0069367584
-0.0001336130 -0.0002120271 -0.0069240809
-0.0002596313 -0.0001834919 -0.0069083304
-0.0003610080 -0.0002648383 -0.0069013674
-0.0003614044 -0.0003948108 -0.0069084350
-0.0002605219 -0.0004755374 -0.0069242114
-0.0001343272 -0.0004462294 -0.0069368165
0.0000300478 -0.0003817733 -0.0059784213
-0.0000258663 -0.0002645840 -0.0059692971
-0.0001517739 -0.0002357706 -0.0059531719
-0.0002528640 -0.0003170301 -0.0059421885
-0.0002530137 -0.0004471725 -0.0059446175
-0.0001521103 -0.0005281978 -0.0059586298
-0.0000261361 -0.0004990925 -0.0059736739
0.0001488645 -0.0004001725 -0.0050184213
0.0000926806 -0.0002828534 -0.0050136739
-0.0000332937 -0.0002537480 -0.0049986298
-0.0001341971 -0.0003347734 -0.0049846175
-0.0001340474 -0.0004649157 -0.0049821885
-0.0000329572 -0.0005461752 -0.0049931719
0.0000929504 -0.0005173618 -0.0050092971
0.0002678768 -0.0003824026 -0.0040567584
0.0002113971 -0.0002651294 -0.0040568165
0.0000852023 -0.0002358214 -0.0040442114
-0.0000156802 -0.0003165481 -0.0040284350
-0.0000152838 -0.0004465206 -0.0040213674
0.0000860929 -0.0005278670 -0.0040283304
0.0002121113 -0.0004993318 -0.0040440809
0.0003762902 -0.0003299928 -0.0030935827
0.0003195929 -0.0002129254 -0.0030984409
0.0001931016 -0.0001835756 -0.0030894128
0.0000920669 -0.0002640444 -0.0030732966
0.0000925700 -0.0003937371 -0.0030622282
0.0001942320 -0.0004749925 -0.0030645424
0.0003204994 -0.0004466236 -0.0030784964
0.0004642333 -0.0002476420 -0.0021291809
0.0004074735 -0.0001308675 -0.0021384007
0.0002807144 -0.0001016515 -0.0021337645
0.0001794080 -0.0001819942 -0.0021187633
0.0001798403 -0.0003113959 -0.0021046934
0.0002816856 -0.0003924145 -0.0021021497
0.0004082524 -0.0003640414 -0.0021130476
0.0005236794 -0.0001428055 -0.0011639503
0.0004670343 -0.0000263076 -0.0011766995
0.0003401304 0.0000026463 -0.0011768736
0.0002385289 -0.0000777467 -0.0011643416
0.0002387377 -0.0002069490 -0.0011485402
0.0003405997 -0.0002876686 -0.0011413683
0.0004674107 -0.0002591221 -0.0011482264
0.0005492017 -0.0000250145 -0.0001983631
0.0004928081 0.0000913206 -0.0002134908
0.0003659337 0.0001199765 -0.0002184596
0.0002641176 0.0000393746 -0.0002095280
0.0002640293 -0.0000897902 -0.0001934216
0.0003657354 -0.0001702541 -0.0001822689
0.0004926491 -0.0001414262 -0.0001844680
0.0005384851 0.0000950078 0.0007670763
0.0004823908 0.0002113515 0.0007509358
0.0003557098 0.0002397787 0.0007416208
0.0002538354 0.0001588831 0.0007461457
0.0002534812 0.0000295807 0.0007611032
0.0003549139 -0.0000507611 0.0007752299
0.0004817526 -0.0000216433 0.0007778882
0.0004925386 0.0002063464 0.0017318770
0.0004366859 0.0003228670 0.0017161806
0.0003102938 0.0003512156 0.0017033603
0.0002085382 0.0002700450 0.0017030700
0.0002080431 0.0001404784 0.0017155284
0.0003091813 0.0000600821 0.0017313540
0.0004357937 0.0000893961 0.0017386298
0.0004155898 0.0002989081 0.0026956055
0.0003598358 0.0004157115 0.0026817701
0.0002337263 0.0004441592 0.0026666019
0.0001322243 0.0003628295 0.0026615227
0.0001317630 0.0002329654 0.0026703573
0.0002326896 0.0001523571 0.0026864530
0.0003590045 0.0001817044 0.0026976895
0.0003146750 0.0003643475 0.0036579252
0.0002588418 0.0004814396 0.0036471999
0.0001329088 0.0005101293 0.0036310529
0.0000317060 0.0004288125 0.0036216433
0.0000314413 0.0002987225 0.0036260566
0.0001323139 0.0002178197 0.0036409696
0.0002583648 0.0002470255 0.0036551525
0.0001989723 0.0003968167 0.0046186269
0.0001429101 0.0005141018 0.0046119798
0.0000169851 0.0005430908 0.0045963116
-0.0000839786 0.0004619544 0.0045834209
-0.0000839533 0.0003317899 0.0045830146
0.0000170420 0.0002506139 0.0045953986
0.0001429557 0.0002795535 0.0046112476
0.0000789487 0.0003934726 0.0055776471
0.0000225884 0.0005107867 0.0055756782
-0.0001034998 0.0005400268 0.0055619033
-0.0002043689 0.0004591745 0.0055466952
-0.0002040624 0.0003291133 0.0055415059
-0.0001028112 0.0002477818 0.0055502430
0.0000231406 0.0002764244 0.0055663274
-0.0000345923 0.0003547021 0.0065350742
-0.0000912145 0.0004718710 0.0065379613
-0.0002175795 0.0005012254 0.0065273231
-0.0003185319 0.0004206607 0.0065111705
-0.0003180525 0.0002908439 0.0065016667
-0.0002165023 0.0002095296 0.0065059682
-0.0000903506 0.0002379492 0.0065208360
-0.0001314753 0.0002840575 0.0074911406
-0.0001882308 0.0004009582 0.0074986230
-0.0003148885 0.0004302496 0.0074920819
-0.0004160727 0.0003498746 0.0074764429
-0.0004155895 0.0002203572 0.0074634824
-0.0003138029 0.0001392267 0.0074629600
-0.0001873602 0.0001675760 0.0074752691
-0.0002030452 0.0001879170 0.0084462013
-0.0002597583 0.0003045213 0.0084576037
-0.0003866215 0.0003335947 0.0084557501
-0.0004881041 0.0002532444 0.0084420363
-0.0004877877 0.0001239758 0.0084267892
-0.0003859105 0.0000431307 0.0084214901
-0.0002591882 0.0000715872 0.0084301293
-0.0002429166 0.0000749088 0.0094007023
-0.0002994267 0.0001912930 0.0094149952
-0.0004263353 0.0002200704 0.0094179964
-0.0005280777 0.0001395712 0.0094074460
-0.0005280398 0.0000104127 0.0093912886
-0.0004262500 -0.0000701459 0.0093816910
-0.0002993582 -0.0000414425 0.0093858805
-0.0002475236 -0.0000448500 0.0103551398
-0.0003037416 0.0000714681 0.0103710331
-0.0004305199 0.0000999760 0.0103786182
-0.0005323917 0.0000192067 0.0103721835
-0.0005326456 -0.0001100189 0.0103565743
-0.0004310903 -0.0001903913 0.0103435448
-0.0003041991 -0.0001613884 0.0103429063
-0.0002164300 -0.0001606370 0.0113100161
-0.0002723700 -0.0000442077 0.0113260750
-0.0003988880 -0.0000158478 0.0113375594
-0.0005007132 -0.0000969129 0.0113358211
-0.0005011693 -0.0002263593 0.0113221693
-0.0003999128 -0.0003067113 0.0113068839
-0.0002731919 -0.0002774621 0.0113014752
-0.0001523759 -0.0002620612 0.0122657936
-0.0002081501 -0.0001453825 0.0122805686
-0.0003343696 -0.0001169969 0.0122949154
-0.0004359887 -0.0001982792 0.0122980306
-0.0004364861 -0.0003280222 0.0122875684
-0.0003354872 -0.0004085268 0.0122714071
-0.0002090463 -0.0003791714 0.0122617163
-0.0000610537 -0.0003399794 0.0132228535
-0.0001168326 -0.0002230013 0.0132350108
-0.0002428211 -0.0001944252 0.0132509250
-0.0003441473 -0.0002757694 0.0132586125
-0.0003445103 -0.0004057801 0.0132522844
-0.0002436370 -0.0004865566 0.0132367059
-0.0001174869 -0.0004572725 0.0132236080
0.0000493740 -0.0003873173 0.0141814613
-0.0000065788 -0.0002700954 0.0141899034
-0.0001324851 -0.0002412313 0.0142059484
-0.0002335348 -0.0003224603 0.0142175141
-0.0002336354 -0.0004526153 0.0142158914
-0.0001327113 -0.0005336869 0.0142023021
-0.0000067602 -0.0005046265 0.0141869793
0.0001689823 -0.0003997221 0.0151417426
0.0001127480 -0.0002823980 0.0151457074
-0.0000132538 -0.0002532502 0.0151604348
-0.0001141413 -0.0003342275 0.0151748348
-0.0001139440 -0.0004643524 0.0151780639
-0.0000128106 -0.0005456382 0.0151676905
0.0001131035 -0.0005168750 0.0151515260
0.0002869650 -0.0003759840 0.0161036720
0.0002304409 -0.0002587354 0.0161028016
0.0001041994 -0.0002294081 0.0161148820
0.0000033028 -0.0003100861 0.0161308163
0.0000037284 -0.0004400172 0.0161386057
0.0001051557 -0.0005213607 0.0161323847
0.0002312079 -0.0004928633 0.0161168377
0.0003926131 -0.0003181766 0.0170670753
0.0003358932 -0.0002011546 0.0170614484
0.0002093524 -0.0001718155 0.0170697912
0.0001082786 -0.0002522521 0.0170858214
0.0001087823 -0.0003818942 0.0170974680
0.0002104843 -0.0004631185 0.0170959609
0.0003368009 -0.0004347615 0.0170824348
0.0004763021 -0.0002314947 0.0180316454
0.0004195495 -0.0001147704 0.0180217698
0.0002927556 -0.0000855912 0.0180256219
0.0001913988 -0.0001659297 0.0180403010
0.0001918028 -0.0002952894 0.0180547535
0.0002936635 -0.0003762597 0.0180580962
0.0004202776 -0.0003478684 0.0180478122
0.0005303919 -0.0001237932 0.0189969696
0.0004737812 -0.0000073326 0.0189837369
0.0003468695 0.0000215712 0.0189827506
0.0002452241 -0.0000588470 0.0189947535
0.0002453859 -0.0001880307 0.0190107071
0.0003472331 -0.0002687018 0.0190185981
0.0004740727 -0.0002401135 0.0190124843
0.0005499464 -0.0000048679 0.0199625674
0.0004936021 0.0001114561 0.0199471720
0.0003667498 0.0001400664 0.0199414364
0.0002649118 0.0000594188 0.0199496795
0.0002647742 -0.0000697573 0.0199656942
0.0003664406 -0.0001501898 0.0199774210
0.0004933542 -0.0001213112 0.0199760295
0.0006427004 0.0000755602 -0.0193896644
0.0006143714 0.0001908712 -0.0194044573
0.0005353094 0.0002796267 -0.0194182291
0.0004236265 0.0003214938 -0.0194278249
0.0003049079 0.0003068812 -0.0194310462
0.0002063507 0.0002391366 -0.0194271553
0.0001505331 0.0001337794 -0.0194170434
0.0001502423 0.0000149456 -0.0194030271
0.0002055448 -0.0000901412 -0.0193883173
0.0003037715 -0.0001574071 -0.0193762838
0.0004224200 -0.0001714422 -0.0193696835
0.0005343091 -0.0001290312 -0.0193700283
0.0006138066 -0.0000398900 -0.0193772393
0.0006022243 0.0001892096 -0.0184214323
0.0005740988 0.0003047059 -0.0184351272
0.0004953032 0.0003935308 -0.0184499383
0.0003838884 0.0004353356 -0.0184624728
0.0002653784 0.0004205433 -0.0184698589
0.0001669223 0.0003525427 -0.0184704048
0.0001110752 0.0002469117 -0.0184639853
0.0001106310 0.0001278494 -0.0184520710
0.0001656916 0.0000226313 -0.0184373914
0.0002636430 -0.0000446383 -0.0184233095
0.0003820460 -0.0000585488 -0.0184130511
0.0004937757 -0.0000159134 -0.0184089663
0.0005732363 0.0000735006 -0.0184119911
0.0005297927 0.0002855350 -0.0174548763
0.0005017297 0.0004012995 -0.0174662369
0.0004231140 0.0004903327 -0.0174807504
0.0003119554 0.0005322384 -0.0174950920
0.0001937191 0.0005174163 -0.0175059762
0.0000954915 0.0004492621 -0.0175109096
0.0000397754 0.0003433891 -0.0175087620
0.0000393347 0.0002240515 -0.0175000253
0.0000942703 0.0001185880 -0.0174867011
0.0001919972 0.0000511592 -0.0174718417
0.0003101274 0.0000372121 -0.0174588513
0.0004215985 0.0000799419 -0.0174507058
0.0005008740 0.0001695596 -0.0174492713
0.0004320951 0.0003558431 -0.0164905882
0.0004039316 0.0004718638 -0.0164985890
0.0003253459 0.0005611707 -0.0165114947
0.0002143410 0.0006033047 -0.0165263489
0.0000963469 0.0005886134 -0.0165397487
-0.0000016054 0.0005204624 -0.0165486242
-0.0000570763 0.0004144643 -0.0165509423
-0.0000573580 0.0002949019 -0.0165461719
-0.0000023860 0.0001891656 -0.0165354058
0.0000952463 0.0001214783 -0.0165211105
0.0002131725 0.0001073463 -0.0165065607
0.0003243771 0.0001500071 -0.0164950897
0.0004033845 0.0002396876 -0.0164893254
0.0003180742 0.0003938744 -0.0155289552
0.0002896824 0.0005100490 -0.0155328739
0.0002109662 0.0005995983 -0.0155430068
0.0000999584 0.0006420076 -0.0155570327
-0.0000179103 0.0006275614 -0.0155717383
-0.0001156378 0.0005595692 -0.0155837549
-0.0001708358 0.0004536071 -0.0155903294
-0.0001708590 0.0003339499 -0.0155899559
-0.0001157023 0.0002280095 -0.0155827199
-0.0000180013 0.0001600556 -0.0155702789
0.0000998619 0.0001456556 -0.0155554832
0.0002108861 0.0001881084 -0.0155417223
0.0002896372 0.0002776886 -0.0155321485
0.0001980747 0.0003963374 -0.0145701246
0.0001694077 0.0005125094 -0.0145696075
0.0000904465 0.0006021843 -0.0145760529
-0.0000207199 0.0006448186 -0.0145879843
-0.0001386245 0.0006306454 -0.0146026684
-0.0002362568 0.0005629115 -0.0146167411
-0.0002912505 0.0004571339 -0.0146269787
-0.0002910071 0.0003375452 -0.0146310358
-0.0002355825 0.0002315415 -0.0146279829
-0.0001376737 0.0001634070 -0.0146185195
-0.0000197104 0.0001487506 -0.0146048135
0.0000912834 0.0001909298 -0.0145900048
0.0001698802 0.0002802819 -0.0145774858
0.0000828916 0.0003631563 -0.0136139909
0.0000539994 0.0004791700 -0.0136090846
-0.0000252348 0.0005688093 -0.0136112607
-0.0001366594 0.0006115389 -0.0136200206
-0.0002547483 0.0005975702 -0.0136333575
-0.0003524489 0.0005301030 -0.0136482162
-0.0004073790 0.0004245933 -0.0136611926
-0.0004069549 0.0003052121 -0.0136693140
-0.0003512737 0.0001993083 -0.0136707200
-0.0002530913 0.0001311430 -0.0136650884
-0.0001349002 0.0001163322 -0.0136537093
-0.0000237764 0.0001582688 -0.0136391896
0.0000548229 0.0002473457 -0.0136248555
-0.0000171915 0.0002974255 -0.0126602051
-0.0000461793 0.0004131810 -0.0126513526
-0.0001256181 0.0005026361 -0.0126490628
-0.0002373095 0.0005452979 -0.0126538605
-0.0003556662 0.0005313929 -0.0126646463
-0.0004535742 0.0004641067 -0.0126789495
-0.0005086039 0.0003588536 -0.0126934934
-0.0005081487 0.0002397460 -0.0127049461
-0.0004523129 0.0001340699 -0.0127106839
-0.0003538878 0.0000660345 -0.0127093924
-0.0002354214 0.0000512258 -0.0127013675
-0.0001240528 0.0000930363 -0.0126884475
-0.0000452954 0.0001818878 -0.0126735923
-0.0000932899 0.0002050956 -0.0117082061
-0.0001222101 0.0003205842 -0.0116962065
-0.0002017130 0.0004097717 -0.0116896577
-0.0003135855 0.0004522261 -0.0116900600
-0.0004321989 0.0004382218 -0.0116973211
-0.0005303804 0.0003709669 -0.0117097777
-0.0005856378 0.0002658687 -0.0117245761
-0.0005853122 0.0001470039 -0.0117383262
-0.0005294782 0.0000416031 -0.0117478780
-0.0004309268 -0.0000261877 -0.0117510432
-0.0003122349 -0.0000408385 -0.0117470968
-0.0002005933 0.0000010071 -0.0117369429
-0.0001215778 0.0000897627 -0.0117229076
-0.0001386676 0.0000944302 -0.0107572718
-0.0001673807 0.0002097375 -0.0107432083
-0.0002467844 0.0002986681 -0.0107329916
-0.0003586885 0.0003408491 -0.0107289622
-0.0004774571 0.0003266173 -0.0107320431
-0.0005758816 0.0002592330 -0.0107415287
-0.0006314142 0.0001541332 -0.0107552458
-0.0006313331 0.0000353950 -0.0107700520
-0.0005756568 -0.0000697802 -0.0107825555
-0.0004771402 -0.0001372979 -0.0107898917
-0.0003583521 -0.0001516907 -0.0107903801
-0.0002465055 -0.0001096614 -0.0107839088
-0.0001672232 -0.0000208383 -0.0107719603
-0.0001492977 -0.0000247150 -0.0098065838
-0.0001777373 0.0000905604 -0.0097917259
-0.0002569138 0.0001793358 -0.0097787636
-0.0003686888 0.0002212736 -0.0097706662
-0.0004874559 0.0002067665 -0.0097692889
-0.0005860072 0.0001391379 -0.0097749471
-0.0006417656 0.0000338806 -0.0097863446
-0.0006419577 -0.0000848921 -0.0098008704
-0.0005865393 -0.0001899709 -0.0098151968
-0.0004882062 -0.0002572835 -0.0098260419
-0.0003694853 -0.0002714093 -0.0098309210
-0.0002575741 -0.0002291124 -0.0098287165
-0.0001781102 -0.0001400824 -0.0098199334
-0.0001242017 -0.0001417345 -0.0088553015
-0.0001523980 -0.0000263302 -0.0088409905
-0.0002312992 0.0000624462 -0.0088264526
-0.0003428299 0.0001042570 -0.0088150182
-0.0004614398 0.0000895240 -0.0088093069
-0.0005599569 0.0000216222 -0.0088106270
-0.0006158119 -0.0000838928 -0.0088186761
-0.0006162093 -0.0002028489 -0.0088316103
-0.0005610579 -0.0003079946 -0.0088464664
-0.0004629924 -0.0003752423 -0.0088598412
-0.0003444782 -0.0003891864 -0.0088686706
-0.0002326657 -0.0003466325 -0.0088709319
-0.0001531696 -0.0002573291 -0.0088661071
-0.0000655443 -0.0002461776 -0.0079026378
-0.0000936134 -0.0001305292 -0.0078901656
-0.0001722885 -0.0000415957 -0.0078753645
-0.0002835460 0.0000002491 -0.0078616253
-0.0004018983 -0.0000145808 -0.0078520956
-0.0005002322 -0.0000826881 -0.0078489585
-0.0005560206 -0.0001884702 -0.0078529325
-0.0005564830 -0.0003076938 -0.0078631074
-0.0005015136 -0.0004130461 -0.0078771522
-0.0004037052 -0.0004803922 -0.0078918494
-0.0002854644 -0.0004943039 -0.0079038320
-0.0001738789 -0.0004515942 -0.0079103550
-0.0000945115 -0.0003620474 -0.0079099240
0.0000215261 -0.0003286518 -0.0069479307
-0.0000065767 -0.0002127301 -0.0069384230
-0.0000851547 -0.0001235391 -0.0069246949
-0.0001962065 -0.0000815113 -0.0069098912
-0.0003142916 -0.0000962748 -0.0068974033
-0.0004123581 -0.0001644475 -0.0068900921
-0.0004679401 -0.0002704118 -0.0068896324
-0.0004683044 -0.0003898925 -0.0068961295
-0.0004133677 -0.0004955182 -0.0069080951
-0.0003157151 -0.0005630911 -0.0069227880
-0.0001977179 -0.0005771312 -0.0069368422
-0.0000864076 -0.0005344221 -0.0069470380
-0.0000072842 -0.0004447479 -0.0069510397
0.0001292908 -0.0003816582 -0.0059907022
0.0001010052 -0.0002655307 -0.0059850174
0.0000223611 -0.0001760725 -0.0059736014
-0.0000886251 -0.0001337773 -0.0059590696
-0.0002065278 -0.0001483346 -0.0059447508
-0.0003043370 -0.0002164094 -0.0059339255
-0.0003596457 -0.0003224066 -0.0059290735
-0.0003597833 -0.0004420435 -0.0059313064
-0.0003047184 -0.0005479128 -0.0059401127
-0.0002070656 -0.0006157610 -0.0059534749
-0.0000891961 -0.0006300450 -0.0059683319
0.0000218878 -0.0005874925 -0.0059812802
0.0001007379 -0.0004978517 -0.0059893535
0.0002481074 -0.0004002876 -0.0050307022
0.0002195546 -0.0002840942 -0.0050293535
0.0001407044 -0.0001944534 -0.0050212802
0.0000296206 -0.0001519008 -0.0050083319
-0.0000882490 -0.0001661848 -0.0049934749
-0.0001859018 -0.0002340331 -0.0049801127
-0.0002409667 -0.0003399023 -0.0049713064
-0.0002408291 -0.0004595392 -0.0049690735
-0.0001855204 -0.0005655364 -0.0049739255
-0.0000877112 -0.0006336112 -0.0049847508
0.0000301915 -0.0006481685 -0.0049990696
0.0001411778 -0.0006058734 -0.0050136014
0.0002198219 -0.0005164151 -0.0050250174
0.0003672503 -0.0003827071 -0.0040679307
0.0003384400 -0.0002666110 -0.0040710397
0.0002593166 -0.0001769368 -0.0040670380
0.0001480063 -0.0001342276 -0.0040568422
0.0000300091 -0.0001482677 -0.0040427880
-0.0000676434 -0.0002158407 -0.0040280951
-0.0001225802 -0.0003214663 -0.0040161295
-0.0001222159 -0.0004409471 -0.0040096324
-0.0000666339 -0.0005469114 -0.0040100921
0.0000314326 -0.0006150840 -0.0040174033
0.0001495177 -0.0006298475 -0.0040298912
0.0002605695 -0.0005878197 -0.0040446949
0.0003391475 -0.0004986287 -0.0040584230
0.0004758787 -0.0003303793 -0.0031026378
0.0004469115 -0.0002145095 -0.0031099240
0.0003675441 -0.0001249627 -0.0031103550
0.0002559585 -0.0000822530 -0.0031038320
0.0001377178 -0.0000961647 -0.0030918494
0.0000399093 -0.0001635108 -0.0030771522
-0.0000150601 -0.0002688631 -0.0030631074
-0.0000145976 -0.0003880867 -0.0030529325
0.0000411908 -0.0004938688 -0.0030489585
0.0001395247 -0.0005619761 -0.0030520956
0.0002578769 -0.0005768060 -0.0030616253
0.0003691345 -0.0005349612 -0.0030753645
0.0004478095 -0.0004460277 -0.0030901656
0.0005640453 -0.0002479740 -0.0021353015
0.0005350773 -0.0001323795 -0.0021461071
0.0004555813 -0.0000430761 -0.0021509319
0.0003437687 -0.0000005222 -0.0021486706
0.0002252546 -0.0000144663 -0.0021398412
0.0001271890 -0.0000817140 -0.0021264664
0.0000720377 -0.0001868597 -0.0021116103
0.0000724350 -0.0003058158 -0.0020986761
0.0001282901 -0.0004113308 -0.0020906270
0.0002268071 -0.0004792326 -0.0020893069
0.0003454170 -0.0004939656 -0.0020950182
0.0004569478 -0.0004521548 -0.0021064526
0.0005358490 -0.0003633784 -0.0021209905
0.0006236445 -0.0001429659 -0.0011665838
0.0005948321 -0.0000275986 -0.0011799334
0.0005153682 0.0000614314 -0.0011887165
0.0004034570 0.0001037283 -0.0011909210
0.0002847361 0.0000896025 -0.0011860419
0.0001864030 0.0000222899 -0.0011751968
0.0001309846 -0.0000827889 -0.0011608704
0.0001311766 -0.0002015616 -0.0011463446
0.0001869351 -0.0003068189 -0.0011349471
0.0002854863 -0.0003744475 -0.0011292889
0.0004042535 -0.0003889546 -0.0011306662
0.0005160285 -0.0003470167 -0.0011387636
0.0005952050 -0.0002582414 -0.0011517259
0.0006491957 -0.0000249468 -0.0001972718
0.0006206402 0.0000903217 -0.0002119603
0.0005413578 0.0001791448 -0.0002239088
0.0004295113 0.0002211741 -0.0002303801
0.0003107232 0.0002067813 -0.0002298917
0.0002122066 0.0001392635 -0.0002225555
0.0001565303 0.0000340884 -0.0002100520
0.0001564492 -0.0000846498 -0.0001952458
0.0002119818 -0.0001897496 -0.0001815287
0.0003104063 -0.0002571339 -0.0001720431
0.0004291748 -0.0002713657 -0.0001689622
0.0005410789 -0.0002291847 -0.0001729916
0.0006204827 -0.0001402541 -0.0001832083
0.0006383734 0.0000952799 0.0007717939
0.0006100855 0.0002106127 0.0007570924
0.0005310701 0.0002993683 0.0007430571
0.0004194285 0.0003412139 0.0007329032
0.0003007366 0.0003265631 0.0007289568
0.0002021851 0.0002587723 0.0007321220
0.0001463512 0.0001533715 0.0007416738
0.0001460256 0.0000345067 0.0007554239
0.0002012829 -0.0000705915 0.0007702223
0.0002994644 -0.0001378464 0.0007826789
0.0004180779 -0.0001518507 0.0007899400
0.0005299504 -0.0001093962 0.0007903423
0.0006094533 -0.0000202088 0.0007837935
0.0005922239 0.0002067268 0.0017397949
0.0005641200 0.0003222644 0.0017264077
0.0004853626 0.0004111159 0.0017115525
0.0003739941 0.0004529265 0.0016986325
0.0002555276 0.0004381178 0.0016906076
0.0001571025 0.0003700824 0.0016893161
0.0001012667 0.0002644063 0.0016950539
0.0001008115 0.0001452986 0.0017065066
0.0001558412 0.0000400456 0.0017210505
0.0002537492 -0.0000272406 0.0017353537
0.0003721059 -0.0000411456 0.0017461395
0.0004837973 0.0000015161 0.0017509372
0.0005632361 0.0000909713 0.0017486474
0.0005150465 0.0002992625 0.0027060091
0.0004869779 0.0004150732 0.0026951445
0.0004083786 0.0005041500 0.0026808104
0.0002972548 0.0005460866 0.0026662907
0.0001790637 0.0005312758 0.0026549116
0.0000808813 0.0004631106 0.0026492800
0.0000252001 0.0003572067 0.0026506860
0.0000247760 0.0002378256 0.0026588074
0.0000797061 0.0001323159 0.0026717838
0.0001774067 0.0000648487 0.0026866425
0.0002954956 0.0000508799 0.0026999794
0.0004069202 0.0000936096 0.0027087393
0.0004861543 0.0001832489 0.0027109154
0.0004139582 0.0003645508 0.0036698754
0.0003857638 0.0004806063 0.0036625142
0.0003071669 0.0005699585 0.0036499952
0.0001961731 0.0006121377 0.0036351865
0.0000782099 0.0005974813 0.0036214805
-0.0000196990 0.0005293468 0.0036120171
-0.0000751236 0.0004233431 0.0036089642
-0.0000753670 0.0003037543 0.0036130213
-0.0000203733 0.0001979768 0.0036232589
0.0000772591 0.0001302429 0.0036373316
0.0001951637 0.0001160697 0.0036520157
0.0003063300 0.0001587040 0.0036639471
0.0003852912 0.0002483788 0.0036703925
0.0002981982 0.0003967972 0.0046310448
0.0002697613 0.0005129830 0.0046278515
0.0001910102 0.0006025632 0.0046182777
0.0000799859 0.0006450160 0.0046045168
-0.0000378772 0.0006306160 0.0045897211
-0.0001355782 0.0005626621 0.0045772801
-0.0001907350 0.0004567217 0.0045700441
-0.0001907117 0.0003370645 0.0045696706
-0.0001355137 0.0002311024 0.0045762451
-0.0000377863 0.0001631102 0.0045882617
0.0000800825 0.0001486640 0.0046029673
0.0001910903 0.0001910733 0.0046169932
0.0002698065 0.0002806226 0.0046271261
0.0001782539 0.0003932372 0.0055894118
0.0001495434 0.0005093927 0.0055906746
0.0000705360 0.0005990732 0.0055849103
-0.0000406687 0.0006417340 0.0055734393
-0.0001585949 0.0006276020 0.0055588895
-0.0002562272 0.0005599147 0.0055445942
-0.0003111992 0.0004541784 0.0055338281
-0.0003109175 0.0003346160 0.0055290577
-0.0002554466 0.0002286179 0.0055313758
-0.0001574942 0.0001604669 0.0055402513
-0.0000395001 0.0001457756 0.0055536511
0.0000715047 0.0001879096 0.0055685053
0.0001500904 0.0002772165 0.0055814110
0.0000649007 0.0003543338 0.0065451237
0.0000359820 0.0004703092 0.0065507287
-0.0000432934 0.0005599269 0.0065492942
-0.0001547646 0.0006026567 0.0065411487
-0.0002728947 0.0005887096 0.0065281583
-0.0003706216 0.0005212808 0.0065132989
-0.0004255573 0.0004158174 0.0064999747
-0.0004251166 0.0002964798 0.0064912380
-0.0003694005 0.0001906067 0.0064890904
-0.0002711729 0.0001224525 0.0064940238
-0.0001529365 0.0001076305 0.0065049080
-0.0000417779 0.0001495361 0.0065192496
0.0000368378 0.0002385694 0.0065337631
-0.0000317522 0.0002836863 0.0074985677
-0.0000607401 0.0003993952 0.0075080089
-0.0001402007 0.0004888092 0.0075110337
-0.0002519305 0.0005314446 0.0075069489
-0.0003703334 0.0005175342 0.0074966905
-0.0004682849 0.0004502646 0.0074826086
-0.0005233454 0.0003450465 0.0074679290
-0.0005229013 0.0002259841 0.0074560147
-0.0004670542 0.0001203532 0.0074495952
-0.0003685981 0.0000523525 0.0074501411
-0.0002500880 0.0000375602 0.0074575272
-0.0001386733 0.0000793650 0.0074700617
-0.0000598776 0.0001681899 0.0074848728
-0.0001031310 0.0001876739 0.0084503356
-0.0001320248 0.0003031241 0.0084627607
-0.0002115223 0.0003922653 0.0084699717
-0.0003234114 0.0004346763 0.0084703165
-0.0004420599 0.0004206412 0.0084637162
-0.0005402866 0.0003533753 0.0084516827
-0.0005955891 0.0002482885 0.0084369729
-0.0005952983 0.0001294547 0.0084229566
-0.0005394807 0.0000240975 0.0084128447
-0.0004409235 -0.0000436471 0.0084089538
-0.0003222049 -0.0000582597 0.0084121751
-0.0002105220 -0.0000163926 0.0084217709
-0.0001314600 0.0000723629 0.0084355427
-0.0001429177 0.0000748796 0.0094011705
-0.0001715872 0.0001901702 0.0094154579
-0.0002509603 0.0002790658 0.0094262042
-0.0003628535 0.0003212015 0.0094309474
-0.0004816333 0.0003069246 0.0094286009
-0.0005800889 0.0002395056 0.0094197023
-0.0006356651 0.0001343895 0.0094062901
-0.0006356302 0.0000156571 0.0093914370
-0.0005799922 -0.0000894914 0.0093785455
-0.0004814970 -0.0001569678 0.0093705690
-0.0003627087 -0.0001713141 0.0093693348
-0.0002508403 -0.0001292436 0.0093751256
-0.0001715194 -0.0000403943 0.0093866148
-0.0001475763 -0.0000446550 0.0103518997
-0.0001759706 0.0000706314 0.0103667597
-0.0002551019 0.0001593953 0.0103800712
-0.0003668422 0.0002013021 0.0103887846
-0.0004855931 0.0001867513 0.0103909038
-0.0005841503 0.0001190765 0.0103859433
-0.0006399354 0.0000137811 0.0103750395
-0.0006401688 -0.0001050130 0.0103606904
-0.0005847969 -0.0002100915 0.0103461831
-0.0004865049 -0.0002773822 0.0103348411
-0.0003678103 -0.0002914696 0.0103292627
-0.0002559044 -0.0002491264 0.0103307258
-0.0001764238 -0.0001600530 0.0103388953
-0.0001166524 -0.0001602866 0.0113033601
-0.0001448176 -0.0000448476 0.0113174513
-0.0002236752 0.0000439450 0.0113321263
-0.0003351597 0.0000857499 0.0113440234
-0.0004537315 0.0000709902 0.0113504170
-0.0005522271 0.0000030471 0.0113498424
-0.0006080825 -0.0001025145 0.0113424313
-0.0006085018 -0.0002215117 0.0113298814
-0.0005533889 -0.0003266836 0.0113150679
-0.0004553696 -0.0003939366 0.0113013842
-0.0003368989 -0.0004078639 0.0112919652
-0.0002251170 -0.0003652749 0.0112889686
-0.0001456318 -0.0002759262 0.0112930809
-0.0000528261 -0.0002616791 0.0122563227
-0.0000808893 -0.0001459844 0.0122683729
-0.0001595376 -0.0000570129 0.0122830868
-0.0002707538 -0.0000151467 0.0122970936
-0.0003890595 -0.0000299770 0.0123071844
-0.0004873523 -0.0000981062 0.0123110476
-0.0005431145 -0.0002039269 0.0123077982
-0.0005435717 -0.0003231967 0.0122981805
-0.0004886192 -0.0004285924 0.0122843979
-0.0003908458 -0.0004959691 0.0122696078
-0.0002726503 -0.0005098916 0.0122571985
-0.0001611099 -0.0004671704 0.0122500126
-0.0000817771 -0.0003775925 0.0122496966
0.0000382905 -0.0003397004 0.0132114226
0.0000101664 -0.0002237374 0.0132203442
-0.0000684112 -0.0001344998 0.0132337687
-0.0001794411 -0.0000924309 0.0132486207
-0.0002974876 -0.0001071683 0.0132614978
-0.0003955078 -0.0001753358 0.0132694501
-0.0004510464 -0.0002813169 0.0132706557
-0.0004513802 -0.0004008328 0.0132648384
-0.0003964326 -0.0005065038 0.0132533310
-0.0002987917 -0.0005741218 0.0132387696
-0.0001808256 -0.0005881965 0.0132244900
-0.0000695590 -0.0005455035 0.0132137637
0.0000095182 -0.0004558233 0.0132090477
0.0001486073 -0.0003872399 0.0141691022
0.0001202807 -0.0002710903 0.0141740898
0.0000416105 -0.0001815935 0.0141850130
-0.0000693809 -0.0001392521 0.0141993696
-0.0001872667 -0.0001537660 0.0142138707
-0.0002850407 -0.0002218103 0.0142251941
-0.0003403041 -0.0003277967 0.0142307458
-0.0003403966 -0.0004474452 0.0142292541
-0.0002852971 -0.0005533457 0.0142210606
-0.0001876283 -0.0006212377 0.0142080424
-0.0000697648 -0.0006355678 0.0141931817
0.0000412923 -0.0005930533 0.0141798831
0.0001201010 -0.0005034338 0.0141711930
0.0002682387 -0.0003998737 0.0151295710
0.0002396395 -0.0002836854 0.0151301743
0.0001607460 -0.0001940276 0.0151376103
0.0000496317 -0.0001514399 0.0151501755
-0.0000682485 -0.0001656786 0.0151649914
-0.0001658897 -0.0002334817 0.0151786638
-0.0002209234 -0.0003393165 0.0151880606
-0.0002207420 -0.0004589373 0.0151910290
-0.0001653872 -0.0005649406 0.0151868891
-0.0000675400 -0.0006330423 0.0151765892
0.0000503840 -0.0006476410 0.0151624889
0.0001613697 -0.0006053924 0.0151478184
0.0002399917 -0.0005159752 0.0151359386
0.0003863703 -0.0003763110 0.0160927866
0.0003575247 -0.0002602454 0.0160889512
0.0002783560 -0.0001705818 0.0160922287
0.0001670006 -0.0001278610 0.0161018682
0.0000489689 -0.0001418698 0.0161156615
-0.0000486996 -0.0002093990 0.0161304487
-0.0001036302 -0.0003149785 0.0161428423
-0.0001032390 -0.0004344212 0.0161500029
-0.0000476155 -0.0005403644 0.0161502902
0.0000504975 -0.0006085376 0.0161436385
0.0001686236 -0.0006233232 0.0161315714
0.0002797014 -0.0005813340 0.0161168534
0.0003582845 -0.0004921893 0.0161028563
0.0004922405 -0.0003185636 0.0170584589
0.0004632616 -0.0002027389 0.0170505309
0.0003838629 -0.0001132266 0.0170493540
0.0002722336 -0.0000705329 0.0170551977
0.0001539467 -0.0000844384 0.0170667233
0.0000561002 -0.0001517575 0.0170812904
0.0000011097 -0.0002570683 0.0170955619
0.0000015728 -0.0003762453 0.0171062684
0.0000573833 -0.0004819865 0.0171109571
0.0001557558 -0.0005500678 0.0171085539
0.0002741544 -0.0005648927 0.0170996093
0.0003854553 -0.0005230649 0.0170861725
0.0004641608 -0.0004341667 0.0170713216
0.0005761464 -0.0002318051 0.0180260756
0.0005471944 -0.0001162543 0.0180147709
0.0004676921 -0.0000269971 0.0180092458
0.0003558526 0.0000155189 0.0180107661
0.0002372969 0.0000015537 0.0180189836
0.0001391848 -0.0000656934 0.0180320156
0.0000839925 -0.0001708169 0.0180468768
0.0000843639 -0.0002897343 0.0180601626
0.0001402140 -0.0003952030 0.0180688294
0.0002387481 -0.0004630615 0.0180708917
0.0003573933 -0.0004777641 0.0180658771
0.0004689694 -0.0004359427 0.0180549344
0.0005479157 -0.0003471781 0.0180405703
0.0006303714 -0.0001239175 0.0189949494
0.0006015969 -0.0000085772 0.0189812882
0.0005221540 0.0000804113 0.0189719138
0.0004102422 0.0001226617 0.0189689735
0.0002914990 0.0001084949 0.0189731410
0.0001931272 0.0000411564 0.0189834616
0.0001376625 -0.0000639273 0.0189975710
0.0001378112 -0.0001826829 0.0190122368
0.0001935393 -0.0002879049 0.0190240993
0.0002920801 -0.0003554881 0.0190304409
0.0004108591 -0.0003699502 0.0190298089
0.0005226654 -0.0003279779 0.0190223481
0.0006018857 -0.0002391867 0.0190097675
0.0006499317 -0.0000047622 0.0199642790
0.0006214227 0.0001105056 0.0199494948
0.0005421812 0.0001993064 0.0199371171
0.0004303605 0.0002412970 0.0199299817
0.0003115773 0.0002268579 0.0199297231
0.0002130435 0.0001592968 0.0199364005
0.0001573319 0.0000540913 0.0199484844
0.0001572054 -0.0000646573 0.0199632063
0.0002126930 -0.0001697453 0.0199771937
0.0003110831 -0.0002370981 0.0199872422
0.0004298358 -0.0002512861 0.0199910499
0.0005417462 -0.0002090590 0.0199877444
0.0006211771 -0.0001200905 0.0199780830
0.0007925717 0.0000759248 -0.0193834631
0.0007733116 0.0001986327 -0.0193987514
0.0007168156 0.0003092340 -0.0194141619
0.0006286139 0.0003969021 -0.0194281861
0.0005173404 0.0004530556 -0.0194394513
0.0003938872 0.0004721977 -0.0194468547
0.0002703389 0.0004524546 -0.0194496717
0.0001587891 0.0003957591 -0.0194476264
0.0000701572 0.0003076607 -0.0194409192
0.0000131191 0.0001967833 -0.0194302065
-0.0000067419 0.0000739802 -0.0194165369
0.0000125182 -0.0000487277 -0.0194012486
0.0000690142 -0.0001593289 -0.0193858381
0.0001572159 -0.0002469970 -0.0193718139
0.0002684894 -0.0003031505 -0.0193605487
0.0003919426 -0.0003222926 -0.0193531453
0.0005154909 -0.0003025496 -0.0193503283
0.0006270407 -0.0002458540 -0.0193523736
0.0007156726 -0.0001577557 -0.0193590808
0.0007727107 -0.0000468783 -0.0193697935
0.0007518090 0.0001897663 -0.0184102917
0.0007327446 0.0003126854 -0.0184240532
0.0006765000 0.0004234269 -0.0184393756
0.0005885808 0.0005111507 -0.0184547592
0.0004775931 0.0005672699 -0.0184686981
0.0003544013 0.0005862911 -0.0184798277
0.0002310640 0.0005663523 -0.0184870588
0.0001196546 0.0005094053 -0.0184896834
0.0000310784 0.0004210245 -0.0184874447
-0.0000259940 0.0003098612 -0.0184805617
-0.0000459760 0.0001867968 -0.0184697083
-0.0000269116 0.0000638778 -0.0184559468
0.0000293330 -0.0000468637 -0.0184406244
0.0001172522 -0.0001345876 -0.0184252408
0.0002282398 -0.0001907068 -0.0184113019
0.0003514317 -0.0002097279 -0.0184001723
0.0004747689 -0.0001897891 -0.0183929412
0.0005861784 -0.0001328421 -0.0183903166
0.0006747546 -0.0000444613 -0.0183925553
0.0007318270 0.0000667020 -0.0183994383
0.0006790323 0.0002860875 -0.0174398021
0.0006600094 0.0004092914 -0.0174507945
0.0006038923 0.0005202911 -0.0174646458
0.0005161741 0.0006082211 -0.0174800000
0.0004054413 0.0006644742 -0.0174953542
0.0002825332 0.0006835439 -0.0175092055
0.0001594809 0.0006635637 -0.0175201979
0.0000483296 0.0006064892 -0.0175272555
-0.0000400404 0.0005179074 -0.0175296874
-0.0000969789 0.0004064892 -0.0175272555
-0.0001169123 0.0002831411 -0.0175201979
-0.0000978894 0.0001599371 -0.0175092055
-0.0000417723 0.0000489375 -0.0174953542
0.0000459459 -0.0000389925 -0.0174800000
0.0001566787 -0.0000952456 -0.0174646458
0.0002795868 -0.0001143154 -0.0174507945
0.0004026391 -0.0000943351 -0.0174398021
0.0005137904 -0.0000372607 -0.0174327445
0.0006021604 0.0000513212 -0.0174303126
0.0006590989 0.0001627393 -0.0174327445
0.0005810530 0.0003561963 -0.0164729412
0.0005619026 0.0004796584 -0.0164801723
0.0005057441 0.0005909430 -0.0164913019
0.0004180745 0.0006791567 -0.0165052408
0.0003074756 0.0007356647 -0.0165206244
0.0001847736 0.0007549355 -0.0165359468
0.0000619795 0.0007350827 -0.0165497083
-0.0000488869 0.0006780497 -0.0165605617
-0.0001369731 0.0005894193 -0.0165674447
-0.0001936567 0.0004778672 -0.0165696834
-0.0002133891 0.0003543129 -0.0165670588
-0.0001942387 0.0002308508 -0.0165598277
-0.0001380802 0.0001195662 -0.0165486981
-0.0000504106 0.0000313524 -0.0165347592
0.0000601883 -0.0000251555 -0.0165193756
0.0001828902 -0.0000444263 -0.0165040532
0.0003056844 -0.0000245735 -0.0164902917
0.0004165508 0.0000324595 -0.0164794383
0.0005046370 0.0001210899 -0.0164725553
0.0005613206 0.0002326420 -0.0164703166
0.0004669131 0.0003939036 -0.0155103283
0.0004475113 0.0005175059 -0.0155131453
0.0003911570 0.0006290017 -0.0155205487
0.0003033665 0.0007174767 -0.0155318139
0.0001927333 0.0007742705 -0.0155458381
0.0000700871 0.0007938238 -0.0155612486
-0.0000525668 0.0007742224 -0.0155765369
-0.0001632221 0.0007173852 -0.0155902065
-0.0002510470 0.0006288757 -0.0156009192
-0.0003074448 0.0005173579 -0.0156076264
-0.0003268947 0.0003937479 -0.0156096717
-0.0003074929 0.0002701455 -0.0156068547
-0.0002511385 0.0001586498 -0.0155994513
-0.0001633480 0.0000701748 -0.0155881861
-0.0000527149 0.0000133809 -0.0155741619
0.0000699314 -0.0000061723 -0.0155587514
0.0001925853 0.0000134290 -0.0155434631
0.0003032405 0.0000702663 -0.0155297935
0.0003910655 0.0001587757 -0.0155190808
0.0004474632 0.0002702936 -0.0155123736
0.0003469995 0.0003960324 -0.0145521994
0.0003273110 0.0005196077 -0.0145503479
0.0002706757 0.0006311662 -0.0145533568
0.0001826374 0.0007197878 -0.0145609314
0.0000718138 0.0007767976 -0.0145723303
-0.0000509468 0.0007966151 -0.0145864377
-0.0001736278 0.0007773004 -0.0146018727
-0.0002842202 0.0007207441 -0.0146171244
-0.0003718986 0.0006324825 -0.0146306998
-0.0004280804 0.0005211550 -0.0146412701
-0.0004472661 0.0003976594 -0.0146478006
-0.0004275776 0.0002740841 -0.0146496521
-0.0003709423 0.0001625256 -0.0146466432
-0.0002829039 0.0000739040 -0.0146390686
-0.0001720804 0.0000168942 -0.0146276697
-0.0000493198 -0.0000029233 -0.0146135623
0.0000733612 0.0000163914 -0.0145981273
0.0001839536 0.0000729476 -0.0145828756
0.0002716320 0.0001612093 -0.0145693002
0.0003278138 0.0002725367 -0.0145587299
0.0002320766 0.0003626247 -0.0135983854
0.0002121675 0.0004860150 -0.0135920327
0.0001552651 0.0005974659 -0.0135903754
0.0000669396 0.0006860676 -0.0135935757
-0.0000441633 0.0007431473 -0.0136013203
-0.0001671680 0.0007631175 -0.0136128511
-0.0002900338 0.0007440235 -0.0136270395
-0.0004007340 0.0006877342 -0.0136424965
-0.0004884323 0.0005997598 -0.0136577092
-0.0005445442 0.0004887117 -0.0136711883
-0.0005635771 0.0003654601 -0.0136816146
-0.0005436680 0.0002420697 -0.0136879673
-0.0004867656 0.0001306189 -0.0136896246
-0.0003984400 0.0000420172 -0.0136864243
-0.0002873372 -0.0000150625 -0.0136786797
-0.0001643325 -0.0000350327 -0.0136671489
-0.0000414666 -0.0000159387 -0.0136529605
0.0000692335 0.0000403505 -0.0136375035
0.0001569318 0.0001283250 -0.0136222908
0.0002130437 0.0002393731 -0.0136088117
0.0001323365 0.0002968549 -0.0126483281
0.0001123505 0.0004199678 -0.0126380476
0.0000552893 0.0005311785 -0.0126318737
-0.0000332615 0.0006196009 -0.0126304107
-0.0001446340 0.0006765796 -0.0126338019
-0.0002679263 0.0006965372 -0.0126417152
-0.0003910697 0.0006775200 -0.0126533762
-0.0005020100 0.0006213896 -0.0126676433
-0.0005898875 0.0005336404 -0.0126831199
-0.0006461004 0.0004228620 -0.0126982911
-0.0006651460 0.0002998980 -0.0127116719
-0.0006451600 0.0001767851 -0.0127219524
-0.0005880988 0.0000655744 -0.0127281263
-0.0004995480 -0.0000228480 -0.0127295893
-0.0003881755 -0.0000798267 -0.0127261981
-0.0002648832 -0.0000997843 -0.0127182848
-0.0001417398 -0.0000807671 -0.0127066238
-0.0000307995 -0.0000246367 -0.0126923567
0.0000570781 0.0000631125 -0.0126768801
0.0001132909 0.0001738909 -0.0126617089
0.0000565425 0.0002046874 -0.0117011298
0.0000366506 0.0003275282 -0.0116878495
-0.0000204051 0.0004384510 -0.0116777163
-0.0001090398 0.0005265980 -0.0116717222
-0.0002205771 0.0005833406 -0.0116704538
-0.0003440991 0.0006031246 -0.0116740354
-0.0004675145 0.0005840133 -0.0116821162
-0.0005787427 0.0005278775 -0.0116939055
-0.0006668957 0.0004402121 -0.0117082490
-0.0007233446 0.0003295985 -0.0117237428
-0.0007425638 0.0002068642 -0.0117388702
-0.0007226720 0.0000840234 -0.0117521505
-0.0006656162 -0.0000268994 -0.0117622837
-0.0005769816 -0.0001150464 -0.0117682778
-0.0004654442 -0.0001717890 -0.0117695462
-0.0003419222 -0.0001915730 -0.0117659646
-0.0002185068 -0.0001724617 -0.0117578838
-0.0001072787 -0.0001163259 -0.0117460945
-0.0000191256 -0.0000286605 -0.0117317510
0.0000373233 0.0000819531 -0.0117162572
0.0000113234 0.0000943285 -0.0107556349
-0.0000083366 0.0002169986 -0.0107405537
-0.0000652246 0.0003276874 -0.0107273760
-0.0001537720 0.0004155600 -0.0107173918
-0.0002653111 0.0004720148 -0.0107115783
-0.0003889238 0.0004915255 -0.0107105048
-0.0005125099 0.0004721823 -0.0107142761
-0.0006239721 0.0004158787 -0.0107225232
-0.0007123995 0.0003281261 -0.0107344389
-0.0007691363 0.0002175143 -0.0107488566
-0.0007886288 0.0000948707 -0.0107643651
-0.0007689688 -0.0000277994 -0.0107794463
-0.0007120808 -0.0001384882 -0.0107926240
-0.0006235334 -0.0002263608 -0.0108026082
-0.0005119943 -0.0002828156 -0.0108084217
-0.0003883816 -0.0003023263 -0.0108094952
-0.0002647954 -0.0002829831 -0.0108057239
-0.0001533333 -0.0002266795 -0.0107974768
-0.0000649059 -0.0001389269 -0.0107855611
-0.0000081690 -0.0000283151 -0.0107711434
0.0000006501 -0.0000244743 -0.0098105341
-0.0000187222 0.0000981867 -0.0097950133
-0.0000753393 0.0002087780 -0.0097799806
-0.0001636591 0.0002964742 -0.0097669076
-0.0002750365 0.0003526908 -0.0097570739
-0.0003985688 0.0003719250 -0.0097514421
-0.0005221640 0.0003522941 -0.0097505635
-0.0006337237 0.0002957196 -0.0097545241
-0.0007223276 0.0002077395 -0.0097629362
-0.0007793025 0.0000969658 -0.0097749763
-0.0007990714 -0.0000257581 -0.0097894659
-0.0007796992 -0.0001484191 -0.0098049867
-0.0007230821 -0.0002590105 -0.0098200194
-0.0006347622 -0.0003467066 -0.0098330924
-0.0005233849 -0.0004029232 -0.0098429261
-0.0003998526 -0.0004221574 -0.0098485579
-0.0002762574 -0.0004025265 -0.0098494365
-0.0001646977 -0.0003459520 -0.0098454759
-0.0000760938 -0.0002579719 -0.0098370638
-0.0000191189 -0.0001471982 -0.0098250237
0.0000255163 -0.0001412364 -0.0088644823
0.0000063862 -0.0000184196 -0.0088499231
-0.0000499525 0.0000922451 -0.0088343925
-0.0001379849 0.0001799249 -0.0088194108
-0.0002490939 0.0002360372 -0.0088064445
-0.0003724033 0.0002550894 -0.0087967629
-0.0004958426 0.0002352163 -0.0087913136
-0.0006073289 0.0001783634 -0.0087906301
-0.0006959491 0.0000900958 -0.0087947792
-0.0007530284 -0.0000209462 -0.0088033549
-0.0007729794 -0.0001438931 -0.0088155177
-0.0007538493 -0.0002667099 -0.0088300769
-0.0006975106 -0.0003773746 -0.0088456075
-0.0006094782 -0.0004650544 -0.0088605892
-0.0004983693 -0.0005211668 -0.0088735555
-0.0003750599 -0.0005402189 -0.0088832371
-0.0002516205 -0.0005203458 -0.0088886864
-0.0001401342 -0.0004634929 -0.0088893699
-0.0000515140 -0.0003752253 -0.0088852208
0.0000055652 -0.0002641833 -0.0088766451
0.0000838383 -0.0002455979 -0.0079162205
0.0000648193 -0.0001225154 -0.0079039371
0.0000086682 -0.0000116324 -0.0078893105
-0.0000791182 0.0000761972 -0.0078737725
-0.0001899470 0.0001323758 -0.0078588442
-0.0003129694 0.0001514044 -0.0078459867
-0.0004361431 0.0001314203 -0.0078364586
-0.0005474111 0.0000743798 -0.0078311927
-0.0006358816 -0.0000141338 -0.0078307044
-0.0006928945 -0.0001254560 -0.0078350415
-0.0007128691 -0.0002486898 -0.0078437795
-0.0006938500 -0.0003717723 -0.0078560629
-0.0006376990 -0.0004826553 -0.0078706895
-0.0005499125 -0.0005704848 -0.0078862275
-0.0004390837 -0.0006266635 -0.0079011558
-0.0003160613 -0.0006456921 -0.0079140133
-0.0001928876 -0.0006257080 -0.0079235414
-0.0000816196 -0.0005686675 -0.0079288073
0.0000068509 -0.0004801539 -0.0079292956
0.0000638638 -0.0003688317 -0.0079249585
0.0001705863 -0.0003281951 -0.0069646891
0.0001515080 -0.0002048308 -0.0069557903
0.0000953877 -0.0000936615 -0.0069433880
0.0000077188 -0.0000055692 -0.0069286964
-0.0001029168 0.0000508230 -0.0069131536
-0.0002256896 0.0000699950 -0.0068982809
-0.0003485816 0.0000500702 -0.0068855342
-0.0004595633 -0.0000070010 -0.0068761613
-0.0005477710 -0.0000956322 -0.0068710796
-0.0006045704 -0.0002071475 -0.0068707866
-0.0006244015 -0.0003306310 -0.0068753109
-0.0006053231 -0.0004539953 -0.0068842097
-0.0005492028 -0.0005651646 -0.0068966120
-0.0004615340 -0.0006532569 -0.0069113036
-0.0003508983 -0.0007096490 -0.0069268464
-0.0002281256 -0.0007288211 -0.0069417191
-0.0001052336 -0.0007088963 -0.0069544658
0.0000057481 -0.0006518250 -0.0069638387
0.0000939558 -0.0005631938 -0.0069689204
0.0001507552 -0.0004516786 -0.0069692134
0.0002781552 -0.0003814857 -0.0060091235
0.0002588682 -0.0002579230 -0.0060044126
0.0002026108 -0.0001465006 -0.0059953543
0.0001148898 -0.0000581251 -0.0059828353
0.0000042920 -0.0000014475 -0.0059680810
-0.0001183565 0.0000179843 -0.0059525357
-0.0002410501 -0.0000017319 -0.0059377210
-0.0003517786 -0.0000586660 -0.0059250872
-0.0004397032 -0.0001472451 -0.0059158708
-0.0004962171 -0.0002587982 -0.0059109742
-0.0005157885 -0.0003824059 -0.0059108765
-0.0004965015 -0.0005059686 -0.0059155874
-0.0004402441 -0.0006173911 -0.0059246457
-0.0003525231 -0.0007057665 -0.0059371647
-0.0002419253 -0.0007624441 -0.0059519190
-0.0001192768 -0.0007818759 -0.0059674643
0.0000034168 -0.0007621597 -0.0059822790
0.0001141453 -0.0007052256 -0.0059949128
0.0002020699 -0.0006166466 -0.0060041292
0.0002585839 -0.0005050934 -0.0060090258
0.0003969719 -0.0004004601 -0.0050491235
0.0003774005 -0.0002768524 -0.0050490258
0.0003208865 -0.0001652992 -0.0050441292
0.0002329620 -0.0000767202 -0.0050349128
0.0001222335 -0.0000197861 -0.0050222790
-0.0000004601 -0.0000000699 -0.0050074643
-0.0001231087 -0.0000195017 -0.0049919190
-0.0002337065 -0.0000761793 -0.0049771647
-0.0003214274 -0.0001645547 -0.0049646457
-0.0003776849 -0.0002759772 -0.0049555874
-0.0003969719 -0.0003995399 -0.0049508765
-0.0003774005 -0.0005231476 -0.0049509742
-0.0003208865 -0.0006347008 -0.0049558708
-0.0002329620 -0.0007232798 -0.0049650872
-0.0001222335 -0.0007802139 -0.0049777210
0.0000004601 -0.0007999301 -0.0049925357
0.0001231087 -0.0007804983 -0.0050080810
0.0002337065 -0.0007238207 -0.0050228353
0.0003214274 -0.0006354453 -0.0050353543
0.0003776849 -0.0005240228 -0.0050444126
0.0005163105 -0.0003831638 -0.0040846891
0.0004964794 -0.0002596803 -0.0040892134
0.0004396800 -0.0001481650 -0.0040889204
0.0003514723 -0.0000595338 -0.0040838387
0.0002404906 -0.0000024626 -0.0040744658
0.0001175987 0.0000174622 -0.0040617191
-0.0000051741 -0.0000017098 -0.0040468464
-0.0001158098 -0.0000581020 -0.0040313036
-0.0002034786 -0.0001461943 -0.0040166120
-0.0002595989 -0.0002573636 -0.0040042097
-0.0002786773 -0.0003807278 -0.0039953109
-0.0002588462 -0.0005042113 -0.0039907866
-0.0002020468 -0.0006157266 -0.0039910796
-0.0001138391 -0.0007043578 -0.0039961613
-0.0000028574 -0.0007614291 -0.0040055342
0.0001200346 -0.0007813539 -0.0040182809
0.0002428074 -0.0007621818 -0.0040331536
0.0003534431 -0.0007057896 -0.0040486964
0.0004411119 -0.0006176973 -0.0040633880
0.0004972322 -0.0005065281 -0.0040757903
0.0006252613 -0.0003309590 -0.0031162205
0.0006052867 -0.0002077252 -0.0031249585
0.0005482738 -0.0000964030 -0.0031292956
0.0004598033 -0.0000078894 -0.0031288073
0.0003485353 0.0000491511 -0.0031235414
0.0002253616 0.0000691352 -0.0031140133
0.0001023392 0.0000501066 -0.0031011558
-0.0000084896 -0.0000060720 -0.0030862275
-0.0000962760 -0.0000939015 -0.0030706895
-0.0001524270 -0.0002047846 -0.0030560629
-0.0001714461 -0.0003278671 -0.0030437795
-0.0001514716 -0.0004511009 -0.0030350415
-0.0000944587 -0.0005624231 -0.0030307044
-0.0000059881 -0.0006509366 -0.0030311927
0.0001052798 -0.0007079772 -0.0030364586
0.0002284535 -0.0007279613 -0.0030459867
0.0003514759 -0.0007089327 -0.0030588442
0.0004623047 -0.0006527540 -0.0030737725
0.0005500912 -0.0005649245 -0.0030893105
0.0006062422 -0.0004540415 -0.0031039371
0.0007137632 -0.0002484722 -0.0021444823
0.0006938122 -0.0001255253 -0.0021566451
0.0006367329 -0.0000144833 -0.0021652208
0.0005481127 0.0000737843 -0.0021693699
0.0004366264 0.0001306372 -0.0021686864
0.0003131870 0.0001505103 -0.0021632371
0.0001898777 0.0001314582 -0.0021535555
0.0000787687 0.0000753459 -0.0021405892
-0.0000092637 -0.0000123340 -0.0021256075
-0.0000656024 -0.0001229987 -0.0021100769
-0.0000847325 -0.0002458155 -0.0020955177
-0.0000647814 -0.0003687624 -0.0020833549
-0.0000077022 -0.0004798044 -0.0020747792
0.0000809180 -0.0005680720 -0.0020706301
0.0001924043 -0.0006249249 -0.0020713136
0.0003158437 -0.0006447979 -0.0020767629
0.0004391531 -0.0006257458 -0.0020864445
0.0005502620 -0.0005696335 -0.0020994108
0.0006382944 -0.0004819537 -0.0021143925
0.0006946331 -0.0003712890 -0.0021299231
0.0007735923 -0.0001432066 -0.0011705341
0.0007538234 -0.0000204827 -0.0011850237
0.0006968484 0.0000902909 -0.0011970638
0.0006082445 0.0001782710 -0.0012054759
0.0004966849 0.0002348455 -0.0012094365
0.0003730897 0.0002544765 -0.0012085579
0.0002495573 0.0002352422 -0.0012029261
0.0001381800 0.0001790256 -0.0011930924
0.0000498601 0.0000913295 -0.0011800194
-0.0000067569 -0.0000192618 -0.0011649867
-0.0000261292 -0.0001419229 -0.0011494659
-0.0000063602 -0.0002646468 -0.0011349763
0.0000506147 -0.0003754204 -0.0011229362
0.0001392186 -0.0004634006 -0.0011145241
0.0002507783 -0.0005199750 -0.0011105635
0.0003743735 -0.0005396060 -0.0011114421
0.0004979058 -0.0005203717 -0.0011170739
0.0006092831 -0.0004641551 -0.0011269076
0.0006976030 -0.0003764590 -0.0011399806
0.0007542201 -0.0002658677 -0.0011550133
0.0007991868 -0.0000248451 -0.0001956349
0.0007796943 0.0000977985 -0.0002111434
0.0007229575 0.0002084103 -0.0002255611
0.0006345301 0.0002961629 -0.0002374768
0.0005230679 0.0003524665 -0.0002457239
0.0003994818 0.0003718097 -0.0002494952
0.0002758691 0.0003522989 -0.0002484217
0.0001643300 0.0002958442 -0.0002426082
0.0000757826 0.0002079716 -0.0002326240
0.0000188946 0.0000972828 -0.0002194463
-0.0000007654 -0.0000253873 -0.0002043651
0.0000187270 -0.0001480309 -0.0001888566
0.0000754639 -0.0002586427 -0.0001744389
0.0001638913 -0.0003463953 -0.0001625232
0.0002753534 -0.0004026989 -0.0001542761
0.0003989396 -0.0004220421 -0.0001505048
0.0005225523 -0.0004025314 -0.0001515783
0.0006340914 -0.0003460766 -0.0001573918
0.0007226388 -0.0002582040 -0.0001673760
0.0007795268 -0.0001475152 -0.0001805537
0.0007882059 0.0000956880 0.0007788702
0.0007689867 0.0002184223 0.0007637428
0.0007125377 0.0003290359 0.0007482490
0.0006243847 0.0004167013 0.0007339055
0.0005131566 0.0004728371 0.0007221162
0.0003897411 0.0004919484 0.0007140354
0.0002662191 0.0004721644 0.0007104538
0.0001546818 0.0004154218 0.0007117222
0.0000660472 0.0003272748 0.0007177163
0.0000089914 0.0002163520 0.0007278495
-0.0000109005 0.0000935112 0.0007411298
0.0000083187 -0.0000292231 0.0007562572
0.0000647676 -0.0001398367 0.0007717510
0.0001529207 -0.0002275021 0.0007860945
0.0002641488 -0.0002836379 0.0007978838
0.0003875643 -0.0003027492 0.0008059646
0.0005110863 -0.0002829652 0.0008095462
0.0006226236 -0.0002262226 0.0008082778
0.0007112582 -0.0001380756 0.0008022837
0.0007683140 -0.0000271528 0.0007921505
0.0007417519 0.0002072974 0.0017516719
0.0007227063 0.0003302614 0.0017382911
0.0006664935 0.0004410398 0.0017231199
0.0005786159 0.0005287890 0.0017076433
0.0004676756 0.0005849194 0.0016933762
0.0003445322 0.0006039365 0.0016817152
0.0002212400 0.0005839790 0.0016738019
0.0001098674 0.0005270002 0.0016704107
0.0000213166 0.0004385778 0.0016718737
-0.0000357446 0.0003273671 0.0016780476
-0.0000557306 0.0002042542 0.0016883281
-0.0000366850 0.0000812903 0.0017017089
0.0000195279 -0.0000294882 0.0017168801
0.0001074055 -0.0001172373 0.0017323567
0.0002183457 -0.0001733677 0.0017466238
0.0003414891 -0.0001923849 0.0017582848
0.0004647814 -0.0001724273 0.0017661981
0.0005761539 -0.0001154486 0.0017695893
0.0006647047 -0.0000270262 0.0017681263
0.0007217659 0.0000841845 0.0017619524
0.0006642316 0.0002997942 0.0027216146
0.0006451987 0.0004230458 0.0027111883
0.0005890868 0.0005340939 0.0026977092
0.0005013885 0.0006220683 0.0026824965
0.0003906883 0.0006783575 0.0026670395
0.0002678225 0.0006974515 0.0026528511
0.0001448178 0.0006774813 0.0026413203
0.0000337149 0.0006204017 0.0026335757
-0.0000546106 0.0005317999 0.0026303754
-0.0001115130 0.0004203491 0.0026320327
-0.0001314221 0.0002969587 0.0026383854
-0.0001123892 0.0001737071 0.0026488117
-0.0000562773 0.0000626590 0.0026622908
0.0000314210 -0.0000253154 0.0026775035
0.0001421211 -0.0000816046 0.0026929605
0.0002649870 -0.0001006986 0.0027071489
0.0003879917 -0.0000807284 0.0027186797
0.0004990945 -0.0000236488 0.0027264243
0.0005874201 0.0000649530 0.0027296246
0.0006443225 0.0001764038 0.0027279673
0.0005628830 0.0003648559 0.0036878006
0.0005436973 0.0004883516 0.0036812701
0.0004875156 0.0005996790 0.0036706998
0.0003998372 0.0006879406 0.0036571244
0.0002892447 0.0007444969 0.0036418727
0.0001665637 0.0007638116 0.0036264377
0.0000438031 0.0007439941 0.0036123303
-0.0000670204 0.0006869843 0.0036009314
-0.0001550588 0.0005983627 0.0035933568
-0.0002116941 0.0004868042 0.0035903479
-0.0002313825 0.0003632289 0.0035921994
-0.0002121969 0.0002397332 0.0035987299
-0.0001560151 0.0001284058 0.0036093002
-0.0000683367 0.0000401442 0.0036228756
0.0000422558 -0.0000164121 0.0036381273
0.0001649367 -0.0000357268 0.0036535623
0.0002876973 -0.0000159093 0.0036676697
0.0003985209 0.0000411005 0.0036790686
0.0004865592 0.0001297221 0.0036866432
0.0005431946 0.0002412806 0.0036896521
0.0004470372 0.0003967681 0.0046496717
0.0004275873 0.0005203781 0.0046476264
0.0003711896 0.0006318959 0.0046409192
0.0002833646 0.0007204053 0.0046302065
0.0001727093 0.0007772426 0.0046165369
0.0000500555 0.0007968439 0.0046012486
-0.0000725908 0.0007772907 0.0045858381
-0.0001832239 0.0007204968 0.0045718139
-0.0002710145 0.0006320218 0.0045605487
-0.0003273688 0.0005205261 0.0045531453
-0.0003467706 0.0003969237 0.0045503283
-0.0003273207 0.0002733137 0.0045523736
-0.0002709230 0.0001617959 0.0045590808
-0.0001830980 0.0000732864 0.0045697935
-0.0000724427 0.0000164492 0.0045834631
0.0000502111 -0.0000031522 0.0045987514
0.0001728574 0.0000164011 0.0046141619
0.0002834905 0.0000731949 0.0046281861
0.0003712811 0.0001616700 0.0046394513
0.0004276354 0.0002731657 0.0046468547
0.0003272118 0.0003928840 0.0056070588
0.0003074795 0.0005164383 0.0056096834
0.0002507959 0.0006279904 0.0056074447
0.0001627096 0.0007166208 0.0056005617
0.0000518432 0.0007736538 0.0055897083
-0.0000709509 0.0007935066 0.0055759468
-0.0001936529 0.0007742358 0.0055606244
-0.0003042518 0.0007177279 0.0055452408
-0.0003919213 0.0006295141 0.0055313019
-0.0004480799 0.0005182295 0.0055201723
-0.0004672303 0.0003947674 0.0055129412
-0.0004474979 0.0002712132 0.0055103166
-0.0003908143 0.0001596611 0.0055125553
-0.0003027281 0.0000710306 0.0055194383
-0.0001918617 0.0000139976 0.0055302917
-0.0000690675 -0.0000058552 0.0055440532
0.0000536344 0.0000134156 0.0055593756
0.0001642333 0.0000699236 0.0055747592
0.0002519029 0.0001581374 0.0055886981
0.0003080615 0.0002694219 0.0055998277
0.0002141404 0.0003537814 0.0065601979
0.0001942070 0.0004771295 0.0065672555
0.0001372685 0.0005885477 0.0065696874
0.0000488985 0.0006771295 0.0065672555
-0.0000622528 0.0007342040 0.0065601979
-0.0001853051 0.0007541842 0.0065492055
-0.0003082133 0.0007351145 0.0065353542
-0.0004189460 0.0006788614 0.0065200000
-0.0005066642 0.0005909314 0.0065046458
-0.0005627813 0.0004799317 0.0064907945
-0.0005818043 0.0003567278 0.0064798021
-0.0005618709 0.0002333796 0.0064727445
-0.0005049324 0.0001219615 0.0064703126
-0.0004165623 0.0000333796 0.0064727445
-0.0003054110 -0.0000236948 0.0064798021
-0.0001823587 -0.0000436751 0.0064907945
-0.0000594506 -0.0000246053 0.0065046458
0.0000512822 0.0000316478 0.0065200000
0.0001390003 0.0001195778 0.0065353542
0.0001951175 0.0002305774 0.0065492055
0.0001178325 0.0002831295 0.0075097083
0.0000978505 0.0004061939 0.0075205617
0.0000407781 0.0005173572 0.0075274447
-0.0000477981 0.0006057380 0.0075296834
-0.0001592075 0.0006626850 0.0075270588
-0.0002825448 0.0006826238 0.0075198277
-0.0004057366 0.0006636026 0.0075086981
-0.0005167243 0.0006074834 0.0074947592
-0.0006046435 0.0005197596 0.0074793756
-0.0006608881 0.0004090181 0.0074640532
-0.0006799525 0.0002860990 0.0074502917
-0.0006599705 0.0001630347 0.0074394383
-0.0006028981 0.0000518714 0.0074325553
-0.0005143219 -0.0000365094 0.0074303166
-0.0004029124 -0.0000934564 0.0074329412
-0.0002795752 -0.0001133952 0.0074401723
-0.0001563833 -0.0000943741 0.0074513019
-0.0000453957 -0.0000382549 0.0074652408
0.0000425235 0.0000494690 0.0074806244
0.0000987681 0.0001602105 0.0074959468
0.0000467403 0.0001873093 0.0084565369
0.0000268793 0.0003101123 0.0084702065
-0.0000301588 0.0004209898 0.0084809192
-0.0001187907 0.0005090881 0.0084876264
-0.0002303405 0.0005657837 0.0084896717
-0.0003538888 0.0005855267 0.0084868547
-0.0004773420 0.0005663846 0.0084794513
-0.0005886155 0.0005102311 0.0084681861
-0.0006768172 0.0004225630 0.0084541619
-0.0007333132 0.0003119618 0.0084387514
-0.0007525733 0.0001892539 0.0084234631
-0.0007327123 0.0000664508 0.0084097935
-0.0006756742 -0.0000444266 0.0083990808
-0.0005870423 -0.0001325250 0.0083923736
-0.0004754925 -0.0001892205 0.0083903283
-0.0003519442 -0.0002089636 0.0083931453
-0.0002284910 -0.0001898215 0.0084005487
-0.0001172175 -0.0001336680 0.0084118139
-0.0000290158 -0.0000459999 0.0084258381
0.0000274802 0.0000646014 0.0084412486
0.0000070807 0.0000748358 0.0094018727
-0.0000125325 0.0001974924 0.0094171244
-0.0000693802 0.0003081538 0.0094306998
-0.0001578978 0.0003959879 0.0094412701
-0.0002694204 0.0004523969 0.0094478006
-0.0003930316 0.0004718589 0.0094496521
-0.0005166313 0.0004524690 0.0094466432
-0.0006281208 0.0003961251 0.0094390686
-0.0007165867 0.0003083426 0.0094276697
-0.0007733694 0.0001977143 0.0094135623
-0.0007929105 0.0000750692 0.0093981273
-0.0007732973 -0.0000475873 0.0093828756
-0.0007164496 -0.0001582488 0.0093693002
-0.0006279320 -0.0002460829 0.0093587299
-0.0005164094 -0.0003024918 0.0093521994
-0.0003927982 -0.0003219538 0.0093503479
-0.0002691985 -0.0003025639 0.0093533568
-0.0001577090 -0.0002462201 0.0093609314
-0.0000692431 -0.0001584376 0.0093723303
-0.0000124604 -0.0000478093 0.0093864377
0.0000023447 -0.0000443624 0.0103470395
-0.0000169813 0.0000783140 0.0103624965
-0.0000735497 0.0001889056 0.0103777092
-0.0001618232 0.0002765870 0.0103911883
-0.0002731609 0.0003327752 0.0104016146
-0.0003966644 0.0003519702 0.0104079673
-0.0005202442 0.0003322930 0.0104096246
-0.0006318036 0.0002756699 0.0104064243
-0.0007204222 0.0001876433 0.0103986797
-0.0007774256 0.0000768301 0.0103871489
-0.0007972337 -0.0000459227 0.0103729605
-0.0007779077 -0.0001685991 0.0103575035
-0.0007213393 -0.0002791907 0.0103422908
-0.0006330659 -0.0003668721 0.0103288117
-0.0005217281 -0.0004230603 0.0103183854
-0.0003982246 -0.0004422553 0.0103120327
-0.0002746448 -0.0004225781 0.0103103754
-0.0001630855 -0.0003659550 0.0103135757
-0.0000744668 -0.0002779284 0.0103213203
-0.0000174635 -0.0001671152 0.0103328511
0.0000330141 -0.0001597610 0.0112933762
0.0000139133 -0.0000369053 0.0113076433
-0.0000423854 0.0000737873 0.0113231199
-0.0001303713 0.0001614813 0.0113382911
-0.0002414315 0.0002175927 0.0113516719
-0.0003646949 0.0002366289 0.0113619524
-0.0004880954 0.0002167265 0.0113681263
-0.0005995538 0.0001598336 0.0113695893
-0.0006881598 0.0000715195 0.0113661981
-0.0007452400 -0.0000395713 0.0113582848
-0.0007652070 -0.0001625642 0.0113466238
-0.0007461062 -0.0002854199 0.0113323567
-0.0006898075 -0.0003961124 0.0113168801
-0.0006018217 -0.0004838064 0.0113017089
-0.0004907614 -0.0005399178 0.0112883281
-0.0003674981 -0.0005589540 0.0112780476
-0.0002440975 -0.0005390516 0.0112718737
-0.0001326391 -0.0004821588 0.0112704107
-0.0000440331 -0.0003938446 0.0112738019
0.0000130471 -0.0002827539 0.0112817152
0.0000964985 -0.0002611059 0.0122421162
0.0000774816 -0.0001379747 0.0122539055
0.0000213476 -0.0000270461 0.0122682490
-0.0000664085 0.0000608215 0.0122837428
-0.0001771967 0.0001170270 0.0122988702
-0.0003001722 0.0001360686 0.0123121505
-0.0004232972 0.0001160824 0.0123222837
-0.0005345196 0.0000590248 0.0123282778
-0.0006229520 -0.0000295191 0.0123295462
-0.0006799381 -0.0001408819 0.0123259646
-0.0006998996 -0.0002641627 0.0123178838
-0.0006808827 -0.0003872939 0.0123060945
-0.0006247487 -0.0004982225 0.0122917510
-0.0005369926 -0.0005860901 0.0122762572
-0.0004262044 -0.0006422956 0.0122611298
-0.0003032289 -0.0006613372 0.0122478495
-0.0001801039 -0.0006413510 0.0122377163
-0.0000688815 -0.0005842934 0.0122317222
0.0000195509 -0.0004957495 0.0122304538
0.0000765370 -0.0003843867 0.0122340354
0.0001873066 -0.0003392820 0.0131942761
0.0001682024 -0.0002158765 0.0132025232
0.0001120703 -0.0001046599 0.0132144389
0.0000244049 -0.0000165191 0.0132288566
-0.0000862126 0.0000399183 0.0132443651
-0.0002089541 0.0000591277 0.0132594463
-0.0003318048 0.0000392287 0.0132726240
-0.0004427392 -0.0000178307 0.0132826082
-0.0005308984 -0.0001064653 0.0132884217
-0.0005876526 -0.0002179988 0.0132894952
-0.0006074463 -0.0003415136 0.0132857239
-0.0005883422 -0.0004649191 0.0132774768
-0.0005322100 -0.0005761356 0.0132655611
-0.0004445446 -0.0006642765 0.0132511434
-0.0003339271 -0.0007207139 0.0132356349
-0.0002111856 -0.0007399233 0.0132205537
-0.0000883349 -0.0007200243 0.0132073760
0.0000225995 -0.0006629648 0.0131973918
0.0001107587 -0.0005743303 0.0131915783
0.0001675129 -0.0004627968 0.0131905048
0.0002974572 -0.0003871239 0.0141505635
0.0002781255 -0.0002635419 0.0141545241
0.0002218316 -0.0001520872 0.0141629362
0.0001340858 -0.0000636699 0.0141749763
0.0000234774 -0.0000069447 0.0141894659
-0.0000991666 0.0000125355 0.0142049867
-0.0002218408 -0.0000071359 0.0142200194
-0.0003325371 -0.0000640335 0.0142330924
-0.0004204198 -0.0001525878 0.0142429261
-0.0004768862 -0.0002641303 0.0142485579
-0.0004964091 -0.0003877426 0.0142494365
-0.0004770774 -0.0005113246 0.0142454759
-0.0004207835 -0.0006227793 0.0142370638
-0.0003330377 -0.0007111967 0.0142250237
-0.0002224293 -0.0007679218 0.0142105341
-0.0000997853 -0.0007874021 0.0141950133
0.0000228889 -0.0007677306 0.0141799806
0.0001335852 -0.0007108330 0.0141669076
0.0002214679 -0.0006222788 0.0141570739
0.0002779343 -0.0005107362 0.0141514421
0.0004171233 -0.0004001010 0.0151113136
0.0003975041 -0.0002765027 0.0151106301
0.0003409418 -0.0001649438 0.0151147792
0.0002529730 -0.0000763443 0.0151233549
0.0001422088 -0.0000193770 0.0151355177
0.0000194915 0.0000003817 0.0151500769
-0.0001031665 -0.0000190024 0.0151656075
-0.0002137585 -0.0000756316 0.0151805892
-0.0003014590 -0.0001639628 0.0151935555
-0.0003576833 -0.0002753496 0.0152032371
-0.0003769278 -0.0003988885 0.0152086864
-0.0003573086 -0.0005224868 0.0152093699
-0.0003007463 -0.0006340458 0.0152052208
-0.0002127776 -0.0007226453 0.0151966451
-0.0001020133 -0.0007796125 0.0151844823
0.0000207040 -0.0007993712 0.0151699231
0.0001433619 -0.0007799872 0.0151543925
0.0002539539 -0.0007233580 0.0151394108
0.0003416545 -0.0006350267 0.0151264445
0.0003978788 -0.0005236400 0.0151167629
0.0005354781 -0.0003768014 0.0160764586
0.0005156130 -0.0002533528 0.0160711927
0.0004587705 -0.0001418602 0.0160707044
0.0003705148 -0.0000532372 0.0160750415
0.0002594849 0.0000038411 0.0160837795
0.0001365493 0.0000237874 0.0160960629
0.0000137417 0.0000046494 0.0161106895
-0.0000969167 -0.0000516997 0.0161262275
-0.0001845937 -0.0001397440 0.0161411558
-0.0002407070 -0.0002508651 0.0161540133
-0.0002597638 -0.0003741857 0.0161635414
-0.0002398987 -0.0004976343 0.0161688073
-0.0001830562 -0.0006091269 0.0161692956
-0.0000948005 -0.0006977499 0.0161649585
0.0000162294 -0.0007548282 0.0161562205
0.0001391650 -0.0007747745 0.0161439371
0.0002619727 -0.0007556365 0.0161293105
0.0003726310 -0.0006992874 0.0161137725
0.0004603080 -0.0006112431 0.0160988442
0.0005164213 -0.0005001220 0.0160859867
0.0006416815 -0.0003191441 0.0170455342
0.0006216987 -0.0001959582 0.0170361613
0.0005646631 -0.0000846792 0.0170310796
0.0004761578 0.0000038004 0.0170307866
0.0003648461 0.0000608194 0.0170353109
0.0002416242 0.0000807964 0.0170442097
0.0001185538 0.0000617760 0.0170566120
0.0000076819 0.0000056201 0.0170713036
-0.0000801386 -0.0000821746 0.0170868464
-0.0001363111 -0.0001930139 0.0171017191
-0.0001553372 -0.0003160482 0.0171144658
-0.0001353545 -0.0004392341 0.0171238387
-0.0000783189 -0.0005505132 0.0171289204
0.0000101865 -0.0006389927 0.0171292134
0.0001214981 -0.0006960117 0.0171246891
0.0002447200 -0.0007159888 0.0171157903
0.0003677904 -0.0006969684 0.0171033880
0.0004786623 -0.0006408124 0.0170886964
0.0005664828 -0.0005530177 0.0170731536
0.0006226554 -0.0004421784 0.0170582809
0.0007259128 -0.0002322707 0.0180177210
0.0007059822 -0.0001093680 0.0180050872
0.0006489088 0.0000016256 0.0179958708
0.0005602792 0.0000898454 0.0179909742
0.0004487692 0.0001466558 0.0179908765
0.0003252941 0.0001664957 0.0179955874
0.0002019405 0.0001474232 0.0180046457
0.0000907832 0.0000913051 0.0180171647
0.0000027030 0.0000036347 0.0180319190
-0.0000536782 -0.0001070063 0.0180474643
-0.0000728414 -0.0002297874 0.0180622790
-0.0000529108 -0.0003526901 0.0180749128
0.0000041626 -0.0004636838 0.0180841292
0.0000927922 -0.0005519036 0.0180890258
0.0002043022 -0.0006087140 0.0180891235
0.0003277773 -0.0006285539 0.0180844126
0.0004511309 -0.0006094813 0.0180753543
0.0005622882 -0.0005533632 0.0180628353
0.0006503684 -0.0004656928 0.0180480810
0.0007067496 -0.0003550519 0.0180325357
0.0007803407 -0.0001241039 0.0189919190
0.0007606137 -0.0000014048 0.0189771647
0.0007036709 0.0001093323 0.0189646457
0.0006150863 0.0001972677 0.0189555874
0.0005035313 0.0002537937 0.0189508765
0.0003799255 0.0002733771 0.0189509742
0.0002563683 0.0002541010 0.0189558708
0.0001449545 0.0001978521 0.0189650872
0.0000565899 0.0001101367 0.0189777210
-0.0000000757 -0.0000004592 0.0189925357
-0.0000194954 -0.0001231096 0.0190080810
0.0000002316 -0.0002458088 0.0190228353
0.0000571743 -0.0003565459 0.0190353543
0.0001457589 -0.0004444813 0.0190444126
0.0002573139 -0.0005010073 0.0190491235
0.0003809198 -0.0005205907 0.0190490258
0.0005044769 -0.0005013146 0.0190441292
0.0006158907 -0.0004450657 0.0190349128
0.0007042553 -0.0003573503 0.0190222790
0.0007609209 -0.0002467544 0.0190074643
0.0007999096 -0.0000046036 0.0199668464
0.0007804657 0.0001180433 0.0199513036
0.0007237761 0.0002286433 0.0199366120
0.0006353900 0.0003163701 0.0199242097
0.0005239592 0.0003726364 0.0199153109
0.0004003912 0.0003919344 0.0199107866
0.0002767819 0.0003723751 0.0199110796
0.0001652309 0.0003158731 0.0199161613
0.0000766577 0.0002279592 0.0199255342
0.0000197324 0.0001172391 0.0199382809
0.0000000272 -0.0000054492 0.0199531536
0.0000194711 -0.0001280962 0.0199686964
0.0000761607 -0.0002386962 0.0199833880
0.0001645468 -0.0003264230 0.0199957903
0.0007232791 -0.0002380120 0.0199944658
0.0007802044 -0.0001272919 0.0199817191
