-0.00223177501639 0.00133385916656 -0.0187435897436
-0.00251476323887 0.000660277102749 -0.0173076923077
-0.00259917625841 -6.54429347831e-05 -0.0158717948718
-0.00247834850418 -0.000785995351024 -0.0144358974359
-0.00216182099199 -0.00144448260585 -0.013
-0.00167458792964 -0.00198890805869 -0.0115641025641
-0.00105512307988 -0.00237628181963 -0.0101282051282
-0.000352341726821 -0.0025760153935 -0.00869230769231
0.000378261859694 -0.00257233706296 -0.00725641025641
0.00107899646117 -0.0023655372829 -0.00582051282051
0.00169452942699 -0.00197194574496 -0.00438461538462
0.00217625594946 -0.00142264192348 -0.00294871794872
0.00248613708301 -0.000761000922778 -0.00151282051282
0.00259970344301 -3.92684151116e-05 -7.69230769231e-05
0.00250798740074 0.000685564874918 0.00135897435897
0.00221823120131 0.00135626337323 0.00279487179487
0.00175331508854 0.00191986619333 0.00423076923077
0.00114995059457 0.00233186912798 0.00566666666667
0.000455781658592 0.00255973886943 0.00710256410256
-0.000274377518515 0.00258548196229 0.00853846153846
-0.000982870810509 0.00240706563472 0.00997435897436
-0.00161375291126 0.00203857831378 0.0114102564103
-0.00211720698742 0.00150911715 0.0128461538462
-0.00245347840371 0.000860490396526 0.0142820512821
-0.00259601389911 0.000143916071493 0.0157179487179
-0.00253355833257 -0.000584022410078 0.0171538461538
-0.0022710434315 -0.00126584427645 0.0185897435897
