0.00155461077266 0.000378398395238 -0.019848
0.00136369872087 0.000836854705854 -0.0196496
0.00104140836031 0.00121468869554 -0.0194512
0.000618789043661 0.00147549995576 -0.0192528
0.000136555783849 0.00159416201118 -0.0190544
-0.000358833217519 0.00155924299646 -0.018856
-0.000819652338809 0.00137410699856 -0.0186576
-0.00120150640984 0.00105658996168 -0.0184592
-0.00146760772868 0.000637281377971 -0.0182608
-0.00159232017743 0.000156577305391 -0.0180624
-0.00156362899771 -0.000339211375875 -0.017864
-0.00138429828883 -0.000802320539159 -0.0176656
-0.00107160471525 -0.00118813439234 -0.0174672
-0.000655673078164 -0.00145948374933 -0.0172688
-0.000176574101562 -0.00159022689785 -0.0170704
0.000319535968823 -0.00156776808381 -0.016872
0.000784862043794 -0.00139427098235 -0.0166736
0.00117457475465 -0.00108645025 -0.0164752
0.00145112930058 -0.000673961239977 -0.0162768
0.00158788250302 -0.000196543014635 -0.0160784
0.00157165960117 0.000299810103337 -0.01588
0.00140402350432 0.000767279609614 -0.0156816
0.00110112422167 0.001160829638 -0.0154832
0.000692142975498 0.00144254570169 -0.0152848
0.000216480891288 0.00158528736313 -0.0150864
-0.00028003689436 0.00157530293525 -0.014888
-0.000749576013089 0.0014135543147 -0.0146896
-0.00114690121288 0.00111562431306 -0.0144912
-0.00143373430811 0.000710215413619 -0.0142928
-0.00158244188799 0.000236384583099 -0.0140944
-0.00157869751073 -0.000260219464312 -0.013896
-0.00142286190847 -0.000731754049822 -0.0136976
-0.00112994823444 -0.00113279167877 -0.0134992
-0.000728175700494 -0.00142469651126 -0.0133008
-0.000256250947043 -0.00157934652693 -0.0131024
0.000240360942593 -0.00158184279158 -0.012904
0.000713816534108 -0.00143194481585 -0.0127056
0.00111850326372 -0.00114409372389 -0.0125072
0.00141543373832 -0.000746020999984 -0.0123088
0.00157600176875 -0.000276076845993 -0.0121104
0.00158473828111 0.000220464465095 -0.011912
0.00144080160254 0.000695766298489 -0.0117136
0.00115805854768 0.00110403822404 -0.0115152
0.00076374849411 0.00140594745199 -0.0113168
0.000295859149208 0.00157240814162 -0.0111184
-0.000200533173703 0.0015873835221 -0.01092
-0.000677606193305 0.00144943086996 -0.0107216
-0.00108939884393 0.0011718405006 -0.0105232
-0.00139623915025 0.000781355383495 -0.0103248
-0.00156856621301 0.000315594732834 -0.0101264
-0.00158977809683 -0.000180570215798 -0.009928
-0.00145783125544 -0.000659339086249 -0.0097296
-0.00118543740632 -0.00107458743511 -0.0095312
-0.000798838887807 -0.00138631036616 -0.0093328
-0.000335280480393 -0.00156447658962 -0.0091344
0.000160578743762 -0.00159192162717 -0.008936
0.000640967861907 -0.00146600143247 -0.0087376
0.00105960633647 -0.00119884711774 -0.0085392
0.0013761626676 -0.000816196246199 -0.0083408
0.00156013991724 -0.000354913283278 -0.0081424
0.00159381377463 0.000140561914481 -0.007944
0.00147394011088 0.00062249542131 -0.0077456
0.00121206751729 0.00104445791371 -0.0075472
0.000833424717741 0.001365797657 -0.0073488
0.00037449004124 0.00155555688067 -0.0071504
-0.000120522888845 0.00159545424042 -0.006952
-0.000603924681469 0.00148164603705 -0.0067536
-0.00102914455894 0.00122509651734 -0.0065552
-0.00135521697111 0.00085052158186 -0.0063568
-0.00155072820365 0.000394007662884 -0.0061584
-0.00159684276549 -0.000100464831247 -0.00596
-0.00148911799414 -0.000585258574921 -0.0057616
-0.00123793206044 -0.00101366869032 -0.0055632
-0.000867484138761 -0.00134442228076 -0.0053648
-0.000413463066151 -0.00154565464866 -0.0051664
8.03909090876e-05 -0.00159797913057 -0.004968
0.000566500049258 -0.00149635480224 -0.0047696
0.000998032751656 -0.00125057211972 -0.0045712
0.00133341529054 -0.00088430970986 -0.0043728
0.00154033701689 -0.000432853178806 -0.0041744
0.00159886315622 6.03042922719e-05 -0.003976
0.00150335531857 0.000547652066671 -0.0037776
0.00126301469917 0.000982239212052 -0.0035792
0.000900995638205 0.00132219773859 -0.0033808
0.000452174938927 0.00153477614804 -0.0031824
-4.02081527093e-05 0.00159949470285 -0.002984
-0.000528717603474 0.00151011843767 -0.0027856
-0.00096629056549 0.00127525783395 -0.0025872
-0.00131077139629 0.000917539288893 -0.0023888
-0.00152897292026 0.000471425295383 -0.0021904
-0.00159987367073 -2.01056638134e-05 -0.001992
-0.00151664309155 -0.000509699649639 -0.0017936
-0.00128729959073 -0.000950189330446 -0.0015952
-0.000933938049492 -0.00129913806799 -0.0013968
-0.00049060120832 -0.00152292824992 -0.0011984
9.79717439318e-20 -0.0016 -0.001
0.00049060120832 -0.00152292824992 -0.0008016
0.000933938049492 -0.00129913806799 -0.0006032
0.00128729959073 -0.000950189330446 -0.0004048
0.00151664309155 -0.000509699649639 -0.0002064
0.00159987367073 -2.01056638134e-05 -8.00000000001e-06
0.00152897292026 0.000471425295383 0.0001904
0.00131077139629 0.000917539288893 0.0003888
0.00096629056549 0.00127525783395 0.0005872
0.000528717603474 0.00151011843767 0.0007856
4.02081527094e-05 0.00159949470285 0.000984
-0.000452174938927 0.00153477614804 0.0011824
-0.000900995638205 0.00132219773859 0.0013808
-0.00126301469917 0.000982239212052 0.0015792
-0.00150335531857 0.000547652066671 0.0017776
-0.00159886315622 6.03042922719e-05 0.001976
-0.00154033701689 -0.000432853178806 0.0021744
-0.00133341529054 -0.00088430970986 0.0023728
-0.000998032751656 -0.00125057211972 0.0025712
-0.000566500049258 -0.00149635480224 0.0027696
-8.03909090877e-05 -0.00159797913057 0.002968
0.000413463066151 -0.00154565464866 0.0031664
0.000867484138761 -0.00134442228076 0.0033648
0.00123793206044 -0.00101366869032 0.0035632
0.00148911799414 -0.000585258574921 0.0037616
0.00159684276549 -0.000100464831247 0.00396
0.00155072820365 0.000394007662884 0.0041584
0.00135521697111 0.00085052158186 0.0043568
0.00102914455894 0.00122509651734 0.0045552
0.000603924681469 0.00148164603705 0.0047536
0.000120522888845 0.00159545424042 0.004952
-0.00037449004124 0.00155555688067 0.0051504
-0.000833424717741 0.001365797657 0.0053488
-0.00121206751729 0.00104445791371 0.0055472
-0.00147394011088 0.00062249542131 0.0057456
-0.00159381377463 0.000140561914481 0.005944
-0.00156013991724 -0.000354913283278 0.0061424
-0.0013761626676 -0.000816196246199 0.0063408
-0.00105960633647 -0.00119884711774 0.0065392
-0.000640967861907 -0.00146600143247 0.0067376
-0.000160578743762 -0.00159192162717 0.006936
0.000335280480393 -0.00156447658962 0.0071344
0.000798838887807 -0.00138631036616 0.0073328
0.00118543740632 -0.00107458743511 0.0075312
0.00145783125544 -0.000659339086249 0.0077296
0.00158977809683 -0.000180570215798 0.007928
0.00156856621301 0.000315594732834 0.0081264
0.00139623915025 0.000781355383495 0.0083248
0.00108939884393 0.0011718405006 0.0085232
0.000677606193305 0.00144943086996 0.0087216
0.000200533173703 0.0015873835221 0.00892
-0.000295859149208 0.00157240814162 0.0091184
-0.00076374849411 0.00140594745199 0.0093168
-0.00115805854768 0.00110403822404 0.0095152
-0.00144080160254 0.000695766298489 0.0097136
-0.00158473828111 0.000220464465095 0.009912
-0.00157600176875 -0.000276076845993 0.0101104
-0.00141543373832 -0.000746020999984 0.0103088
-0.00111850326372 -0.00114409372389 0.0105072
-0.000713816534108 -0.00143194481585 0.0107056
-0.000240360942593 -0.00158184279158 0.010904
0.000256250947043 -0.00157934652693 0.0111024
0.000728175700494 -0.00142469651126 0.0113008
0.00112994823444 -0.00113279167877 0.0114992
0.00142286190847 -0.000731754049822 0.0116976
0.00157869751073 -0.000260219464312 0.011896
0.00158244188799 0.000236384583099 0.0120944
0.00143373430811 0.000710215413619 0.0122928
0.00114690121288 0.00111562431306 0.0124912
0.000749576013089 0.0014135543147 0.0126896
0.00028003689436 0.00157530293525 0.012888
-0.000216480891288 0.00158528736313 0.0130864
-0.000692142975498 0.00144254570169 0.0132848
-0.00110112422167 0.001160829638 0.0134832
-0.00140402350432 0.000767279609614 0.0136816
-0.00157165960117 0.000299810103337 0.01388
-0.00158788250302 -0.000196543014635 0.0140784
-0.00145112930058 -0.000673961239977 0.0142768
-0.00117457475465 -0.00108645025 0.0144752
-0.000784862043794 -0.00139427098235 0.0146736
-0.000319535968823 -0.00156776808381 0.014872
0.000176574101562 -0.00159022689785 0.0150704
0.000655673078164 -0.00145948374933 0.0152688
0.00107160471525 -0.00118813439234 0.0154672
0.00138429828883 -0.000802320539159 0.0156656
0.00156362899771 -0.000339211375875 0.015864
0.00159232017743 0.000156577305391 0.0160624
0.00146760772868 0.000637281377971 0.0162608
0.00120150640984 0.00105658996168 0.0164592
0.000819652338809 0.00137410699856 0.0166576
0.000358833217519 0.00155924299646 0.016856
-0.000136555783849 0.00159416201118 0.0170544
-0.000618789043661 0.00147549995576 0.0172528
-0.00104140836031 0.00121468869554 0.0174512
-0.00136369872087 0.000836854705854 0.0176496
-0.00155461077266 0.000378398395238 0.017848
-0.00159575210828 -0.000116512698565 0.0180464
-0.00148315918429 -0.000600198995387 0.0182448
-0.00122767916782 -0.00102606230849 0.0184432
-0.00085392492384 -0.00135307509934 0.0186416
-0.000397903819464 -0.00154973305781 0.01884
9.64512145759e-05 -0.00159709021762 0.0190384
0.000581514168734 -0.00149058420479 0.0192368
0.00101055422954 -0.00124047577532 0.0194352
0.00134223781156 -0.000870860297181 0.0196336
0.00154461062213 -0.000417346410064 0.019832
