0.000194326346583 4.72997994047e-05 -0.019848
0.000170462340108 0.000104606838232 -0.0196496
0.000130176045039 0.000151836086942 -0.0194512
7.73486304576e-05 0.00018443749447 -0.0192528
1.70694729811e-05 0.000199270251398 -0.0190544
-4.48541521899e-05 0.000194905374557 -0.018856
-0.000102456542351 0.00017176337482 -0.0186576
-0.000150188301229 0.00013207374521 -0.0184592
-0.000183450966085 7.96601722464e-05 -0.0182608
-0.000199040022178 1.95721631739e-05 -0.0180624
-0.000195453624714 -4.24014219844e-05 -0.017864
-0.000173037286103 -0.000100290067395 -0.0176656
-0.000133950589406 -0.000148516799043 -0.0174672
-8.19591347705e-05 -0.000182435468667 -0.0172688
-2.20717626953e-05 -0.000198778362232 -0.0170704
3.99419961029e-05 -0.000195971010477 -0.016872
9.81077554742e-05 -0.000174283872793 -0.0166736
0.000146821844332 -0.00013580628125 -0.0164752
0.000181391162573 -8.42451549972e-05 -0.0162768
0.000198485312878 -2.45678768294e-05 -0.0160784
0.000196457450146 3.74762629171e-05 -0.01588
0.000175502938039 9.59099512017e-05 -0.0156816
0.000137640527709 0.000145103704749 -0.0154832
8.65178719373e-05 0.000180318212711 -0.0152848
2.7060111411e-05 0.000198160920392 -0.0150864
-3.50046117951e-05 0.000196912866906 -0.014888
-9.36970016361e-05 0.000176694289337 -0.0146896
-0.00014336265161 0.000139453039133 -0.0144912
-0.000179216788514 8.87769267024e-05 -0.0142928
-0.000197805235999 2.95480728874e-05 -0.0140944
-0.000197337188842 -3.2527433039e-05 -0.013896
-0.000177857738558 -9.14692562278e-05 -0.0136976
-0.000141243529305 -0.000141598959846 -0.0134992
-9.10219625617e-05 -0.000178087063908 -0.0133008
-3.20313683804e-05 -0.000197418315867 -0.0131024
3.00451178241e-05 -0.000197730348948 -0.012904
8.92270667635e-05 -0.000178993101981 -0.0127056
0.000139812907965 -0.000143011715486 -0.0125072
0.00017692921729 -9.3252624998e-05 -0.0123088
0.000197000221094 -3.45096057491e-05 -0.0121104
0.000198092285139 2.75580581369e-05 -0.011912
0.000180100200318 8.69707873111e-05 -0.0117136
0.00014475731846 0.000138004778005 -0.0115152
9.54685617637e-05 0.000175743431498 -0.0113168
3.6982393651e-05 0.000196551017702 -0.0111184
-2.50666467129e-05 0.000198422940263 -0.01092
-8.47007741632e-05 0.000181178858745 -0.0107216
-0.000136174855491 0.000146480062575 -0.0105232
-0.000174529893781 9.76694229369e-05 -0.0103248
-0.000196070776627 3.94493416043e-05 -0.0101264
-0.000198722262104 -2.25712769747e-05 -0.009928
-0.00018222890693 -8.24173857811e-05 -0.0097296
-0.000148179675791 -0.000134323429388 -0.0095312
-9.98548609759e-05 -0.00017328879577 -0.0093328
-4.19100600491e-05 -0.000195559573702 -0.0091344
2.00723429702e-05 -0.000198990203396 -0.008936
8.01209827384e-05 -0.000183250179059 -0.0087376
0.000132450792059 -0.000149855889717 -0.0085392
0.00017202033345 -0.000102024530775 -0.0083408
0.000195017489655 -4.43641604097e-05 -0.0081424
0.000199226721829 1.75702393101e-05 -0.007944
0.000184242513859 7.78119276637e-05 -0.0077456
0.000151508439662 0.000130557239214 -0.0075472
0.000104178089718 0.000170724707125 -0.0073488
4.6811255155e-05 0.000194444610084 -0.0071504
-1.50653611056e-05 0.000199431780052 -0.006952
-7.54905851836e-05 0.000185205754632 -0.0067536
-0.000128643069868 0.000153137064667 -0.0065552
-0.000169402121389 0.000106315197732 -0.0063568
-0.000193841025456 4.92509578605e-05 -0.0061584
-0.000199605345686 -1.25581039059e-05 -0.00596
-0.000186139749268 -7.31573218651e-05 -0.0057616
-0.000154741507555 -0.00012670858629 -0.0055632
-0.000108435517345 -0.000168052785095 -0.0053648
-5.16828832688e-05 -0.000193206831083 -0.0051664
1.0048863636e-05 -0.000199747391321 -0.004968
7.08125061573e-05 -0.00018704435028 -0.0047696
0.000124754093957 -0.000156321514965 -0.0045712
0.000166676911318 -0.000110538713732 -0.0043728
0.000192542127111 -5.41066473508e-05 -0.0041744
0.000199857894528 7.53803653399e-06 -0.003976
0.000187919414821 6.84565083339e-05 -0.0037776
0.000157876837396 0.000122779901507 -0.0035792
0.000112624454776 0.000165274717324 -0.0033808
5.65218673659e-05 0.000191847018506 -0.0031824
-5.02601908866e-06 0.000199936837857 -0.002984
-6.60897004343e-05 0.000188764804708 -0.0027856
-0.000120786320686 0.000159407229243 -0.0025872
-0.000163846424536 0.000114692411112 -0.0023888
-0.000191121615032 5.89281619229e-05 -0.0021904
-0.000199984208841 -2.51320797667e-06 -0.001992
-0.000189580386444 -6.37124562048e-05 -0.0017936
-0.000160912448842 -0.000118773666306 -0.0015952
-0.000116742256187 -0.000162392258499 -0.0013968
-6.132515104e-05 -0.00019036603124 -0.0011984
1.22464679915e-20 -0.0002 -0.001
6.132515104e-05 -0.00019036603124 -0.0008016
0.000116742256187 -0.000162392258499 -0.0006032
0.000160912448842 -0.000118773666306 -0.0004048
0.000189580386444 -6.37124562048e-05 -0.0002064
0.000199984208841 -2.51320797667e-06 -8.00000000001e-06
0.000191121615032 5.89281619229e-05 0.0001904
0.000163846424536 0.000114692411112 0.0003888
0.000120786320686 0.000159407229243 0.0005872
6.60897004343e-05 0.000188764804708 0.0007856
5.02601908867e-06 0.000199936837857 0.000984
-5.65218673659e-05 0.000191847018506 0.0011824
-0.000112624454776 0.000165274717324 0.0013808
-0.000157876837396 0.000122779901507 0.0015792
-0.000187919414821 6.84565083339e-05 0.0017776
-0.000199857894528 7.53803653399e-06 0.001976
-0.000192542127111 -5.41066473508e-05 0.0021744
-0.000166676911318 -0.000110538713732 0.0023728
-0.000124754093957 -0.000156321514965 0.0025712
-7.08125061573e-05 -0.00018704435028 0.0027696
-1.0048863636e-05 -0.000199747391321 0.002968
5.16828832688e-05 -0.000193206831083 0.0031664
0.000108435517345 -0.000168052785095 0.0033648
0.000154741507555 -0.00012670858629 0.0035632
0.000186139749268 -7.31573218651e-05 0.0037616
0.000199605345686 -1.25581039059e-05 0.00396
0.000193841025456 4.92509578605e-05 0.0041584
0.000169402121389 0.000106315197732 0.0043568
0.000128643069868 0.000153137064667 0.0045552
7.54905851836e-05 0.000185205754632 0.0047536
1.50653611056e-05 0.000199431780052 0.004952
-4.6811255155e-05 0.000194444610084 0.0051504
-0.000104178089718 0.000170724707125 0.0053488
-0.000151508439662 0.000130557239214 0.0055472
-0.000184242513859 7.78119276637e-05 0.0057456
-0.000199226721829 1.75702393102e-05 0.005944
-0.000195017489655 -4.43641604097e-05 0.0061424
-0.00017202033345 -0.000102024530775 0.0063408
-0.000132450792059 -0.000149855889717 0.0065392
-8.01209827384e-05 -0.000183250179059 0.0067376
-2.00723429702e-05 -0.000198990203396 0.006936
4.19100600491e-05 -0.000195559573702 0.0071344
9.98548609759e-05 -0.00017328879577 0.0073328
0.000148179675791 -0.000134323429388 0.0075312
0.00018222890693 -8.24173857811e-05 0.0077296
0.000198722262104 -2.25712769747e-05 0.007928
0.000196070776627 3.94493416042e-05 0.0081264
0.000174529893781 9.76694229369e-05 0.0083248
0.000136174855491 0.000146480062575 0.0085232
8.47007741632e-05 0.000181178858745 0.0087216
2.50666467129e-05 0.000198422940263 0.00892
-3.6982393651e-05 0.000196551017702 0.0091184
-9.54685617637e-05 0.000175743431498 0.0093168
-0.00014475731846 0.000138004778005 0.0095152
-0.000180100200318 8.69707873111e-05 0.0097136
-0.000198092285139 2.75580581369e-05 0.009912
-0.000197000221094 -3.45096057491e-05 0.0101104
-0.00017692921729 -9.3252624998e-05 0.0103088
-0.000139812907965 -0.000143011715486 0.0105072
-8.92270667635e-05 -0.000178993101981 0.0107056
-3.00451178242e-05 -0.000197730348948 0.010904
3.20313683804e-05 -0.000197418315867 0.0111024
9.10219625617e-05 -0.000178087063908 0.0113008
0.000141243529305 -0.000141598959846 0.0114992
0.000177857738558 -9.14692562278e-05 0.0116976
0.000197337188842 -3.2527433039e-05 0.011896
0.000197805235999 2.95480728874e-05 0.0120944
0.000179216788514 8.87769267024e-05 0.0122928
0.00014336265161 0.000139453039133 0.0124912
9.36970016361e-05 0.000176694289337 0.0126896
3.50046117951e-05 0.000196912866906 0.012888
-2.7060111411e-05 0.000198160920392 0.0130864
-8.65178719373e-05 0.000180318212711 0.0132848
-0.000137640527709 0.000145103704749 0.0134832
-0.000175502938039 9.59099512017e-05 0.0136816
-0.000196457450146 3.74762629171e-05 0.01388
-0.000198485312878 -2.45678768294e-05 0.0140784
-0.000181391162573 -8.42451549972e-05 0.0142768
-0.000146821844332 -0.00013580628125 0.0144752
-9.81077554742e-05 -0.000174283872793 0.0146736
-3.99419961029e-05 -0.000195971010477 0.014872
2.20717626953e-05 -0.000198778362232 0.0150704
8.19591347705e-05 -0.000182435468667 0.0152688
0.000133950589406 -0.000148516799043 0.0154672
0.000173037286103 -0.000100290067395 0.0156656
0.000195453624714 -4.24014219844e-05 0.015864
0.000199040022178 1.95721631739e-05 0.0160624
0.000183450966085 7.96601722464e-05 0.0162608
0.000150188301229 0.00013207374521 0.0164592
0.000102456542351 0.00017176337482 0.0166576
4.48541521899e-05 0.000194905374557 0.016856
-1.70694729811e-05 0.000199270251398 0.0170544
-7.73486304576e-05 0.00018443749447 0.0172528
-0.000130176045039 0.000151836086942 0.0174512
-0.000170462340108 0.000104606838232 0.0176496
-0.000194326346583 4.72997994047e-05 0.017848
-0.000199469013535 -1.45640873207e-05 0.0180464
-0.000185394898036 -7.50248744234e-05 0.0182448
-0.000153459895977 -0.000128257788562 0.0184432
-0.00010674061548 -0.000169134387417 0.0186416
-4.9737977433e-05 -0.000193716632226 0.01884
1.2056401822e-05 -0.000199636277202 0.0190384
7.26892710918e-05 -0.000186323025598 0.0192368
0.000126319278692 -0.000155059471915 0.0194352
0.000167779726446 -0.000108857537148 0.0196336
0.000193076327767 -5.2168301258e-05 0.019832
