-0.000735005635596 0.000678060996992 -0.0194230769231
-0.00090345043461 0.000428692561403 -0.0188461538462
-0.000990080327961 0.000140502470385 -0.0182692307692
-0.000987050262638 -0.000160411280858 -0.0176923076923
-0.000894634636105 -0.000446798464502 -0.0171153846154
-0.000721202447344 -0.00069272435351 -0.0165384615385
-0.000482459414807 -0.000875918325567 -0.0159615384615
-0.000200025693776 -0.000979790652042 -0.0153846153846
0.000100522007436 -0.000994934835063 -0.0148076923077
0.00039196660986 -0.000919979443659 -0.0142307692308
0.000647915395381 -0.000761712308177 -0.0136538461538
0.000845190085544 -0.000534465826128 -0.0130769230769
0.000965925826289 -0.000258819045103 -0.0125
0.000999188998172 4.02659401094e-05 -0.0119230769231
0.000941967345991 0.000335704511567 -0.0113461538462
0.000799442763404 0.000600742264238 -0.0107692307692
0.00058452202961 0.000811377838557 -0.0101923076923
0.000316667993801 0.000948536441947 -0.00961538461538
2.01370532654e-05 0.000999797228985 -0.00903846153846
-0.000278217463916 0.000960518111631 -0.00846153846154
-0.000551377089722 0.000834256138683 -0.00788461538462
-0.000774604961828 0.000632445375595 -0.00730769230769
-0.000927685950994 0.000373361455333 -0.00673076923077
-0.000996757308134 8.04665687167e-05 -0.00615384615385
-0.000975564050847 -0.000219715230912 -0.00557692307692
-0.000866025403784 -0.0005 -0.005
-0.000678060996992 -0.000735005635596 -0.00442307692308
-0.000428692561403 -0.00090345043461 -0.00384615384615
-0.000140502470385 -0.000990080327961 -0.00326923076923
0.000160411280858 -0.000987050262638 -0.00269230769231
0.000446798464502 -0.000894634636105 -0.00211538461538
0.00069272435351 -0.000721202447344 -0.00153846153846
0.000875918325567 -0.000482459414807 -0.000961538461538
0.000979790652042 -0.000200025693776 -0.000384615384615
0.000994934835063 0.000100522007436 0.000192307692308
0.000919979443659 0.00039196660986 0.000769230769231
0.000761712308177 0.000647915395381 0.00134615384615
0.000534465826128 0.000845190085544 0.00192307692308
0.000258819045103 0.000965925826289 0.0025
-4.02659401094e-05 0.000999188998172 0.00307692307692
-0.000335704511567 0.000941967345991 0.00365384615385
-0.000600742264238 0.000799442763404 0.00423076923077
-0.000811377838557 0.00058452202961 0.00480769230769
-0.000948536441947 0.000316667993801 0.00538461538462
-0.000999797228985 2.01370532654e-05 0.00596153846154
-0.000960518111631 -0.000278217463916 0.00653846153846
-0.000834256138683 -0.000551377089722 0.00711538461538
-0.000632445375595 -0.000774604961828 0.00769230769231
-0.000373361455333 -0.000927685950994 0.00826923076923
-8.04665687167e-05 -0.000996757308134 0.00884615384615
0.000219715230912 -0.000975564050847 0.00942307692308
0.0005 -0.000866025403784 0.01
0.000735005635596 -0.000678060996992 0.0105769230769
0.00090345043461 -0.000428692561403 0.0111538461538
0.000990080327961 -0.000140502470385 0.0117307692308
0.000987050262638 0.000160411280858 0.0123076923077
0.000894634636105 0.000446798464502 0.0128846153846
0.000721202447344 0.00069272435351 0.0134615384615
0.000482459414807 0.000875918325567 0.0140384615385
0.000200025693776 0.000979790652042 0.0146153846154
-0.000100522007436 0.000994934835063 0.0151923076923
-0.00039196660986 0.000919979443659 0.0157692307692
-0.000647915395381 0.000761712308177 0.0163461538462
-0.000845190085544 0.000534465826128 0.0169230769231
-0.000965925826289 0.000258819045103 0.0175
-0.000999188998172 -4.02659401094e-05 0.0180769230769
-0.000941967345991 -0.000335704511567 0.0186538461538
-0.000799442763404 -0.000600742264238 0.0192307692308
-0.00058452202961 -0.000811377838557 0.0198076923077
