0.0016210734 0.0003014710 -0.0193925490
0.0015222458 0.0002981492 -0.0194074510
0.0014597741 0.0007556626 -0.0184266144
0.0013635578 0.0007505900 -0.0184533856
0.0011707762 0.0011409736 -0.0174618881
0.0010777037 0.0011359405 -0.0174981119
0.0007805808 0.0014226269 -0.0164987968
0.0006900748 0.0014194097 -0.0165412032
0.0003247481 0.0015754359 -0.0155376195
0.0002353256 0.0015751700 -0.0155823805
-0.0001554310 0.0015859939 -0.0145784625
-0.0002456354 0.0015887732 -0.0146215375
-0.0006167131 0.0014537478 -0.0136212498
-0.0007092888 0.0014585913 -0.0136587502
-0.0010177692 0.0011909067 -0.0126657296
-0.0011134688 0.0011961050 -0.0126942704
-0.0013228059 0.0008212440 -0.0117114977
-0.0014212794 0.0008249625 -0.0117285023
-0.0015046516 0.0003779353 -0.0107580332
-0.0016045699 0.0003788615 -0.0107619668
-0.0015470806 -0.0000993684 -0.0098047463
-0.0016466049 -0.0001015613 -0.0097952537
-0.0014462111 -0.0005679899 -0.0088510310
-0.0015436415 -0.0005725281 -0.0088289690
-0.0012108737 -0.0009859346 -0.0078963198
-0.0013052493 -0.0009912162 -0.0078636802
-0.0008619113 -0.0013155716 -0.0069401355
-0.0009533494 -0.0013197327 -0.0068998645
-0.0004304392 -0.0015269973 -0.0059821335
-0.0005200939 -0.0015285693 -0.0059378665
0.0000448273 -0.0016007860 -0.0050221335
-0.0000448273 -0.0015992140 -0.0049778665
0.0005209856 -0.0015298638 -0.0040601355
0.0004295475 -0.0015257027 -0.0040198645
0.0009548181 -0.0013202930 -0.0030963198
0.0008604425 -0.0013150113 -0.0030636802
0.0013067767 -0.0009908444 -0.0021310310
0.0012093463 -0.0009863063 -0.0021089690
0.0015446884 -0.0005713555 -0.0011647463
0.0014451642 -0.0005691625 -0.0011552537
0.0016468019 -0.0001000017 -0.0001980332
0.0015468836 -0.0001009280 -0.0002019668
0.0016038475 0.0003802576 0.0007685023
0.0015053741 0.0003765391 0.0007514977
0.0014198924 0.0008257024 0.0017342704
0.0013241929 0.0008205041 0.0017057296
0.0011119068 0.0011959276 0.0026987502
0.0010193311 0.0011910841 0.0026612498
0.0007081031 0.0014575592 0.0036615375
0.0006178987 0.0014547799 0.0036184625
0.0002452444 0.0015872506 0.0046223805
0.0001558219 0.0015875165 0.0045776195
-0.0002347839 0.0015736943 0.0055812032
-0.0003252899 0.0015769115 0.0055387968
-0.0006887915 0.0014185018 0.0065381119
-0.0007818641 0.0014235349 0.0065018881
-0.0010761318 0.0011359208 0.0074933856
-0.0011723481 0.0011409934 0.0074666144
-0.0013622522 0.0007514654 0.0084474510
-0.0014610798 0.0007547872 0.0084325490
-0.0015216671 0.0002996108 0.0094008438
-0.0016216521 0.0003000094 0.0093991562
-0.0015401382 -0.0001792376 0.0103541604
-0.0016394180 -0.0001819028 0.0103658396
-0.0014159053 -0.0006422561 0.0113080041
-0.0015128665 -0.0006470445 0.0113319959
-0.0011598786 -0.0010479264 0.0122629308
-0.0012537258 -0.0010531480 0.0122970692
-0.0007947609 -0.0013596852 0.0132193982
-0.0008857979 -0.0013634971 0.0132606018
-0.0003531426 -0.0015492046 0.0141777255
-0.0004426650 -0.0015502615 0.0142222745
0.0001253099 -0.0015990147 0.0151380634
0.0000354719 -0.0015969435 0.0151819366
0.0005973648 -0.0015042083 0.0161003816
0.0005054925 -0.0014997400 0.0161396184
0.0010201422 -0.0012730288 0.0170644708
0.0009252348 -0.0012677405 0.0170955292
0.0013550788 -0.0009262373 0.0180299618
0.0012572068 -0.0009219953 0.0180500382
0.0015715504 -0.0004952764 0.0189963589
0.0014718304 -0.0004935780 0.0190036411
0.0016497732 -0.0000193834 0.0199630848
0.0015499741 -0.0000208279 0.0199569152
0.0017199010 0.0003047928 -0.0193776469
0.0016679822 0.0004091538 -0.0194355795
0.0015435306 0.0004311768 -0.0194667199
0.0014402606 0.0003542780 -0.0194476189
0.0014359368 0.0002363637 -0.0193926599
0.0015338150 0.0001662259 -0.0193432281
0.0016601910 0.0001966797 -0.0193365467
0.0015559903 0.0007607352 -0.0183998431
0.0015075996 0.0008671699 -0.0184570528
0.0013869689 0.0008877274 -0.0185014214
0.0012849356 0.0008069276 -0.0184995384
0.0012783328 0.0006856143 -0.0184528218
0.0013721327 0.0006151389 -0.0183964501
0.0014957019 0.0006485708 -0.0183728723
0.0012638488 0.0011460067 -0.0174256642
0.0012171872 0.0012561505 -0.0174769868
0.0011005344 0.0012776687 -0.0175305783
0.0010017324 0.0011943578 -0.0175460834
0.0009951811 0.0010689525 -0.0175118263
0.0010858137 0.0009958855 -0.0174536034
0.0012053821 0.0010301779 -0.0174152576
0.0008710868 0.0014258442 -0.0164563903
0.0008237451 0.0015400233 -0.0164971927
0.0007098234 0.0015645893 -0.0165551695
0.0006151070 0.0014810434 -0.0165866629
0.0006109193 0.0013522974 -0.0165679578
0.0007004137 0.0012752996 -0.0165131395
0.0008161992 0.0013080310 -0.0164634873
0.0004141706 0.0015757018 -0.0154928585
0.0003639797 0.0016928185 -0.0155194575
0.0002505782 0.0017214436 -0.0155765859
0.0001593596 0.0016400218 -0.0156212247
0.0001590135 0.0015098654 -0.0156197601
0.0002498005 0.0014289848 -0.0155732949
0.0003633561 0.0014582847 -0.0155168184
-0.0000652266 0.0015832146 -0.0145353876
-0.0001194303 0.0017011342 -0.0145453822
-0.0002347061 0.0017333972 -0.0145965050
-0.0003242490 0.0016557089 -0.0146502597
-0.0003206313 0.0015265702 -0.0146661678
-0.0002265773 0.0014432252 -0.0146322502
-0.0001129115 0.0014684343 -0.0145740475
-0.0005241374 0.0014489042 -0.0135837493
-0.0005821012 0.0015652087 -0.0135762372
-0.0007009841 0.0015994044 -0.0136167397
-0.0007912649 0.0015257414 -0.0136747577
-0.0007849603 0.0013996893 -0.0137066025
-0.0006868178 0.0013161680 -0.0136882942
-0.0005707407 0.0013380707 -0.0136336194
-0.0009220697 0.0011857083 -0.0126371889
-0.0009822138 0.0012985496 -0.0126128481
-0.0011051638 0.0013322909 -0.0126390741
-0.0011983357 0.0012615241 -0.0126961181
-0.0011915692 0.0011395382 -0.0127410249
-0.0010899597 0.0010581910 -0.0127399787
-0.0009700211 0.0010787387 -0.0126937673
-0.0012243325 0.0008175255 -0.0116944930
-0.0012843077 0.0009262780 -0.0116555209
-0.0014103491 0.0009573378 -0.0116651029
-0.0015075450 0.0008873163 -0.0117160235
-0.0015027048 0.0007689410 -0.0117699385
-0.0013994734 0.0006913510 -0.0117862488
-0.0012755860 0.0007129732 -0.0117526724
-0.0014047333 0.0003770090 -0.0107540997
-0.0014622499 0.0004824901 -0.0107040143
-0.0015893162 0.0005095880 -0.0106960873
-0.0016902485 0.0004378974 -0.0107362879
-0.0016890429 0.0003214029 -0.0107943441
-0.0015866071 0.0002478271 -0.0108265386
-0.0014600775 0.0002725742 -0.0108086281
-0.0014475564 -0.0000971755 -0.0098142390
-0.0015011925 0.0000070061 -0.0097575616
-0.0016268552 0.0000302599 -0.0097328412
-0.0017299180 -0.0000449247 -0.0097586927
-0.0017327724 -0.0001619322 -0.0098156495
-0.0016332690 -0.0002326534 -0.0098608219
-0.0015063359 -0.0002038340 -0.0098601941
-0.0013487808 -0.0005634518 -0.0088730929
-0.0013984840 -0.0004581391 -0.0088149398
-0.0015208103 -0.0004372550 -0.0087756575
-0.0016236454 -0.0005165256 -0.0087848265
-0.0016295524 -0.0006362585 -0.0088355422
-0.0015340833 -0.0007062925 -0.0088896147
-0.0014091281 -0.0006738905 -0.0089063264
-0.0011164981 -0.0009806529 -0.0079289595
-0.0011636041 -0.0008721777 -0.0078745802
-0.0012818385 -0.0008513523 -0.0078242822
-0.0013821683 -0.0009338587 -0.0078159407
-0.0013890432 -0.0010575679 -0.0078558373
-0.0012972862 -0.0011293243 -0.0079139288
-0.0011759922 -0.0010950939 -0.0079464713
-0.0007704731 -0.0013114105 -0.0069804065
-0.0008172343 -0.0011988575 -0.0069347099
-0.0009320655 -0.0011757593 -0.0068779365
-0.0010284965 -0.0012595093 -0.0068528377
-0.0010339128 -0.0013870421 -0.0068783135
-0.0009442358 -0.0014623228 -0.0069351801
-0.0008269941 -0.0014286636 -0.0069806157
-0.0003407845 -0.0015254253 -0.0060264005
-0.0003895748 -0.0014093185 -0.0059935117
-0.0005028928 -0.0013824181 -0.0059353879
-0.0005954075 -0.0014649806 -0.0058957975
-0.0005974537 -0.0015948348 -0.0059045529
-0.0005074904 -0.0016741978 -0.0059550611
-0.0003932619 -0.0016433077 -0.0060092884
0.0001344820 -0.0016023580 -0.0050664005
0.0000820046 -0.0014844756 -0.0050492884
-0.0000322239 -0.0014535854 -0.0049950611
-0.0001221872 -0.0015329484 -0.0049445529
-0.0001201410 -0.0016628027 -0.0049357975
-0.0000276262 -0.0017453652 -0.0049753879
0.0000856917 -0.0017184648 -0.0050335117
0.0006124237 -0.0015340249 -0.0041004065
0.0005559027 -0.0014167718 -0.0041006157
0.0004386610 -0.0013831126 -0.0040551801
0.0003489840 -0.0014583933 -0.0039983135
0.0003544003 -0.0015859261 -0.0039728377
0.0004508314 -0.0016696761 -0.0039979365
0.0005656626 -0.0016465779 -0.0040547099
0.0010491937 -0.0013255746 -0.0031289595
0.0009896996 -0.0012111336 -0.0031464713
0.0008684056 -0.0011769032 -0.0031139288
0.0007766487 -0.0012486597 -0.0030558373
0.0007835235 -0.0013723688 -0.0030159407
0.0008838533 -0.0014548753 -0.0030242822
0.0010020877 -0.0014340499 -0.0030745802
0.0014042070 -0.0009953826 -0.0021530929
0.0013438597 -0.0008849439 -0.0021863264
0.0012189045 -0.0008525419 -0.0021696147
0.0011234354 -0.0009225759 -0.0021155422
0.0011293424 -0.0010423088 -0.0020648265
0.0012321775 -0.0011215794 -0.0020556575
0.0013545038 -0.0011006953 -0.0020949398
0.0016442127 -0.0005735484 -0.0011742390
0.0015854331 -0.0004668898 -0.0012201941
0.0014585001 -0.0004380704 -0.0012208219
0.0013589967 -0.0005087917 -0.0011756495
0.0013618511 -0.0006257991 -0.0011186927
0.0014649139 -0.0007009837 -0.0010928412
0.0015905766 -0.0006777299 -0.0011175616
0.0017467202 -0.0000990755 -0.0001940997
0.0016913761 0.0000053594 -0.0002486281
0.0015648464 0.0000301064 -0.0002665386
0.0014624107 -0.0000434693 -0.0002343441
0.0014612050 -0.0001599639 -0.0001762879
0.0015621374 -0.0002316544 -0.0001360873
0.0016892036 -0.0002045565 -0.0001440143
0.0017023209 0.0003839761 0.0007855070
0.0016510674 0.0004885285 0.0007273276
0.0015271801 0.0005101506 0.0006937512
0.0014239486 0.0004325607 0.0007100615
0.0014191085 0.0003141854 0.0007639765
0.0015163043 0.0002441638 0.0008148971
0.0016423457 0.0002752236 0.0008244791
0.0015155920 0.0008309008 0.0017628111
0.0014676405 0.0009378704 0.0017062327
0.0013477020 0.0009584180 0.0016600213
0.0012460924 0.0008770709 0.0016589751
0.0012393260 0.0007550850 0.0017038819
0.0013324979 0.0006843182 0.0017609259
0.0014554478 0.0007180595 0.0017871519
0.0012044825 0.0012007711 0.0027362507
0.0011578792 0.0013116047 0.0026863806
0.0010418021 0.0013335074 0.0026317058
0.0009436596 0.0012499860 0.0026133975
0.0009373550 0.0011239340 0.0026452423
0.0010276358 0.0010502709 0.0027032603
0.0011465187 0.0010844667 0.0027437628
0.0007983075 0.0014603385 0.0037046124
0.0007506226 0.0015751188 0.0036659525
0.0006369568 0.0016003279 0.0036077498
0.0005429028 0.0015169828 0.0035738322
0.0005392851 0.0013878441 0.0035897403
0.0006288280 0.0013101559 0.0036434950
0.0007441038 0.0013424189 0.0036946178
0.0003346669 0.0015869847 0.0046671415
0.0002838524 0.0017044017 0.0046431816
0.0001702968 0.0017337017 0.0045867051
0.0000795098 0.0016528211 0.0045402399
0.0000798559 0.0015226647 0.0045387753
0.0001710745 0.0014412429 0.0045834141
0.0002844760 0.0014698680 0.0046405425
-0.0001442778 0.0015704771 0.0056236097
-0.0001991655 0.0016882902 0.0056165127
-0.0003149510 0.0017210216 0.0055668605
-0.0004044454 0.0016440239 0.0055120422
-0.0004002577 0.0015152778 0.0054933371
-0.0003055413 0.0014317319 0.0055248305
-0.0001916195 0.0014562979 0.0055828073
-0.0005957189 0.0014134687 0.0065743358
-0.0006541856 0.0015292975 0.0065847424
-0.0007737540 0.0015635899 0.0065463966
-0.0008643866 0.0014905229 0.0064881737
-0.0008578353 0.0013651176 0.0064539166
-0.0007590333 0.0012818067 0.0064694217
-0.0006423806 0.0013033249 0.0065230132
-0.0009799156 0.0011308482 0.0075201569
-0.0010402040 0.0012430125 0.0075471277
-0.0011637733 0.0012764445 0.0075235499
-0.0012575731 0.0012059691 0.0074671782
-0.0012509704 0.0010846558 0.0074204616
-0.0011489370 0.0010038559 0.0074185786
-0.0010283063 0.0010244135 0.0074629472
-0.0012634246 0.0007481436 0.0084623531
-0.0013231346 0.0008562567 0.0085034533
-0.0014495106 0.0008867105 0.0084967719
-0.0015473888 0.0008165727 0.0084473401
-0.0015430649 0.0006986584 0.0083923811
-0.0014397950 0.0006217596 0.0083732801
-0.0013153433 0.0006437826 0.0084044205
-0.0014216822 0.0002992121 0.0094025314
-0.0014786177 0.0004043171 0.0094540509
-0.0016056157 0.0004307261 0.0094648690
-0.0017070441 0.0003585527 0.0094268394
-0.0017065252 0.0002421450 0.0093685992
-0.0016044498 0.0001691602 0.0093340044
-0.0014776827 0.0001945575 0.0093491057
-0.0014408583 -0.0001765724 0.0103424812
-0.0014938025 -0.0000723709 0.0103997693
-0.0016190183 -0.0000496458 0.0104271103
-0.0017222156 -0.0001255094 0.0104039159
-0.0017256848 -0.0002428349 0.0103476519
-0.0016268135 -0.0003132739 0.0103006863
-0.0015000537 -0.0002837843 0.0102983851
-0.0013189441 -0.0006374676 0.0112840124
-0.0013680888 -0.0005317461 0.0113418977
-0.0014897471 -0.0005110437 0.0113832936
-0.0015923079 -0.0005909498 0.0113770281
-0.0015985408 -0.0007112935 0.0113278193
-0.0015037523 -0.0007814535 0.0112727224
-0.0013793200 -0.0007485979 0.0112532265
-0.0010660314 -0.0010427048 0.0122287923
-0.0011129094 -0.0009335759 0.0122820494
-0.0012304906 -0.0009125214 0.0123337632
-0.0013302340 -0.0009953955 0.0123449923
-0.0013370307 -0.0011197925 0.0123072808
-0.0012457627 -0.0011920388 0.0122490263
-0.0011251567 -0.0011577316 0.0122140957
-0.0007037239 -0.0013558733 0.0131781947
-0.0007506680 -0.0012426527 0.0132220160
-0.0008650913 -0.0012189952 0.0132793796
-0.0009608308 -0.0013027154 0.0133070896
-0.0009657926 -0.0014307703 0.0132842797
-0.0008762404 -0.0015067319 0.0132281263
-0.0007596089 -0.0014733996 0.0131809140
-0.0002636202 -0.0015481477 0.0141331764
-0.0003129399 -0.0014315949 0.0141636061
-0.0004262392 -0.0014040025 0.0142214412
-0.0005182013 -0.0014861482 0.0142631306
-0.0005195770 -0.0016161746 0.0142572814
-0.0004293303 -0.0016961691 0.0142082981
-0.0003154188 -0.0016658943 0.0141530662
0.0002151478 -0.0016010859 0.0150941903
0.0001619815 -0.0014831365 0.0151084816
0.0000473758 -0.0014516660 0.0151615673
-0.0000423689 -0.0015303722 0.0152134728
-0.0000396729 -0.0016599878 0.0152251122
0.0000534336 -0.0017429097 0.0151877208
0.0001668395 -0.0017166958 0.0151294551
0.0006892371 -0.0015086766 0.0160611449
0.0006321107 -0.0013917591 0.0160580076
0.0005142291 -0.0013578359 0.0161015518
0.0004243596 -0.0014324517 0.0161589880
0.0004301757 -0.0015594194 0.0161870653
0.0005272978 -0.0016431296 0.0161646412
0.0006425909 -0.0016205470 0.0161086013
0.0011150495 -0.0012783171 0.0170334124
0.0010552473 -0.0011644960 0.0170131297
0.0009332765 -0.0011304111 0.0170432018
0.0008409838 -0.0012017292 0.0171009836
0.0008478674 -0.0013247462 0.0171429644
0.0009487438 -0.0014068279 0.0171375317
0.0010676510 -0.0013861650 0.0170887765
0.0014529509 -0.0009304793 0.0180098854
0.0013927014 -0.0008207259 0.0179742883
0.0012672715 -0.0007888276 0.0179881735
0.0011711125 -0.0008588045 0.0180410851
0.0011766340 -0.0009779625 0.0180931796
0.0012796783 -0.0010565732 0.0181052288
0.0014026509 -0.0010354412 0.0180681594
0.0016712705 -0.0004969749 0.0189890768
0.0016129602 -0.0003908252 0.0189413787
0.0014859219 -0.0003626899 0.0189378236
0.0013858180 -0.0004337555 0.0189810886
0.0013880289 -0.0005505081 0.0190385942
0.0014908896 -0.0006250306 0.0190670376
0.0016169439 -0.0006012061 0.0190450003
0.0017495722 -0.0000179389 0.0199692544
0.0016949032 0.0000863431 0.0199137610
0.0015686750 0.0001104670 0.0198930865
0.0014659400 0.0000362671 0.0199227993
0.0014640598 -0.0000803827 0.0199805249
0.0018187286 0.0003081146 -0.0193627449
0.0017942876 0.0004124095 -0.0194160667
0.0017188453 0.0004909092 -0.0194657078
0.0016096844 0.0005256304 -0.0195002961
0.0014918126 0.0005086189 -0.0195119077
0.0013922327 0.0004437718 -0.0194978826
0.0013337574 0.0003459449 -0.0194614338
0.0013297826 0.0002375490 -0.0194109113
0.0013812189 0.0001434164 -0.0193578890
0.0014762829 0.0000851117 -0.0193145140
0.0015931965 0.0000759918 -0.0192907227
0.0017051763 0.0001181460 -0.0192919655
0.0017865690 0.0002019173 -0.0193179578
0.0016522066 0.0007658078 -0.0183730718
0.0016305475 0.0008726352 -0.0184224356
0.0015587453 0.0009520845 -0.0184758232
0.0014532489 0.0009859549 -0.0185210042
0.0013382265 0.0009664871 -0.0185476280
0.0012400281 0.0008981409 -0.0185495956
0.0011811499 0.0007965736 -0.0185264562
0.0011750801 0.0006850530 -0.0184835106
0.0012232093 0.0005891272 -0.0184305973
0.0013145117 0.0005307716 -0.0183798381
0.0014280709 0.0005233548 -0.0183428612
0.0015378720 0.0005685759 -0.0183281377
0.0016187607 0.0006560752 -0.0183390404
0.0013569213 0.0011510398 -0.0173894404
0.0013361166 0.0012615309 -0.0174303901
0.0012667734 0.0013438272 -0.0174827048
0.0011647776 0.0013790758 -0.0175343999
0.0010534950 0.0013592015 -0.0175736327
0.0009584193 0.0012887573 -0.0175914153
0.0009013311 0.0011838811 -0.0175836740
0.0008953086 0.0010685989 -0.0175521823
0.0009417316 0.0009693203 -0.0175041544
0.0010299650 0.0009087889 -0.0174505931
0.0011397956 0.0009008718 -0.0174037685
0.0012460627 0.0009473825 -0.0173744077
0.0013244216 0.0010376662 -0.0173692368
0.0009615929 0.0014290614 -0.0164139838
0.0009394134 0.0015430543 -0.0164428229
0.0008704803 0.0016290902 -0.0164893423
0.0007705854 0.0016674593 -0.0165428850
0.0006626135 0.0016493718 -0.0165911850
0.0005712995 0.0015789713 -0.0166231774
0.0005175624 0.0014723856 -0.0166315331
0.0005137127 0.0013540323 -0.0166143379
0.0005606324 0.0012510247 -0.0165755311
0.0006475727 0.0011869606 -0.0165240027
0.0007546166 0.0011765163 -0.0164715574
0.0008572417 0.0012220844 -0.0164302097
0.0009319378 0.0013132259 -0.0164094318
0.0005035931 0.0015759677 -0.0154480975
0.0004782950 0.0016920646 -0.0154622225
0.0004075784 0.0017814128 -0.0154987472
0.0003076435 0.0018235437 -0.0155493041
0.0002013843 0.0018088056 -0.0156023114
0.0001131435 0.0017405750 -0.0156456256
0.0000631359 0.0016344824 -0.0156693240
0.0000628177 0.0015148326 -0.0156679776
0.0001122618 0.0014090358 -0.0156418949
0.0002001412 0.0013413288 -0.0155970510
0.0003063237 0.0013272224 -0.0155437191
0.0004064842 0.0013699483 -0.0154941171
0.0004776772 0.0014597185 -0.0154596080
0.0000249777 0.0015804353 -0.0144923127
-0.0000040822 0.0016964959 -0.0144904486
-0.0000781466 0.0017875601 -0.0145136815
-0.0001802484 0.0018327662 -0.0145566888
-0.0002869971 0.0018217582 -0.0146096183
-0.0003739380 0.0017570577 -0.0146603443
-0.0004211539 0.0016534869 -0.0146972461
-0.0004178283 0.0015347727 -0.0147118701
-0.0003647230 0.0014281109 -0.0147008659
-0.0002740038 0.0013579366 -0.0146667546
-0.0001664533 0.0013403258 -0.0146173506
-0.0000667101 0.0013793129 -0.0145639718
0.0000023758 0.0014659666 -0.0145188466
-0.0004315617 0.0014440607 -0.0135462489
-0.0004636990 0.0015579573 -0.0135285640
-0.0005414939 0.0016485356 -0.0135364078
-0.0006471246 0.0016950451 -0.0135679833
-0.0007563924 0.0016868311 -0.0136160569
-0.0008442653 0.0016257754 -0.0136696157
-0.0008906128 0.0015258649 -0.0137163898
-0.0008848171 0.0014099882 -0.0137456639
-0.0008282060 0.0013046910 -0.0137507317
-0.0007337484 0.0012340957 -0.0137304323
-0.0006230834 0.0012143749 -0.0136894158
-0.0005215631 0.0012500463 -0.0136370788
-0.0004524444 0.0013329381 -0.0135854110
-0.0008263701 0.0011805099 -0.0126086481
-0.0008598141 0.0012908788 -0.0125767389
-0.0009404056 0.0013789408 -0.0125684855
-0.0010496819 0.0014245218 -0.0125857787
-0.0011626092 0.0014171798 -0.0126246569
-0.0012533172 0.0013585968 -0.0126762136
-0.0013010258 0.0012621935 -0.0127286376
-0.0012948056 0.0011500547 -0.0127699194
-0.0012360815 0.0010478700 -0.0127906017
-0.0011383064 0.0009790487 -0.0127859465
-0.0010238796 0.0009593569 -0.0127570202
-0.0009190147 0.0009933059 -0.0127104495
-0.0008477351 0.0010731182 -0.0126569032
-0.0011258591 0.0008138070 -0.0116774883
-0.0011583781 0.0009205294 -0.0116342352
-0.0012398451 0.0010049327 -0.0116106297
-0.0013515970 0.0010476810 -0.0116120796
-0.0014680327 0.0010389813 -0.0116382528
-0.0015624782 0.0009808265 -0.0116831533
-0.0016132973 0.0008865392 -0.0117364949
-0.0016088478 0.0007777195 -0.0117860578
-0.0015501491 0.0006792967 -0.0118204876
-0.0014506484 0.0006138182 -0.0118318969
-0.0013331401 0.0005962844 -0.0118176719
-0.0012245438 0.0006307121 -0.0117810716
-0.0011497378 0.0007092143 -0.0117304804
-0.0013048150 0.0003760828 -0.0107501661
-0.0013345037 0.0004803269 -0.0106994736
-0.0014146163 0.0005612205 -0.0106626469
-0.0015267999 0.0006002317 -0.0106481226
-0.0016453547 0.0005884235 -0.0106592281
-0.0017431211 0.0005285012 -0.0106934192
-0.0017977021 0.0004341921 -0.0107428632
-0.0017965938 0.0003271013 -0.0107962330
-0.0017400501 0.0002317621 -0.0108413023
-0.0016410245 0.0001700155 -0.0108677462
-0.0015222025 0.0001560069 -0.0108695067
-0.0014108049 0.0001929455 -0.0108461806
-0.0013323515 0.0002723691 -0.0108031115
-0.0013480321 -0.0000949825 -0.0098237316
-0.0013739841 0.0000088262 -0.0097701757
-0.0014509904 0.0000875977 -0.0097234522
-0.0015614096 0.0001232863 -0.0096942648
-0.0016799462 0.0001077162 -0.0096893001
-0.0017794448 0.0000444544 -0.0097096955
-0.0018371115 -0.0000520067 -0.0097507784
-0.0018397355 -0.0001595689 -0.0098031375
-0.0017867157 -0.0002535912 -0.0098547778
-0.0016901983 -0.0003125340 -0.0098938692
-0.0015722943 -0.0003228943 -0.0099114562
-0.0014600140 -0.0002822987 -0.0099035100
-0.0013790796 -0.0002000472 -0.0098718509
-0.0012513504 -0.0005589137 -0.0088951548
-0.0012739781 -0.0004533438 -0.0088435701
-0.0013472224 -0.0003745578 -0.0087911675
-0.0014543039 -0.0003406046 -0.0087499519
-0.0015706915 -0.0003592624 -0.0087293652
-0.0016697222 -0.0004262570 -0.0087341236
-0.0017287092 -0.0005262407 -0.0087631370
-0.0017341395 -0.0006363085 -0.0088097588
-0.0016847688 -0.0007312451 -0.0088633085
-0.0015919075 -0.0007893018 -0.0089115185
-0.0014768290 -0.0007971784 -0.0089433445
-0.0013658964 -0.0007530705 -0.0089514955
-0.0012845230 -0.0006670827 -0.0089341042
-0.0010221225 -0.0009753712 -0.0079615992
-0.0010430116 -0.0008664652 -0.0079166423
-0.0011131661 -0.0007855332 -0.0078632911
-0.0012165143 -0.0007511157 -0.0078137677
-0.0013293805 -0.0007710973 -0.0077794173
-0.0014259084 -0.0008409005 -0.0077681092
-0.0014839846 -0.0009445343 -0.0077824340
-0.0014903045 -0.0010582573 -0.0078191099
-0.0014434203 -0.0011560171 -0.0078697351
-0.0013540727 -0.0012154180 -0.0079227118
-0.0012427300 -0.0012228519 -0.0079659037
-0.0011348996 -0.0011766160 -0.0079894162
-0.0010552841 -0.0010873022 -0.0079878627
-0.0006790350 -0.0013072494 -0.0070206775
-0.0007003848 -0.0011946097 -0.0069864067
-0.0007692120 -0.0011101576 -0.0069369229
-0.0008697493 -0.0010732400 -0.0068835623
-0.0009789646 -0.0010923142 -0.0068385491
-0.0010718381 -0.0011630107 -0.0068121954
-0.0011270935 -0.0012691337 -0.0068105383
-0.0011320726 -0.0013863716 -0.0068339577
-0.0010856347 -0.0014878668 -0.0068770883
-0.0009984181 -0.0015503678 -0.0069300494
-0.0008904031 -0.0015595565 -0.0069807084
-0.0007863347 -0.0015133278 -0.0070174598
-0.0007100536 -0.0014222722 -0.0070318843
-0.0002511299 -0.0015238533 -0.0060706676
-0.0002749770 -0.0014084002 -0.0060501765
-0.0003447081 -0.0013202963 -0.0060090271
-0.0004443486 -0.0012797252 -0.0059566462
-0.0005510719 -0.0012959811 -0.0059050336
-0.0006404292 -0.0013653402 -0.0058660131
-0.0006919497 -0.0014719130 -0.0058485239
-0.0006938307 -0.0015912850 -0.0058565726
-0.0006456413 -0.0016961095 -0.0058883152
-0.0005584210 -0.0017623726 -0.0059364799
-0.0004521511 -0.0017748940 -0.0059900328
-0.0003511767 -0.0017308053 -0.0060367056
-0.0002786297 -0.0016402068 -0.0060658060
0.0002241367 -0.0016039299 -0.0051106676
0.0001966368 -0.0014875765 -0.0051058060
0.0001240899 -0.0013969779 -0.0050767056
0.0000231154 -0.0013528893 -0.0050300328
-0.0000831545 -0.0013654107 -0.0049764799
-0.0001703747 -0.0014316737 -0.0049283152
-0.0002185642 -0.0015364983 -0.0048965726
-0.0002166832 -0.0016558703 -0.0048885239
-0.0001651627 -0.0017624431 -0.0049060131
-0.0000758054 -0.0018318021 -0.0049450336
0.0000309180 -0.0018480581 -0.0049966462
0.0001305584 -0.0018074870 -0.0050490271
0.0002002895 -0.0017193831 -0.0050901765
0.0007038619 -0.0015381861 -0.0041406775
0.0006728432 -0.0014231632 -0.0041518843
0.0005965622 -0.0013321076 -0.0041374598
0.0004924937 -0.0012858789 -0.0041007084
0.0003844787 -0.0012950676 -0.0040500494
0.0002972621 -0.0013575686 -0.0039970883
0.0002508242 -0.0014590638 -0.0039539577
0.0002558033 -0.0015763018 -0.0039305383
0.0003110588 -0.0016824247 -0.0039321954
0.0004039323 -0.0017531212 -0.0039585491
0.0005131476 -0.0017721955 -0.0040035623
0.0006136848 -0.0017352778 -0.0040569229
0.0006825121 -0.0016508257 -0.0041064067
0.0011435693 -0.0013308563 -0.0031615992
0.0011104077 -0.0012189254 -0.0031878627
0.0010307922 -0.0011296116 -0.0031894162
0.0009229618 -0.0010833756 -0.0031659037
0.0008116191 -0.0010908096 -0.0031227118
0.0007222715 -0.0011502104 -0.0030697351
0.0006753873 -0.0012479702 -0.0030191099
0.0006817072 -0.0013616932 -0.0029824340
0.0007397834 -0.0014653270 -0.0029681092
0.0008363113 -0.0015351302 -0.0029794173
0.0009491775 -0.0015551119 -0.0030137677
0.0010525258 -0.0015206943 -0.0030632911
0.0011226802 -0.0014397623 -0.0031166423
0.0015016374 -0.0009999207 -0.0021751548
0.0014684648 -0.0008917517 -0.0022141042
0.0013870914 -0.0008057639 -0.0022314955
0.0012761588 -0.0007616560 -0.0022233445
0.0011610803 -0.0007695326 -0.0021915185
0.0010682190 -0.0008275892 -0.0021433085
0.0010188483 -0.0009225259 -0.0020897588
0.0010242786 -0.0010325937 -0.0020431370
0.0010832656 -0.0011325774 -0.0020141236
0.0011822963 -0.0011995720 -0.0020093652
0.0012986839 -0.0012182298 -0.0020299519
0.0014057654 -0.0011842766 -0.0020711675
0.0014790097 -0.0011054905 -0.0021235701
0.0017437370 -0.0005757413 -0.0011837316
0.0017126895 -0.0004706766 -0.0012318509
0.0016317550 -0.0003884251 -0.0012635100
0.0015194748 -0.0003478295 -0.0012714562
0.0014015708 -0.0003581898 -0.0012538692
0.0013050534 -0.0004171327 -0.0012147778
0.0012520336 -0.0005111549 -0.0011631375
0.0012546576 -0.0006187172 -0.0011107784
0.0013123243 -0.0007151782 -0.0010696955
0.0014118229 -0.0007784401 -0.0010493001
0.0015303594 -0.0007940101 -0.0010542648
0.0016407787 -0.0007583215 -0.0010834522
0.0017177850 -0.0006795500 -0.0011301757
0.0018466385 -0.0000981492 -0.0001901661
0.0018191021 0.0000055644 -0.0002431115
0.0017406486 0.0000849881 -0.0002861806
0.0016292510 0.0001219267 -0.0003095067
0.0015104291 0.0001079181 -0.0003077462
0.0014114035 0.0000461715 -0.0002813023
0.0013548598 -0.0000491678 -0.0002362330
0.0013537514 -0.0001562585 -0.0001828632
0.0014083324 -0.0002505676 -0.0001334192
0.0015060988 -0.0003104900 -0.0000992281
0.0016246536 -0.0003222981 -0.0000881226
0.0017368372 -0.0002832869 -0.0001026469
0.0018169498 -0.0002023934 -0.0001394736
0.0018007943 0.0003876946 0.0008025117
0.0017769157 0.0004922874 0.0007495196
0.0017021096 0.0005707896 0.0006989284
0.0015935134 0.0006052172 0.0006623281
0.0014760050 0.0005876834 0.0006481031
0.0013765043 0.0005222050 0.0006595124
0.0013178056 0.0004237821 0.0006939422
0.0013133561 0.0003149625 0.0007435051
0.0013641752 0.0002206752 0.0007968467
0.0014586208 0.0001625204 0.0008417472
0.0015750565 0.0001538206 0.0008679204
0.0016868083 0.0001965690 0.0008693703
0.0017682753 0.0002809722 0.0008457648
0.0016112915 0.0008360992 0.0017913519
0.0015899265 0.0009434908 0.0017430968
0.0015186469 0.0010233032 0.0016895505
0.0014137821 0.0010572522 0.0016429798
0.0012993552 0.0010375604 0.0016140535
0.0012015802 0.0009687391 0.0016093983
0.0011428560 0.0008665544 0.0016300806
0.0011366358 0.0007544156 0.0016713624
0.0011843444 0.0006580122 0.0017237864
0.0012750525 0.0005994293 0.0017753431
0.0013879798 0.0005920873 0.0018142213
0.0014972561 0.0006376683 0.0018315145
0.0015778475 0.0007257302 0.0018232611
0.0012970582 0.0012056147 0.0027737511
0.0012761755 0.0013167373 0.0027345890
0.0012070568 0.0013996291 0.0026829212
0.0011055365 0.0014353005 0.0026305842
0.0009948715 0.0014155797 0.0025895677
0.0009004139 0.0013449844 0.0025692683
0.0008438028 0.0012396872 0.0025743361
0.0008380071 0.0011238104 0.0026036102
0.0008843546 0.0010239000 0.0026503843
0.0009722275 0.0009628443 0.0027039431
0.0010814953 0.0009546303 0.0027520167
0.0011871260 0.0010011398 0.0027835922
0.0012649210 0.0010917181 0.0027914360
0.0008885118 0.0014631177 0.0037476873
0.0008659099 0.0015775865 0.0037211534
0.0007968240 0.0016642401 0.0036760282
0.0006970808 0.0017032273 0.0036226494
0.0005895303 0.0016856165 0.0035732454
0.0004988111 0.0016154422 0.0035391341
0.0004457058 0.0015087804 0.0035281299
0.0004423802 0.0013900661 0.0035427539
0.0004895961 0.0012864954 0.0035796557
0.0005765370 0.0012217949 0.0036303817
0.0006832857 0.0012107869 0.0036833112
0.0007853875 0.0012559930 0.0037263185
0.0008594519 0.0013470572 0.0037495514
0.0004240894 0.0015867188 0.0047119025
0.0003981735 0.0017029679 0.0047003920
0.0003269805 0.0017927381 0.0046658829
0.0002268200 0.0018354640 0.0046162809
0.0001206375 0.0018213577 0.0045629490
0.0000327581 0.0017536507 0.0045181051
-0.0000166860 0.0016478539 0.0044920224
-0.0000163678 0.0015282040 0.0044906760
0.0000336397 0.0014221115 0.0045143744
0.0001218806 0.0013538808 0.0045576886
0.0002281398 0.0013391428 0.0046106959
0.0003280747 0.0013812737 0.0046612528
0.0003987913 0.0014706219 0.0046977775
-0.0000537718 0.0015672599 0.0056660162
-0.0000834269 0.0016830953 0.0056705682
-0.0001581230 0.0017742368 0.0056497903
-0.0002607481 0.0018198050 0.0056084426
-0.0003677920 0.0018093607 0.0055559973
-0.0004547323 0.0017452965 0.0055044689
-0.0005016519 0.0016422889 0.0054656621
-0.0004978023 0.0015239356 0.0054484669
-0.0004440652 0.0014173500 0.0054568226
-0.0003527512 0.0013469494 0.0054888150
-0.0002447792 0.0013288619 0.0055371150
-0.0001448844 0.0013672311 0.0055906577
-0.0000759513 0.0014532670 0.0056371771
-0.0005026464 0.0014084356 0.0066105596
-0.0005351461 0.0015218092 0.0066307632
-0.0006135050 0.0016120929 0.0066255923
-0.0007197721 0.0016586036 0.0065962315
-0.0008296028 0.0016506865 0.0065494069
-0.0009178362 0.0015901551 0.0064958456
-0.0009642591 0.0014908765 0.0064478177
-0.0009582366 0.0013755943 0.0064163260
-0.0009011484 0.0012707181 0.0064085847
-0.0008060727 0.0012002739 0.0064263673
-0.0006947902 0.0011803996 0.0064656001
-0.0005927943 0.0012156482 0.0065172952
-0.0005234512 0.0012979445 0.0065696099
-0.0008836993 0.0011257756 0.0075469282
-0.0009171452 0.0012355082 0.0075809596
-0.0009980339 0.0013230075 0.0075918623
-0.0011078350 0.0013682286 0.0075771388
-0.0012213942 0.0013608117 0.0075401619
-0.0013126966 0.0013024561 0.0074894027
-0.0013608258 0.0012065303 0.0074364894
-0.0013547560 0.0010950098 0.0073935438
-0.0012958778 0.0009934425 0.0073704044
-0.0011976795 0.0009250963 0.0073723720
-0.0010826570 0.0009056284 0.0073989958
-0.0009771606 0.0009394989 0.0074441768
-0.0009053584 0.0010189482 0.0074975644
-0.0011645970 0.0007448218 0.0084772551
-0.0011967565 0.0008510191 0.0085220422
-0.0012781492 0.0009347904 0.0085480345
-0.0013901290 0.0009769446 0.0085492773
-0.0015070427 0.0009678247 0.0085254860
-0.0016021067 0.0009095200 0.0084821110
-0.0016535430 0.0008153874 0.0084290887
-0.0016495682 0.0007069915 0.0083785662
-0.0015910929 0.0006091646 0.0083421174
-0.0014915130 0.0005443175 0.0083280923
-0.0013736411 0.0005273060 0.0083397039
-0.0012644803 0.0005620272 0.0083742922
-0.0011890379 0.0006405269 0.0084239333
-0.0013216972 0.0002988135 0.0094042190
-0.0013507920 0.0004028291 0.0094557189
-0.0014304849 0.0004832443 0.0094944542
-0.0015425193 0.0005216370 0.0095115513
-0.0016612293 0.0005092117 0.0095030933
-0.0017594200 0.0004488151 0.0094710179
-0.0018145971 0.0003542832 0.0094226731
-0.0018141201 0.0002472722 0.0093691342
-0.0017580983 0.0001522970 0.0093226663
-0.0016593657 0.0000911153 0.0092939146
-0.0015405406 0.0000777430 0.0092894658
-0.0014288446 0.0001152436 0.0093103390
-0.0013498657 0.0001950262 0.0093517525
-0.0013415784 -0.0001739072 0.0103308020
-0.0013669117 -0.0000699497 0.0103843657
-0.0014433010 0.0000086659 0.0104323475
-0.0015532465 0.0000439298 0.0104637554
-0.0016715608 0.0000277634 0.0104713942
-0.0017711398 -0.0000361296 0.0104535139
-0.0018291710 -0.0001331123 0.0104142107
-0.0018323601 -0.0002409670 0.0103624885
-0.0017799766 -0.0003349855 0.0103101962
-0.0016840210 -0.0003936294 0.0102693133
-0.0015664754 -0.0004034639 0.0102492057
-0.0014542682 -0.0003622362 0.0102544797
-0.0013731047 -0.0002793910 0.0102839272
-0.0012219830 -0.0006326792 0.0112600207
-0.0012441855 -0.0005266359 0.0113108130
-0.0013168333 -0.0004476283 0.0113637099
-0.0014232836 -0.0004137560 0.0114065934
-0.0015391500 -0.0004327788 0.0114296394
-0.0016378888 -0.0005003389 0.0114275684
-0.0016968801 -0.0006009589 0.0114008547
-0.0017026099 -0.0007115881 0.0113556181
-0.0016537654 -0.0008068827 0.0113022219
-0.0015615363 -0.0008650118 0.0112528985
-0.0014470512 -0.0008726587 0.0112189471
-0.0013365373 -0.0008280716 0.0112081458
-0.0012553120 -0.0007414650 0.0112229689
-0.0009721842 -0.0010374831 0.0121946538
-0.0009929917 -0.0009279460 0.0122380896
-0.0010627807 -0.0008464931 0.0122911266
-0.0011655632 -0.0008117842 0.0123416146
-0.0012777931 -0.0008317708 0.0123779875
-0.0013737599 -0.0009018741 0.0123919125
-0.0014314786 -0.0010060343 0.0123801998
-0.0014377267 -0.0011203896 0.0123455325
-0.0013910728 -0.0012187426 0.0122958525
-0.0013022047 -0.0012785617 0.0122425409
-0.0011914810 -0.0012861432 0.0121978107
-0.0010842673 -0.0012397502 0.0121719091
-0.0010051248 -0.0011500107 0.0121707698
-0.0006126868 -0.0013520613 0.0131369912
-0.0006343275 -0.0012388556 0.0131691496
-0.0007031492 -0.0011537672 0.0132175389
-0.0008033858 -0.0011162887 0.0132710738
-0.0009120743 -0.0011350061 0.0133174900
-0.0010043154 -0.0012056314 0.0133461543
-0.0010589779 -0.0013119852 0.0133504998
-0.0010635392 -0.0014297031 0.0133295312
-0.0010169544 -0.0015318174 0.0132880521
-0.0009298954 -0.0015949349 0.0132355648
-0.0008223065 -0.0016045962 0.0131840936
-0.0007188350 -0.0015585880 0.0131454298
-0.0006431850 -0.0014674501 0.0131284310
-0.0001740978 -0.0015470908 0.0140886273
-0.0001985055 -0.0014313366 0.0141066052
-0.0002685930 -0.0013427055 0.0141459787
-0.0003683040 -0.0013015019 0.0141977279
-0.0004747960 -0.0013171651 0.0142499975
-0.0005636729 -0.0013861069 0.0142908134
-0.0006145741 -0.0014925334 0.0143108249
-0.0006158388 -0.0016120636 0.0143054479
-0.0005671772 -0.0017173147 0.0142759139
-0.0004797370 -0.0017841749 0.0142289891
-0.0003735499 -0.0017973272 0.0141754231
-0.0002729420 -0.0017537587 0.0141274875
-0.0002009613 -0.0016634504 0.0140961636
0.0003049858 -0.0016031571 0.0150503171
0.0002768535 -0.0014868736 0.0150524917
0.0002037140 -0.0013960431 0.0150792951
0.0001023226 -0.0013514737 0.0151245871
-0.0000040930 -0.0013633757 0.0151779917
-0.0000911544 -0.0014290225 0.0152272746
-0.0001389168 -0.0015333753 0.0152611458
-0.0001364385 -0.0016525280 0.0152718456
-0.0000842871 -0.0017591842 0.0152569230
0.0000055900 -0.0018289103 0.0152197965
0.0001126030 -0.0018457328 0.0151689713
0.0002122367 -0.0018057980 0.0151160909
0.0002816661 -0.0017182543 0.0150732696
0.0007811093 -0.0015131448 0.0160219081
0.0007496095 -0.0013985384 0.0160080831
0.0006727089 -0.0013076279 0.0160198968
0.0005680244 -0.0012612398 0.0160546430
0.0004595380 -0.0012700010 0.0161043617
0.0003721027 -0.0013319045 0.0161576630
0.0003257488 -0.0014327689 0.0162023361
0.0003310955 -0.0015494874 0.0162281470
0.0003869178 -0.0016553212 0.0162291827
0.0004804275 -0.0017260250 0.0162052060
0.0005902028 -0.0017454015 0.0161617096
0.0006910954 -0.0017090118 0.0161086581
0.0007599921 -0.0016251922 0.0160582048
0.0012099569 -0.0012836055 0.0170023539
0.0011766352 -0.0011722905 0.0169737773
0.0010965918 -0.0010834476 0.0169695349
0.0009881636 -0.0010374298 0.0169905988
0.0008761902 -0.0010447791 0.0170321435
0.0007863235 -0.0011038120 0.0170846514
0.0007391507 -0.0012010046 0.0171360938
0.0007454786 -0.0013140913 0.0171746858
0.0008038576 -0.0014171654 0.0171915864
0.0009009136 -0.0014866138 0.0171829239
0.0010144125 -0.0015065267 0.0171506828
0.0011183528 -0.0014723422 0.0171022491
0.0011889233 -0.0013918918 0.0170487184
0.0015508230 -0.0009347212 0.0179898089
0.0015178680 -0.0008271503 0.0179490603
0.0014364093 -0.0007417931 0.0179291448
0.0013251081 -0.0006982039 0.0179346250
0.0012094622 -0.0007063686 0.0179642452
0.0011159647 -0.0007644166 0.0180112200
0.0010660347 -0.0008590499 0.0180647879
0.0010711105 -0.0009685892 0.0181126772
0.0011300294 -0.0010679402 0.0181439171
0.0012292938 -0.0011343430 0.0181513508
0.0013461633 -0.0011525853 0.0181332753
0.0014538647 -0.0011184881 0.0180938316
0.0015277247 -0.0010398628 0.0180420558
0.0017709905 -0.0004986734 0.0189817947
0.0017404614 -0.0003939777 0.0189325525
0.0016598145 -0.0003122939 0.0188987617
0.0015475250 -0.0002723345 0.0188881634
0.0014293172 -0.0002832540 0.0189031855
0.0013322709 -0.0003425507 0.0189403866
0.0012786184 -0.0004366404 0.0189912444
0.0012806507 -0.0005439684 0.0190441081
0.0013379023 -0.0006399471 0.0190868671
0.0014372576 -0.0007025890 0.0191097259
0.0015559554 -0.0007175435 0.0191074478
0.0016668035 -0.0006813847 0.0190805548
0.0017444080 -0.0006023962 0.0190352076
0.0018493713 -0.0000164944 0.0199754239
0.0018224711 0.0000872094 0.0199221333
0.0017445764 0.0001663286 0.0198775175
0.0016335322 0.0002027380 0.0198517974
0.0015147771 0.0001880966 0.0198508652
0.0014155167 0.0001257586 0.0198749345
0.0013584902 0.0000300048 0.0199184913
0.0013567618 -0.0000772287 0.0199715572
0.0019669700 0.0003130973 -0.0193403918
0.0019517281 0.0004244202 -0.0193954992
0.0018992825 0.0005235453 -0.0194510471
0.0018147668 0.0006007697 -0.0195015982
0.0017064541 0.0006485341 -0.0195422041
0.0015849468 0.0006621629 -0.0195688901
0.0014621389 0.0006403221 -0.0195790440
0.0013500516 0.0005851497 -0.0195716718
0.0012596568 0.0005020462 -0.0195474952
0.0011998030 0.0003991464 -0.0195088807
0.0011763492 0.0002865229 -0.0194596082
0.0011915911 0.0001752000 -0.0194045008
0.0012440367 0.0000760749 -0.0193489529
0.0013285524 -0.0000011495 -0.0192984018
0.0014368651 -0.0000489139 -0.0192577959
0.0015583724 -0.0000625427 -0.0192311099
0.0016811803 -0.0000407019 -0.0192209560
0.0017932676 0.0000144705 -0.0192283282
0.0018836624 0.0000975740 -0.0192525048
0.0019435162 0.0002004738 -0.0192911193
0.0017965310 0.0007734166 -0.0183329149
0.0017839644 0.0008876246 -0.0183825188
0.0017349547 0.0009886668 -0.0184377494
0.0016542992 0.0010666528 -0.0184932003
0.0015498931 0.0011139485 -0.0185434436
0.0014319563 0.0011259245 -0.0185835611
0.0013120334 0.0011014084 -0.0186096258
0.0012018632 0.0010428000 -0.0186190864
0.0011122300 0.0009558363 -0.0186110168
0.0010519076 0.0008490300 -0.0185862068
0.0010268009 0.0007328359 -0.0185470851
0.0010393675 0.0006186280 -0.0184974812
0.0010883773 0.0005175858 -0.0184422506
0.0011690327 0.0004395998 -0.0183867997
0.0012734389 0.0003923041 -0.0183365564
0.0013913756 0.0003803281 -0.0182964389
0.0015112985 0.0004048442 -0.0182703742
0.0016214687 0.0004634526 -0.0182609136
0.0017111019 0.0005504162 -0.0182689832
0.0017714243 0.0006572226 -0.0182937932
0.0014965302 0.0011585894 -0.0173351046
0.0014845302 0.0012766909 -0.0173747273
0.0014372626 0.0013812611 -0.0174246549
0.0013593541 0.0014620639 -0.0174800000
0.0012584309 0.0015111898 -0.0175353451
0.0011443723 0.0015238301 -0.0175852727
0.0010283429 0.0014987474 -0.0176248954
0.0009217006 0.0014383969 -0.0176503348
0.0008348843 0.0013486863 -0.0176591006
0.0007763921 0.0012383969 -0.0176503348
0.0007519497 0.0011183248 -0.0176248954
0.0007639497 0.0010002233 -0.0175852727
0.0008112173 0.0008956531 -0.0175353451
0.0008891259 0.0008148503 -0.0174800000
0.0009900490 0.0007657243 -0.0174246549
0.0011041076 0.0007530841 -0.0173747273
0.0012201370 0.0007781668 -0.0173351046
0.0013267793 0.0008385173 -0.0173096652
0.0014135956 0.0009282279 -0.0173008994
0.0014720878 0.0010385173 -0.0173096652
0.0010973519 0.0014338872 -0.0163503742
0.0010836099 0.0015555166 -0.0163764389
0.0010357756 0.0016639803 -0.0164165564
0.0009585314 0.0017486612 -0.0164667997
0.0008594384 0.0018012702 -0.0165222506
0.0007481967 0.0018166574 -0.0165774812
0.0006356952 0.0017933168 -0.0166270851
0.0005329465 0.0017335329 -0.0166662068
0.0004500083 0.0016431580 -0.0166910168
0.0003949991 0.0015310385 -0.0166990864
0.0003733037 0.0014081494 -0.0166896258
0.0003870457 0.0012865201 -0.0166635611
0.0004348800 0.0011780563 -0.0166234436
0.0005121242 0.0010933754 -0.0165732003
0.0006112171 0.0010407665 -0.0165177494
0.0007224589 0.0010253792 -0.0164625188
0.0008349603 0.0010487199 -0.0164129149
0.0009377091 0.0011085037 -0.0163737932
0.0010206473 0.0011988786 -0.0163489832
0.0010756565 0.0013109982 -0.0163409136
0.0006377269 0.0015763665 -0.0153809560
0.0006205489 0.0016999130 -0.0153911099
0.0005700393 0.0018112618 -0.0154177959
0.0004911422 0.0018995133 -0.0154584018
0.0003915807 0.0019560288 -0.0155089529
0.0002811005 0.0019752762 -0.0155645008
0.0001705162 0.0019553714 -0.0156196082
0.0000706525 0.0018982629 -0.0156688807
-0.0000087152 0.0018095409 -0.0157074952
-0.0000598178 0.0016978899 -0.0157316718
-0.0000776531 0.0015742393 -0.0157390440
-0.0000604751 0.0014506929 -0.0157288901
-0.0000099655 0.0013393441 -0.0157022041
0.0000689315 0.0012510926 -0.0156615982
0.0001684931 0.0011945771 -0.0156110471
0.0002789733 0.0011753297 -0.0155554992
0.0003895576 0.0011952344 -0.0155003918
0.0004894213 0.0012523429 -0.0154511193
0.0005687890 0.0013410650 -0.0154125048
0.0006198916 0.0014527159 -0.0153883282
0.0001602843 0.0015762664 -0.0144277003
0.0001391892 0.0016994426 -0.0144210267
0.0000848398 0.0018116497 -0.0144318722
0.0000025561 0.0019019040 -0.0144591753
-0.0000996074 0.0019613709 -0.0145002633
-0.0002116503 0.0019842293 -0.0145511142
-0.0003226049 0.0019682417 -0.0146067503
-0.0004216103 0.0019149730 -0.0146617257
-0.0004989751 0.0018296375 -0.0147106590
-0.0005471263 0.0017205886 -0.0147487602
-0.0005613506 0.0015985006 -0.0147722997
-0.0005402556 0.0014753244 -0.0147789733
-0.0004859061 0.0013631173 -0.0147681278
-0.0004036224 0.0012728630 -0.0147408247
-0.0003014589 0.0012133961 -0.0146997367
-0.0001894161 0.0011905377 -0.0146488858
-0.0000784615 0.0012065254 -0.0145932497
0.0000205439 0.0012597941 -0.0145382743
0.0000979087 0.0013451295 -0.0144893410
0.0001460600 0.0014541784 -0.0144512398
-0.0002926982 0.0014367954 -0.0134899983
-0.0003168090 0.0015574446 -0.0134670996
-0.0003748076 0.0016681803 -0.0134611256
-0.0004610165 0.0017581629 -0.0134726612
-0.0005669970 0.0018185843 -0.0135005770
-0.0006823751 0.0018435300 -0.0135421405
-0.0007958567 0.0018305582 -0.0135932831
-0.0008963335 0.0017809386 -0.0136489988
-0.0009739700 0.0016995284 -0.0137038336
-0.0010211667 0.0015942965 -0.0137524199
-0.0010333037 0.0014755437 -0.0137900017
-0.0010091928 0.0013548945 -0.0138129004
-0.0009511943 0.0012441588 -0.0138188744
-0.0008649854 0.0011541762 -0.0138073388
-0.0007590048 0.0010937548 -0.0137794230
-0.0006436268 0.0010688091 -0.0137378595
-0.0005301452 0.0010817809 -0.0136867169
-0.0004296684 0.0011314005 -0.0136310012
-0.0003520319 0.0012128107 -0.0135761664
-0.0003048351 0.0013180426 -0.0135275801
-0.0006828208 0.0011727124 -0.0125658370
-0.0007079818 0.0012895698 -0.0125287804
-0.0007681508 0.0013970237 -0.0125065262
-0.0008574381 0.0014845560 -0.0125012528
-0.0009671036 0.0015435982 -0.0125134765
-0.0010864124 0.0015683709 -0.0125420006
-0.0012036859 0.0015564492 -0.0125840331
-0.0013074444 0.0015090001 -0.0126354595
-0.0013875313 0.0014306682 -0.0126912458
-0.0014361072 0.0013291212 -0.0127459313
-0.0014484172 0.0012142993 -0.0127941630
-0.0014232562 0.0010974419 -0.0128312196
-0.0013630871 0.0009899879 -0.0128534738
-0.0012737999 0.0009024557 -0.0128587472
-0.0011641344 0.0008434135 -0.0128465235
-0.0010448256 0.0008186408 -0.0128179994
-0.0009275521 0.0008305625 -0.0127759669
-0.0008237936 0.0008780116 -0.0127245405
-0.0007437067 0.0009563434 -0.0126687542
-0.0006951308 0.0010578904 -0.0126140687
-0.0009781490 0.0008082293 -0.0116519813
-0.0010020238 0.0009213682 -0.0116041119
-0.0010621187 0.0010248883 -0.0115675864
-0.0011525510 0.0011086563 -0.0115459802
-0.0012644688 0.0011644724 -0.0115414083
-0.0013869166 0.0011868728 -0.0115543181
-0.0015079085 0.0011736650 -0.0115834461
-0.0016156008 0.0011261417 -0.0116259409
-0.0016994520 0.0010489549 -0.0116776429
-0.0017512541 0.0009496602 -0.0117334911
-0.0017659363 0.0008379772 -0.0117880187
-0.0017420615 0.0007248383 -0.0118358881
-0.0016819666 0.0006213182 -0.0118724136
-0.0015915343 0.0005375502 -0.0118940198
-0.0014796165 0.0004817342 -0.0118985917
-0.0013571687 0.0004593337 -0.0118856819
-0.0012361768 0.0004725415 -0.0118565539
-0.0011284845 0.0005200648 -0.0118140591
-0.0010446333 0.0005972516 -0.0117623571
-0.0009928312 0.0006965463 -0.0117065089
-0.0011549375 0.0003746934 -0.0107442658
-0.0011756438 0.0004854998 -0.0106899048
-0.0012334460 0.0005858223 -0.0106424051
-0.0013226861 0.0006658407 -0.0106064165
-0.0014346286 0.0007177222 -0.0105854617
-0.0015583157 0.0007363884 -0.0105815919
-0.0016816402 0.0007200120 -0.0105951860
-0.0017925302 0.0006701961 -0.0106249132
-0.0018801309 0.0005918170 -0.0106678636
-0.0019358675 0.0004925470 -0.0107198330
-0.0019542840 0.0003821034 -0.0107757342
-0.0019335777 0.0002712970 -0.0108300952
-0.0018757755 0.0001709745 -0.0108775949
-0.0017865354 0.0000909561 -0.0109135835
-0.0016745930 0.0000390746 -0.0109345383
-0.0015509058 0.0000204084 -0.0109384081
-0.0014275813 0.0000367848 -0.0109248140
-0.0013166914 0.0000866007 -0.0108950868
-0.0012290906 0.0001649798 -0.0108521364
-0.0011733540 0.0002642498 -0.0108001670
-0.0011987457 -0.0000916932 -0.0098379706
-0.0012155193 0.0000189896 -0.0097820252
-0.0012696196 0.0001179793 -0.0097278392
-0.0013557507 0.0001955861 -0.0096807169
-0.0014654817 0.0002442135 -0.0096452708
-0.0015880711 0.0002591013 -0.0096249707
-0.0017115192 0.0002387923 -0.0096218037
-0.0018237419 0.0001852744 -0.0096360798
-0.0019137542 0.0001037864 -0.0096664015
-0.0019727450 0.0000023049 -0.0097098008
-0.0019949399 -0.0001092365 -0.0097620294
-0.0019781662 -0.0002199192 -0.0098179748
-0.0019240659 -0.0003189089 -0.0098721608
-0.0018379348 -0.0003965158 -0.0099192831
-0.0017282039 -0.0004451431 -0.0099547292
-0.0016056144 -0.0004600310 -0.0099750293
-0.0014821663 -0.0004397220 -0.0099781963
-0.0013699436 -0.0003862041 -0.0099639202
-0.0012799313 -0.0003047161 -0.0099335985
-0.0012209405 -0.0002032345 -0.0098901992
-0.0011052048 -0.0005521066 -0.0089282477
-0.0011186697 -0.0004392947 -0.0088757682
-0.0011689653 -0.0003393026 -0.0088197874
-0.0012511681 -0.0002619181 -0.0087657851
-0.0013572317 -0.0002147162 -0.0087190475
-0.0014767739 -0.0002023172 -0.0086841496
-0.0015980929 -0.0002259350 -0.0086645074
-0.0017093132 -0.0002832576 -0.0086620437
-0.0017995479 -0.0003686739 -0.0086769995
-0.0018599640 -0.0004738228 -0.0087079110
-0.0018846478 -0.0005884115 -0.0087517523
-0.0018711829 -0.0007012233 -0.0088042318
-0.0018208873 -0.0008012154 -0.0088602126
-0.0017386845 -0.0008785999 -0.0089142149
-0.0016326209 -0.0009258018 -0.0089609525
-0.0015130788 -0.0009382008 -0.0089958504
-0.0013917598 -0.0009145830 -0.0090154926
-0.0012805394 -0.0008572604 -0.0090179563
-0.0011903048 -0.0007718441 -0.0090030005
-0.0011298886 -0.0006666953 -0.0089720890
-0.0008805590 -0.0009674488 -0.0080105587
-0.0008925069 -0.0008510066 -0.0079662824
-0.0009402377 -0.0007480307 -0.0079135601
-0.0010190793 -0.0006686009 -0.0078575527
-0.0011213142 -0.0006204925 -0.0078037427
-0.0012369349 -0.0006084146 -0.0077573972
-0.0013546236 -0.0006335495 -0.0077230530
-0.0014628601 -0.0006934368 -0.0077040718
-0.0015510495 -0.0007822143 -0.0077023117
-0.0016105592 -0.0008911918 -0.0077179450
-0.0016355639 -0.0010097020 -0.0077494413
-0.0016236161 -0.0011261441 -0.0077937176
-0.0015758853 -0.0012291201 -0.0078464399
-0.0014970436 -0.0013085498 -0.0079024473
-0.0013948088 -0.0013566583 -0.0079562573
-0.0012791881 -0.0013687362 -0.0080026028
-0.0011614994 -0.0013436013 -0.0080369470
-0.0010532629 -0.0012837140 -0.0080559282
-0.0009650735 -0.0011949365 -0.0080576883
-0.0009055638 -0.0010859589 -0.0080420550
-0.0005418778 -0.0013010077 -0.0070810840
-0.0005546356 -0.0011807153 -0.0070490078
-0.0006019469 -0.0010738272 -0.0070043033
-0.0006791807 -0.0009908064 -0.0069513467
-0.0007787768 -0.0009397795 -0.0068953217
-0.0008909859 -0.0009257415 -0.0068417123
-0.0010048242 -0.0009500663 -0.0067957663
-0.0011091486 -0.0010103731 -0.0067619811
-0.0011937470 -0.0011007585 -0.0067436640
-0.0012503382 -0.0012123749 -0.0067426078
-0.0012733828 -0.0013342966 -0.0067589160
-0.0012606251 -0.0014545890 -0.0067909922
-0.0012133137 -0.0015614771 -0.0068356967
-0.0011360799 -0.0016444979 -0.0068886533
-0.0010364839 -0.0016955248 -0.0069446783
-0.0009242748 -0.0017095629 -0.0069982877
-0.0008104364 -0.0016852380 -0.0070442337
-0.0007061120 -0.0016249312 -0.0070780189
-0.0006215137 -0.0015345458 -0.0070963360
-0.0005649224 -0.0014229294 -0.0070973922
-0.0001166479 -0.0015214954 -0.0061370681
-0.0001322568 -0.0013984916 -0.0061200875
-0.0001814420 -0.0012881438 -0.0060874364
-0.0002593888 -0.0012012535 -0.0060423110
-0.0003584671 -0.0011463263 -0.0059891284
-0.0004689786 -0.0011287387 -0.0059330945
-0.0005801057 -0.0011502124 -0.0058796943
-0.0006809703 -0.0012086454 -0.0058341550
-0.0007616992 -0.0012983178 -0.0058009343
-0.0008143901 -0.0014104519 -0.0057832840
-0.0008338852 -0.0015340712 -0.0057829319
-0.0008182762 -0.0016570750 -0.0057999125
-0.0007690911 -0.0017674228 -0.0058325636
-0.0006911443 -0.0018543130 -0.0058776890
-0.0005920659 -0.0019092403 -0.0059308716
-0.0004815544 -0.0019268278 -0.0059869055
-0.0003704274 -0.0019053541 -0.0060403057
-0.0002695628 -0.0018469212 -0.0060858450
-0.0001888339 -0.0017572488 -0.0061190657
-0.0001361430 -0.0016451147 -0.0061367160
0.0003586187 -0.0016062879 -0.0051770681
0.0003391236 -0.0014826686 -0.0051767160
0.0002864327 -0.0013705345 -0.0051590657
0.0002057038 -0.0012808621 -0.0051258450
0.0001048391 -0.0012224291 -0.0050803057
-0.0000062879 -0.0012009554 -0.0050269055
-0.0001167994 -0.0012185430 -0.0049708716
-0.0002158778 -0.0012734702 -0.0049176890
-0.0002938245 -0.0013603605 -0.0048725636
-0.0003430097 -0.0014707083 -0.0048399125
-0.0003586187 -0.0015937121 -0.0048229319
-0.0003391236 -0.0017173314 -0.0048232840
-0.0002864327 -0.0018294655 -0.0048409343
-0.0002057038 -0.0019191379 -0.0048741550
-0.0001048391 -0.0019775709 -0.0049196943
0.0000062879 -0.0019990446 -0.0049730945
0.0001167994 -0.0019814570 -0.0050291284
0.0002158778 -0.0019265298 -0.0050823110
0.0002938245 -0.0018396395 -0.0051274364
0.0003430097 -0.0017292917 -0.0051600875
0.0008410191 -0.0015444277 -0.0042010840
0.0008179744 -0.0014225060 -0.0042173922
0.0007613832 -0.0013108896 -0.0042163360
0.0006767848 -0.0012205042 -0.0041980189
0.0005724605 -0.0011601975 -0.0041642337
0.0004586221 -0.0011358726 -0.0041182877
0.0003464130 -0.0011499106 -0.0040646783
0.0002468169 -0.0012009375 -0.0040086533
0.0001695832 -0.0012839583 -0.0039556967
0.0001222718 -0.0013908464 -0.0039109922
0.0001095140 -0.0015111388 -0.0038789160
0.0001325586 -0.0016330605 -0.0038626078
0.0001891499 -0.0017446770 -0.0038636640
0.0002737482 -0.0018350623 -0.0038819811
0.0003780726 -0.0018953691 -0.0039157663
0.0004919110 -0.0019196940 -0.0039617123
0.0006041201 -0.0019056559 -0.0040153217
0.0007037161 -0.0018546291 -0.0040713467
0.0007809499 -0.0017716083 -0.0041243033
0.0008282613 -0.0016647202 -0.0041690078
0.0012851328 -0.0013387788 -0.0032105587
0.0012601280 -0.0012202686 -0.0032420550
0.0012006183 -0.0011112910 -0.0032576883
0.0011124289 -0.0010225135 -0.0032559282
0.0010041924 -0.0009626262 -0.0032369470
0.0008865037 -0.0009374914 -0.0032026028
0.0007708830 -0.0009495693 -0.0031562573
0.0006686482 -0.0009976777 -0.0031024473
0.0005898065 -0.0010771075 -0.0030464399
0.0005420757 -0.0011800834 -0.0029937176
0.0005301279 -0.0012965255 -0.0029494413
0.0005551326 -0.0014150357 -0.0029179450
0.0006146423 -0.0015240133 -0.0029023117
0.0007028317 -0.0016127908 -0.0029040718
0.0008110683 -0.0016726781 -0.0029230530
0.0009287569 -0.0016978129 -0.0029573972
0.0010443776 -0.0016857350 -0.0030037427
0.0011466125 -0.0016376266 -0.0030575527
0.0012254541 -0.0015581969 -0.0031135601
0.0012731850 -0.0014552209 -0.0031662824
0.0016477830 -0.0010067278 -0.0022082477
0.0016230992 -0.0008921391 -0.0022520890
0.0015626830 -0.0007869903 -0.0022830005
0.0014724484 -0.0007015740 -0.0022979563
0.0013612280 -0.0006442514 -0.0022954926
0.0012399090 -0.0006206336 -0.0022758504
0.0011203669 -0.0006330326 -0.0022409525
0.0010143033 -0.0006802345 -0.0021942149
0.0009321005 -0.0007576190 -0.0021402126
0.0008818049 -0.0008576111 -0.0020842318
0.0008683400 -0.0009704229 -0.0020317523
0.0008930238 -0.0010850116 -0.0019879110
0.0009534399 -0.0011901605 -0.0019569995
0.0010436746 -0.0012755768 -0.0019420437
0.0011548949 -0.0013328994 -0.0019445074
0.0012762139 -0.0013565171 -0.0019641496
0.0013957561 -0.0013441182 -0.0019990475
0.0015018197 -0.0012969163 -0.0020457851
0.0015840225 -0.0012195318 -0.0020997874
0.0016343181 -0.0011195396 -0.0021557682
0.0018930234 -0.0005790307 -0.0011979706
0.0018708285 -0.0004674893 -0.0012501992
0.0018118378 -0.0003660078 -0.0012935985
0.0017218255 -0.0002845197 -0.0013239202
0.0016096027 -0.0002310019 -0.0013381963
0.0014861546 -0.0002106929 -0.0013350293
0.0013635652 -0.0002255807 -0.0013147292
0.0012538343 -0.0002742080 -0.0012792831
0.0011677031 -0.0003518149 -0.0012321608
0.0011136029 -0.0004508046 -0.0011779748
0.0010968292 -0.0005614873 -0.0011220294
0.0011190241 -0.0006730287 -0.0010698008
0.0011780149 -0.0007745103 -0.0010264015
0.0012680271 -0.0008559983 -0.0009960798
0.0013802499 -0.0009095161 -0.0009818037
0.0015036980 -0.0009298251 -0.0009849707
0.0016262874 -0.0009149373 -0.0010052708
0.0017360183 -0.0008663100 -0.0010407169
0.0018221495 -0.0007887031 -0.0010878392
0.0018762497 -0.0006897134 -0.0011420252
0.0019965160 -0.0000967599 -0.0001842658
0.0019780995 0.0000136838 -0.0002401670
0.0019223629 0.0001129538 -0.0002921364
0.0018347622 0.0001913329 -0.0003350868
0.0017238722 0.0002411488 -0.0003648140
0.0016005477 0.0002575251 -0.0003784081
0.0014768606 0.0002388590 -0.0003745383
0.0013649181 0.0001869774 -0.0003535835
0.0012756780 0.0001069590 -0.0003175949
0.0012178758 0.0000066365 -0.0002700952
0.0011971695 -0.0001041698 -0.0002157342
0.0012155860 -0.0002146134 -0.0001598330
0.0012713226 -0.0003138834 -0.0001078636
0.0013589234 -0.0003922625 -0.0000649132
0.0014698133 -0.0004420784 -0.0000351860
0.0015931378 -0.0004584548 -0.0000215919
0.0017168250 -0.0004397886 -0.0000254617
0.0018287674 -0.0003879071 -0.0000464165
0.0019180075 -0.0003078887 -0.0000824051
0.0019758097 -0.0002075662 -0.0001299048
0.0019485044 0.0003932724 0.0008280187
0.0019338222 0.0005049554 0.0007734911
0.0018820201 0.0006042501 0.0007176429
0.0017981690 0.0006814368 0.0006659409
0.0016904766 0.0007289601 0.0006234461
0.0015694847 0.0007421680 0.0005943181
0.0014470369 0.0007197675 0.0005814083
0.0013351192 0.0006639515 0.0005859802
0.0012446868 0.0005801835 0.0006075864
0.0011845919 0.0004766634 0.0006441119
0.0011607171 0.0003635244 0.0006919813
0.0011753993 0.0002518414 0.0007465089
0.0012272014 0.0001525467 0.0008023571
0.0013110526 0.0000753599 0.0008540591
0.0014187450 0.0000278367 0.0008965539
0.0015397368 0.0000146288 0.0009256819
0.0016621846 0.0000370293 0.0009385917
0.0017741024 0.0000928453 0.0009340198
0.0018645348 0.0001766133 0.0009124136
0.0019246296 0.0002801334 0.0008758881
0.0017548408 0.0008438967 0.0018341630
0.0017425309 0.0009587187 0.0017859313
0.0016939550 0.0010602656 0.0017312458
0.0016138680 0.0011385975 0.0016754595
0.0015101095 0.0011860466 0.0016240331
0.0013928361 0.0011979683 0.0015820006
0.0012735272 0.0011731956 0.0015534765
0.0011638618 0.0011141534 0.0015412528
0.0010745745 0.0010266212 0.0015465262
0.0010144055 0.0009191672 0.0015687804
0.0009892445 0.0008023098 0.0016058370
0.0010015544 0.0006874879 0.0016540687
0.0010501303 0.0005859409 0.0017087542
0.0011302173 0.0005076090 0.0017645405
0.0012339758 0.0004601599 0.0018159669
0.0013512492 0.0004482382 0.0018579994
0.0014705581 0.0004730109 0.0018865235
0.0015802235 0.0005320531 0.0018987472
0.0016695108 0.0006195853 0.0018934738
0.0017296798 0.0007270393 0.0018712196
0.0014359217 0.0012128800 0.0028300017
0.0014237848 0.0013316327 0.0027924199
0.0013765881 0.0014368647 0.0027438336
0.0012989515 0.0015182749 0.0026889988
0.0011984748 0.0015678945 0.0026332831
0.0010849932 0.0015808663 0.0025821405
0.0009696151 0.0015559206 0.0025405770
0.0008636345 0.0014954992 0.0025126612
0.0007774256 0.0014055166 0.0025011256
0.0007194271 0.0012947809 0.0025070996
0.0006953163 0.0011741317 0.0025299983
0.0007074532 0.0010553789 0.0025675801
0.0007546499 0.0009501470 0.0026161664
0.0008322865 0.0008687368 0.0026710012
0.0009327632 0.0008191172 0.0027267169
0.0010462448 0.0008061453 0.0027778595
0.0011616229 0.0008310911 0.0028194230
0.0012676034 0.0008915125 0.0028473388
0.0013538123 0.0009814951 0.0028588744
0.0014118109 0.0010922308 0.0028529004
0.0010238184 0.0014672867 0.0038122997
0.0010095941 0.0015893746 0.0037887602
0.0009614428 0.0016984236 0.0037506590
0.0008840780 0.0017837590 0.0037017257
0.0007850726 0.0018370277 0.0036467503
0.0006741180 0.0018530153 0.0035911142
0.0005620752 0.0018301570 0.0035402633
0.0004599117 0.0017706901 0.0034991753
0.0003776280 0.0016804357 0.0034718722
0.0003232785 0.0015682287 0.0034610267
0.0003021835 0.0014450525 0.0034677003
0.0003164078 0.0013229645 0.0034912398
0.0003645590 0.0012139155 0.0035293410
0.0004419238 0.0011285801 0.0035782743
0.0005409292 0.0010753114 0.0036332497
0.0006518838 0.0010593238 0.0036888858
0.0007639267 0.0010821821 0.0037397367
0.0008660902 0.0011416490 0.0037808247
0.0009483739 0.0012319034 0.0038081278
0.0010027233 0.0013441104 0.0038189733
0.0005582231 0.0015863199 0.0047790440
0.0005403879 0.0017099705 0.0047716718
0.0004892853 0.0018216214 0.0047474952
0.0004099176 0.0019103435 0.0047088807
0.0003100539 0.0019674520 0.0046596082
0.0001994696 0.0019873568 0.0046045008
0.0000889894 0.0019681094 0.0045489529
-0.0000105722 0.0019115939 0.0044984018
-0.0000894693 0.0018233424 0.0044577959
-0.0001399789 0.0017119936 0.0044311099
-0.0001571568 0.0015884471 0.0044209560
-0.0001393215 0.0014647965 0.0044283282
-0.0000882189 0.0013531456 0.0044525048
-0.0000088513 0.0012644235 0.0044911193
0.0000910124 0.0012073150 0.0045403918
0.0002015968 0.0011874103 0.0045954992
0.0003120770 0.0012066577 0.0046510471
0.0004116385 0.0012631732 0.0047015982
0.0004905356 0.0013514247 0.0047422041
0.0005410452 0.0014627735 0.0047688901
0.0000819872 0.0015624340 0.0057296258
0.0000602918 0.0016853231 0.0057390864
0.0000052826 0.0017974426 0.0057310168
-0.0000776556 0.0018878175 0.0057062068
-0.0001804043 0.0019476014 0.0056670851
-0.0002929058 0.0019709420 0.0056174812
-0.0004041476 0.0019555548 0.0055622506
-0.0005032405 0.0019029458 0.0055067997
-0.0005804847 0.0018182649 0.0054565564
-0.0006283190 0.0017098012 0.0054164389
-0.0006420610 0.0015881718 0.0053903742
-0.0006203656 0.0014652828 0.0053809136
-0.0005653564 0.0013531633 0.0053889832
-0.0004824182 0.0012627883 0.0054137932
-0.0003796694 0.0012030045 0.0054529149
-0.0002671680 0.0011796638 0.0055025188
-0.0001559262 0.0011950511 0.0055577494
-0.0000568333 0.0012476600 0.0056132003
0.0000204109 0.0013323409 0.0056634436
0.0000682452 0.0014408047 0.0057035611
-0.0003630376 0.0014008860 0.0066648954
-0.0003874800 0.0015209581 0.0066903348
-0.0004459721 0.0016312475 0.0066991006
-0.0005327885 0.0017209581 0.0066903348
-0.0006394308 0.0017813086 0.0066648954
-0.0007554601 0.0018063913 0.0066252727
-0.0008695188 0.0017937511 0.0065753451
-0.0009704419 0.0017446251 0.0065200000
-0.0010483504 0.0016638223 0.0064646549
-0.0010956181 0.0015592521 0.0064147273
-0.0011076180 0.0014411506 0.0063751046
-0.0010831756 0.0013210785 0.0063496652
-0.0010246834 0.0012107891 0.0063408994
-0.0009378671 0.0011210785 0.0063496652
-0.0008312248 0.0010607280 0.0063751046
-0.0007151954 0.0010356453 0.0064147273
-0.0006011368 0.0010482856 0.0064646549
-0.0005002137 0.0010974115 0.0065200000
-0.0004223052 0.0011782144 0.0065753451
-0.0003750375 0.0012827845 0.0066252727
-0.0007393749 0.0011181667 0.0075870851
-0.0007644816 0.0012343608 0.0076262068
-0.0008248040 0.0013411671 0.0076510168
-0.0009144372 0.0014281308 0.0076590864
-0.0010246074 0.0014867392 0.0076496258
-0.0011445303 0.0015112553 0.0076235611
-0.0012624671 0.0014992793 0.0075834436
-0.0013668732 0.0014519836 0.0075332003
-0.0014475287 0.0013739976 0.0074777494
-0.0014965384 0.0012729553 0.0074225188
-0.0015091050 0.0011587474 0.0073729149
-0.0014839983 0.0010425534 0.0073337932
-0.0014236759 0.0009357470 0.0073089832
-0.0013340427 0.0008487834 0.0073009136
-0.0012238725 0.0007901750 0.0073103742
-0.0011039496 0.0007656589 0.0073364389
-0.0009860128 0.0007776348 0.0073765564
-0.0008816067 0.0008249306 0.0074267997
-0.0008009512 0.0009029165 0.0074822506
-0.0007519415 0.0010039588 0.0075374812
-0.0010163556 0.0007398391 0.0084996082
-0.0010398094 0.0008524626 0.0085488807
-0.0010996632 0.0009553624 0.0085874952
-0.0011900579 0.0010384659 0.0086116718
-0.0013021452 0.0010936383 0.0086190440
-0.0014249532 0.0011154791 0.0086088901
-0.0015464605 0.0011018503 0.0085822041
-0.0016547732 0.0010540859 0.0085415982
-0.0017392888 0.0009768615 0.0084910471
-0.0017917345 0.0008777364 0.0084354992
-0.0018069764 0.0007664135 0.0083803918
-0.0017835225 0.0006537900 0.0083311193
-0.0017236688 0.0005508902 0.0082925048
-0.0016332740 0.0004677867 0.0082683282
-0.0015211867 0.0004126142 0.0082609560
-0.0013983788 0.0003907735 0.0082711099
-0.0012768714 0.0004044023 0.0082977959
-0.0011685588 0.0004521667 0.0083384018
-0.0010840431 0.0005293911 0.0083889529
-0.0010315975 0.0006285162 0.0084445008
-0.0011717197 0.0002982156 0.0094067503
-0.0011917869 0.0004088362 0.0094617257
-0.0012490387 0.0005087846 0.0095106590
-0.0013378709 0.0005882771 0.0095487602
-0.0014495879 0.0006395325 0.0095722997
-0.0015732541 0.0006575335 0.0095789733
-0.0016967643 0.0006405180 0.0095681278
-0.0018080284 0.0005901516 0.0095408247
-0.0018961550 0.0005113646 0.0094997367
-0.0019525178 0.0004118692 0.0094488858
-0.0019715995 0.0003014047 0.0093932497
-0.0019515323 0.0001907840 0.0093382743
-0.0018942805 0.0000908356 0.0092893410
-0.0018054483 0.0000113431 0.0092512398
-0.0016937313 -0.0000399123 0.0092277003
-0.0015700651 -0.0000579133 0.0092210267
-0.0014465549 -0.0000408978 0.0092318722
-0.0013352908 0.0000094686 0.0092591753
-0.0012471642 0.0000882556 0.0093002633
-0.0011908015 0.0001877510 0.0093511142
-0.0011926586 -0.0001699093 0.0103132831
-0.0012088006 -0.0000590170 0.0103689988
-0.0012622354 0.0000399769 0.0104238336
-0.0013477323 0.0001173821 0.0104724199
-0.0014569223 0.0001656217 0.0105100017
-0.0015791172 0.0001799735 0.0105329004
-0.0017023557 0.0001590329 0.0105388744
-0.0018145742 0.0001048495 0.0105273388
-0.0019047882 0.0000227272 0.0104994230
-0.0019641668 -0.0000792952 0.0104578595
-0.0019868976 -0.0001912311 0.0104067169
-0.0019707556 -0.0003021235 0.0103510012
-0.0019173208 -0.0004011174 0.0102961664
-0.0018318239 -0.0004785226 0.0102475801
-0.0017226339 -0.0005267621 0.0102099983
-0.0016004390 -0.0005411140 0.0101870996
-0.0014772005 -0.0005201733 0.0101811256
-0.0013649820 -0.0004659899 0.0101926612
-0.0012747680 -0.0003838677 0.0102205770
-0.0012153894 -0.0002818453 0.0102621405
-0.0010765412 -0.0006254966 0.0112240331
-0.0010896048 -0.0005121538 0.0112754595
-0.0011393547 -0.0004117807 0.0113312458
-0.0012209208 -0.0003342025 0.0113859313
-0.0013263190 -0.0002870131 0.0114341630
-0.0014452321 -0.0002748317 0.0114712196
-0.0015660202 -0.0002988508 0.0114934738
-0.0016768596 -0.0003567191 0.0114987472
-0.0017669005 -0.0004427721 0.0114865235
-0.0018273293 -0.0005485864 0.0114579994
-0.0018522306 -0.0006638040 0.0114159669
-0.0018391669 -0.0007771468 0.0113645405
-0.0017894171 -0.0008775199 0.0113087542
-0.0017078509 -0.0009550981 0.0112540687
-0.0016024527 -0.0010022875 0.0112058370
-0.0014835396 -0.0010144689 0.0111687804
-0.0013627516 -0.0009904498 0.0111465262
-0.0012519122 -0.0009325815 0.0111412528
-0.0011618712 -0.0008465285 0.0111534765
-0.0011014425 -0.0007407142 0.0111820006
-0.0008314134 -0.0010296507 0.0121434461
-0.0008433319 -0.0009125436 0.0121859409
-0.0008908294 -0.0008089444 0.0122376429
-0.0009692566 -0.0007289939 0.0122934911
-0.0010709364 -0.0006805184 0.0123480187
-0.0011859157 -0.0006682628 0.0123958881
-0.0013029395 -0.0006934270 0.0124324136
-0.0014105527 -0.0007535475 0.0124540198
-0.0014982214 -0.0008427395 0.0124585917
-0.0015573639 -0.0009522722 0.0124456819
-0.0015821911 -0.0010714238 0.0124165539
-0.0015702725 -0.0011885308 0.0123740591
-0.0015227750 -0.0012921300 0.0123223571
-0.0014443478 -0.0013720805 0.0122665089
-0.0013426680 -0.0014205560 0.0122119813
-0.0012276888 -0.0014328116 0.0121641119
-0.0011106650 -0.0014076475 0.0121275864
-0.0010030518 -0.0013475269 0.0121059802
-0.0009153831 -0.0012583349 0.0121014083
-0.0008562405 -0.0011488022 0.0121143181
-0.0004761313 -0.0013463434 0.0130751860
-0.0004892422 -0.0012254868 0.0131049132
-0.0005367150 -0.0011179531 0.0131478636
-0.0006139028 -0.0010342683 0.0131998330
-0.0007132500 -0.0009826242 0.0132557342
-0.0008250316 -0.0009680760 0.0133100952
-0.0009383059 -0.0009920479 0.0133575949
-0.0010419846 -0.0010521932 0.0133935835
-0.0011259190 -0.0011426245 0.0134145383
-0.0011818930 -0.0012544898 0.0134184081
-0.0012044275 -0.0013768389 0.0134048140
-0.0011913167 -0.0014976955 0.0133750868
-0.0011438438 -0.0016052293 0.0133321364
-0.0010666560 -0.0016889140 0.0132801670
-0.0009673089 -0.0017405581 0.0132242658
-0.0008555272 -0.0017551063 0.0131699048
-0.0007422530 -0.0017311345 0.0131224051
-0.0006385742 -0.0016709892 0.0130864165
-0.0005546398 -0.0015805579 0.0130654617
-0.0004986658 -0.0014686925 0.0130615919
-0.0000398142 -0.0015455055 0.0140218037
-0.0000560339 -0.0014222374 0.0140360798
-0.0001057183 -0.0013114495 0.0140664015
-0.0001840038 -0.0012239864 0.0141098008
-0.0002832274 -0.0011684096 0.0141620294
-0.0003936763 -0.0011501595 0.0142179748
-0.0005045390 -0.0011710224 0.0142721608
-0.0006049635 -0.0012289561 0.0143192831
-0.0006851196 -0.0013182898 0.0143547292
-0.0007371610 -0.0014302787 0.0143750293
-0.0007559935 -0.0015539606 0.0143781963
-0.0007397737 -0.0016772287 0.0143639202
-0.0006900893 -0.0017880167 0.0143335985
-0.0006118038 -0.0018754797 0.0142901992
-0.0005125802 -0.0019310565 0.0142379706
-0.0004021314 -0.0019493066 0.0141820252
-0.0002912687 -0.0019284437 0.0141278392
-0.0001908441 -0.0018705100 0.0140807169
-0.0001106881 -0.0017811764 0.0140452708
-0.0000586467 -0.0016691875 0.0140249707
0.0004397427 -0.0016062639 0.0149845074
0.0004195946 -0.0014827734 0.0149820437
0.0003662430 -0.0013705600 0.0149969995
0.0002849101 -0.0012806081 0.0150279110
0.0001835575 -0.0012217226 0.0150717523
0.0000721062 -0.0011996677 0.0151242318
-0.0000385342 -0.0012166023 0.0151802126
-0.0001375333 -0.0012708688 0.0152342149
-0.0002152005 -0.0013571550 0.0152809525
-0.0002639331 -0.0014670149 0.0153158504
-0.0002789609 -0.0015896944 0.0153354926
-0.0002588128 -0.0017131849 0.0153379563
-0.0002054611 -0.0018253982 0.0153230005
-0.0001241283 -0.0019153502 0.0152920890
-0.0000227756 -0.0019742357 0.0152482477
0.0000886757 -0.0019962906 0.0151957682
0.0001993160 -0.0019793559 0.0151397874
0.0002983151 -0.0019250895 0.0150857851
0.0003759823 -0.0018388032 0.0150390475
0.0004247149 -0.0017289434 0.0150041496
0.0009189177 -0.0015198472 0.0159630530
0.0008954084 -0.0013984020 0.0159440718
0.0008382280 -0.0012870951 0.0159423117
0.0007529737 -0.0011968221 0.0159579450
0.0006479907 -0.0011364195 0.0159894413
0.0005335556 -0.0011118000 0.0160337176
0.0004208700 -0.0011253734 0.0160864399
0.0003209644 -0.0011758111 0.0161424473
0.0002436183 -0.0012581759 0.0161962573
0.0001964028 -0.0013644054 0.0162426028
0.0001839396 -0.0014841011 0.0162769470
0.0002074489 -0.0016055463 0.0162959282
0.0002646293 -0.0017168532 0.0162976883
0.0003498837 -0.0018071262 0.0162820550
0.0004548666 -0.0018675288 0.0162505587
0.0005693017 -0.0018921484 0.0162062824
0.0006819873 -0.0018785750 0.0161535601
0.0007818929 -0.0018281373 0.0160975527
0.0008592391 -0.0017457724 0.0160437427
0.0009064546 -0.0016395429 0.0159973972
0.0013523179 -0.0012915380 0.0169557663
0.0013272008 -0.0011736838 0.0169219811
0.0012673815 -0.0010652954 0.0169036640
0.0011787157 -0.0009769825 0.0169026078
0.0010698824 -0.0009173899 0.0169189160
0.0009515351 -0.0008923509 0.0169509922
0.0008352585 -0.0009043164 0.0169956967
0.0007324345 -0.0009521153 0.0170486533
0.0006531282 -0.0010310685 0.0171046783
0.0006051027 -0.0011334478 0.0171582877
0.0005930590 -0.0012492313 0.0172042337
0.0006181762 -0.0013670855 0.0172380189
0.0006779954 -0.0014754739 0.0172563360
0.0007666613 -0.0015637868 0.0172573922
0.0008754945 -0.0016233794 0.0172410840
0.0009938418 -0.0016484184 0.0172090078
0.0011101185 -0.0016364529 0.0171643033
0.0012129425 -0.0015886540 0.0171113467
0.0012922488 -0.0015097007 0.0170553217
0.0013402743 -0.0014073215 0.0170017123
0.0016976311 -0.0009410842 0.0179596943
0.0016732269 -0.0008270995 0.0179141550
0.0016128900 -0.0007226114 0.0178809343
0.0015225265 -0.0006378480 0.0178632840
0.0014109819 -0.0005811066 0.0178629319
0.0012891749 -0.0005579414 0.0178799125
0.0011690289 -0.0005706199 0.0179125636
0.0010623045 -0.0006179011 0.0179576890
0.0009794486 -0.0006951568 0.0180108716
0.0009285719 -0.0007948246 0.0180669055
0.0009146545 -0.0009071484 0.0181203057
0.0009390587 -0.0010211332 0.0181658450
0.0009993956 -0.0011256212 0.0181990657
0.0010897591 -0.0012103846 0.0182167160
0.0012013037 -0.0012671260 0.0182170681
0.0013231107 -0.0012902913 0.0182000875
0.0014432567 -0.0012776127 0.0181674364
0.0015499812 -0.0012303315 0.0181223110
0.0016328370 -0.0011530759 0.0180691284
0.0016837137 -0.0010534080 0.0180130945
0.0019205706 -0.0005012210 0.0189708716
0.0018989486 -0.0003900185 0.0189176890
0.0018403979 -0.0002890361 0.0188725636
0.0017506500 -0.0002081589 0.0188399125
0.0016384898 -0.0001553036 0.0188229319
0.0015148966 -0.0001356441 0.0188232840
0.0013919683 -0.0001511048 0.0188409343
0.0012817382 -0.0002001723 0.0188741550
0.0011949963 -0.0002780434 0.0189196943
0.0011402334 -0.0003770958 0.0189730945
0.0011228103 -0.0004876333 0.0190291284
0.0011444323 -0.0005988359 0.0190823110
0.0012029829 -0.0006998182 0.0191274364
0.0012927309 -0.0007806955 0.0191600875
0.0014048910 -0.0008335508 0.0191770681
0.0015284843 -0.0008532103 0.0191767160
0.0016514125 -0.0008377496 0.0191590657
0.0017616426 -0.0007886821 0.0191258450
0.0018483846 -0.0007108109 0.0190803057
0.0019031474 -0.0006117586 0.0190269055
0.0019990699 -0.0000143277 0.0199846783
0.0019813173 0.0000961619 0.0199286533
0.0019262264 0.0001952704 0.0198756967
0.0018391898 0.0002732965 0.0198309922
0.0017287272 0.0003226022 0.0197989160
0.0016056516 0.0003383614 0.0197826078
0.0014820104 0.0003190313 0.0197836640
0.0013699065 0.0002665041 0.0198019811
0.0012803134 0.0001859215 0.0198357663
0.0012220010 0.0000851716 0.0198817123
0.0012006775 -0.0000258836 0.0199353217
0.0012184301 -0.0001363732 0.0199913467
