-0.0021825907 0.0013319177 -0.0187348072
-0.0022809593 0.0013358007 -0.0187523723
-0.0024648358 0.0006596531 -0.0173050726
-0.0025646907 0.0006609011 -0.0173103121
-0.0025493250 -0.0000645562 -0.0158755448
-0.0026490276 -0.0000663297 -0.0158680450
-0.0024293690 -0.0007838724 -0.0144457209
-0.0025273280 -0.0007881183 -0.0144260740
-0.0021142390 -0.0014417808 -0.0130151213
-0.0022094030 -0.0014471844 -0.0129848787
-0.0016284965 -0.0019864639 -0.0115833276
-0.0017206794 -0.0019913522 -0.0115448775
-0.0010101537 -0.0023748521 -0.0101500159
-0.0011000925 -0.0023777115 -0.0101063943
-0.0003077785 -0.0025760428 -0.0087149820
-0.0003969049 -0.0025759880 -0.0086696334
0.0004232605 -0.0025738131 -0.0072781575
0.0003332632 -0.0025708611 -0.0072346630
0.0011251374 -0.0023680049 -0.0058396159
0.0010328555 -0.0023630697 -0.0058014098
0.0017421658 -0.0019746410 -0.0043995658
0.0016468931 -0.0019692505 -0.0043696650
0.0022252779 -0.0014247303 -0.0029583351
0.0021272340 -0.0014205536 -0.0029391008
0.0025360057 -0.0007618358 -0.0015163450
0.0024362684 -0.0007601661 -0.0015092960
0.0026496178 -0.0000385913 -0.0000740767
0.0025497891 -0.0000399455 -0.0000797695
0.0025571322 0.0006875443 0.0013679669
0.0024588426 0.0006835854 0.0013499818
0.0022660296 0.0013589323 0.0028093005
0.0021704328 0.0013535945 0.0027804431
0.0017996071 0.0019223982 0.0042494946
0.0017070231 0.0019173342 0.0042120438
0.0011950425 0.0023334803 0.0056882102
0.0011048587 0.0023302580 0.0056451232
0.0005003515 0.0025599303 0.0071252246
0.0004112119 0.0025595474 0.0070799036
-0.0002294902 0.0025841944 0.0085604496
-0.0003192648 0.0025867695 0.0085164735
-0.0009369248 0.0024046978 0.0099939384
-0.0010288169 0.0024094335 0.0099547796
-0.0015663346 0.0020358633 0.0114258811
-0.0016611712 0.0020412933 0.0113946317
-0.0020683587 0.0015068955 0.0128565900
-0.0021660552 0.0015113388 0.0128357177
-0.0024036853 0.0008594501 0.0142864749
-0.0025032715 0.0008615307 0.0142776277
-0.0025460536 0.0001443791 0.0157160104
-0.0026459742 0.0001434530 0.0157198870
-0.0024842603 -0.0005821993 0.0171456990
-0.0025828564 -0.0005858455 0.0171619933
-0.0022230319 -0.0012632256 0.0185760309
-0.0023190550 -0.0012684629 0.0186034562
-0.0020842220 0.0013280346 -0.0187172421
-0.0021443311 0.0014366632 -0.0186781307
-0.0022702871 0.0014678782 -0.0186883112
-0.0023672428 0.0013981742 -0.0187401176
-0.0023621885 0.0012800396 -0.0187945386
-0.0022589301 0.0012024323 -0.0188105941
-0.0021352234 0.0012237921 -0.0187761939
-0.0023649810 0.0006584052 -0.0172998330
-0.0024228390 0.0007638026 -0.0172499653
-0.0025499179 0.0007912432 -0.0172435671
-0.0026505246 0.0007200636 -0.0172854566
-0.0026489002 0.0006038636 -0.0173440900
-0.0025462680 0.0005301441 -0.0173753152
-0.0024199120 0.0005544174 -0.0173556190
-0.0024496224 -0.0000627826 -0.0158830445
-0.0025038510 0.0000410869 -0.0158263582
-0.0026298615 0.0000647373 -0.0158038866
-0.0027327654 -0.0000096407 -0.0158325513
-0.0027350739 -0.0001260389 -0.0158907672
-0.0026350488 -0.0001968071 -0.0159346966
-0.0025080109 -0.0001686554 -0.0159312596
-0.0023314099 -0.0007796265 -0.0144653677
-0.0023817544 -0.0006751085 -0.0144063390
-0.0025048362 -0.0006540906 -0.0143695684
-0.0026079722 -0.0007323996 -0.0143827449
-0.0026134989 -0.0008510673 -0.0144359464
-0.0025172546 -0.0009207345 -0.0144891110
-0.0023917132 -0.0008889403 -0.0145022047
-0.0020190750 -0.0014363771 -0.0130453638
-0.0020664832 -0.0013292352 -0.0129886539
-0.0021856827 -0.0013088769 -0.0129404878
-0.0022869139 -0.0013906325 -0.0129371356
-0.0022939475 -0.0015129383 -0.0129811216
-0.0022014872 -0.0015836956 -0.0130393234
-0.0020791574 -0.0015496227 -0.0130679139
-0.0015363136 -0.0019815756 -0.0116217778
-0.0015826425 -0.0018706465 -0.0115718646
-0.0016982083 -0.0018487708 -0.0115161065
-0.0017959874 -0.0019324213 -0.0114964904
-0.0018023503 -0.0020586075 -0.0115277876
-0.0017125055 -0.0021323086 -0.0115864308
-0.0015941080 -0.0020980262 -0.0116282603
-0.0009202150 -0.0023719926 -0.0101936375
-0.0009676558 -0.0022572859 -0.0101544625
-0.0010809613 -0.0022321855 -0.0100955151
-0.0011748101 -0.0023155926 -0.0100611840
-0.0011785321 -0.0024446999 -0.0100773211
-0.0010893246 -0.0025222870 -0.0101317750
-0.0009743627 -0.0024899292 -0.0101835406
-0.0002186522 -0.0025760975 -0.0087603305
-0.0002690519 -0.0024587922 -0.0087349870
-0.0003821705 -0.0024297583 -0.0086775051
-0.0004728275 -0.0025108590 -0.0086311699
-0.0004727562 -0.0026410238 -0.0086308727
-0.0003820104 -0.0027222359 -0.0086768373
-0.0002689235 -0.0026933410 -0.0087344515
0.0005132578 -0.0025767650 -0.0073216521
0.0004589685 -0.0024588448 -0.0073121413
0.0003439055 -0.0024263866 -0.0072606639
0.0002547135 -0.0025038320 -0.0072059834
0.0002585560 -0.0026328632 -0.0071892754
0.0003525394 -0.0027163169 -0.0072231212
0.0004658924 -0.0026913509 -0.0072820344
0.0012174192 -0.0023729401 -0.0058778220
0.0011595138 -0.0022565791 -0.0058848950
0.0010409772 -0.0022222658 -0.0058434869
0.0009510699 -0.0022958388 -0.0057847789
0.0009574939 -0.0024218963 -0.0057529793
0.0010554118 -0.0025055142 -0.0057720338
0.0011710894 -0.0024837267 -0.0058275940
0.0018374385 -0.0019800314 -0.0044294665
0.0017773101 -0.0018669208 -0.0044525647
0.0016548462 -0.0018328961 -0.0044244957
0.0015622646 -0.0019035786 -0.0043663960
0.0015692811 -0.0020257430 -0.0043220159
0.0016706121 -0.0021073969 -0.0043247744
0.0017899534 -0.0020870534 -0.0043725945
0.0023233217 -0.0014289069 -0.0029775694
0.0022630518 -0.0013197316 -0.0030148690
0.0021374228 -0.0012880499 -0.0030023554
0.0020410360 -0.0013577187 -0.0029494518
0.0020464725 -0.0014762760 -0.0028959956
0.0021496386 -0.0015544457 -0.0028822403
0.0022728481 -0.0015333645 -0.0029185441
0.0026357430 -0.0007635055 -0.0015233941
0.0025774567 -0.0006577320 -0.0015719497
0.0024504049 -0.0006297221 -0.0015759798
0.0023502601 -0.0007005679 -0.0015324497
0.0023524335 -0.0008169209 -0.0014741384
0.0024552884 -0.0008911651 -0.0014449556
0.0025813730 -0.0008673930 -0.0014668764
0.0027494464 -0.0000372371 -0.0000683839
0.0026946548 0.0000667214 -0.0001243613
0.0025683629 0.0000908674 -0.0001446168
0.0024656711 0.0000170185 -0.0001138975
0.0024639083 -0.0000992157 -0.0000553358
0.0025644021 -0.0001703083 -0.0000130297
0.0026914785 -0.0001427252 -0.0000188366
0.0026554219 0.0006915032 0.0013859521
0.0026045541 0.0007957955 0.0013269730
0.0024809696 0.0008170819 0.0012920915
0.0023777300 0.0007393333 0.0013075742
0.0023725770 0.0006210960 0.0013617623
0.0024693907 0.0005514051 0.0014138509
0.0025952686 0.0005827392 0.0014246164
0.0023616265 0.0013642700 0.0028381578
0.0023138966 0.0014709415 0.0027808342
0.0021941286 0.0014912581 0.0027340812
0.0020925104 0.0014099208 0.0027331048
0.0020855625 0.0012881784 0.0027786402
0.0021785168 0.0012177054 0.0028363983
0.0023013769 0.0012515693 0.0028628861
0.0018921911 0.0019274622 0.0042869454
0.0018458416 0.0020378217 0.0042358039
0.0017298178 0.0020593583 0.0041808711
0.0016314879 0.0019758545 0.0041635127
0.0016248964 0.0018501904 0.0041967998
0.0017150068 0.0017769935 0.0042556666
0.0018339641 0.0018113827 0.0042957852
0.0012852264 0.0023367025 0.0057312972
0.0012380726 0.0024509170 0.0056903760
0.0011245611 0.0024754859 0.0056316011
0.0010301685 0.0023919085 0.0055992314
0.0010259742 0.0022631202 0.0056176417
0.0011151367 0.0021861013 0.0056729689
0.0012305147 0.0022188485 0.0057235503
0.0005894910 0.0025603132 0.0071705455
0.0005395971 0.0026773559 0.0071430759
0.0004265885 0.0027058305 0.0070851001
0.0003355629 0.0026242952 0.0070402750
0.0003350645 0.0024941476 0.0070423549
0.0004254686 0.0024133916 0.0070897735
0.0005386990 0.0024428381 0.0071468237
-0.0001397157 0.0025816194 0.0086044258
-0.0001934371 0.0026995880 0.0085925769
-0.0003081083 0.0027316323 0.0085399781
-0.0003973795 0.0026536225 0.0084862373
-0.0003940277 0.0025243015 0.0084718224
-0.0003005769 0.0024410506 0.0085075882
-0.0001873974 0.0024665595 0.0085666022
-0.0008450326 0.0023999621 0.0100330972
-0.0009024839 0.0025166675 0.0100378047
-0.0010204681 0.0025508405 0.0099947363
-0.0011101408 0.0024767480 0.0099363233
-0.0011039766 0.0023501833 0.0099065520
-0.0010066173 0.0022664521 0.0099278407
-0.0008913764 0.0022886058 0.0099841586
-0.0014714979 0.0020304332 0.0114571305
-0.0015314265 0.0021440776 0.0114780226
-0.0016533485 0.0021782789 0.0114478855
-0.0017454543 0.0021072828 0.0113894128
-0.0017383862 0.0019845508 0.0113466359
-0.0016374667 0.0019025027 0.0113517664
-0.0015186903 0.0019229223 0.0114009412
-0.0019706623 0.0015024523 0.0128774624
-0.0020310486 0.0016121855 0.0129128895
-0.0021563140 0.0016443061 0.0128980633
-0.0022521310 0.0015746267 0.0128441482
-0.0022463475 0.0014556172 0.0127917435
-0.0021433186 0.0013768943 0.0127803108
-0.0020206271 0.0013977379 0.0128184593
-0.0023040992 0.0008573694 0.0142953220
-0.0023627821 0.0009635522 0.0143424866
-0.0024897611 0.0009921274 0.0143441421
-0.0025894185 0.0009215772 0.0142990420
-0.0025867103 0.0008050274 0.0142411475
-0.0024836757 0.0007302424 0.0142140544
-0.0023579019 0.0007535368 0.0142381643
-0.0024461331 0.0001453053 0.0157121338
-0.0025014786 0.0002493978 0.0157673115
-0.0026280111 0.0002740604 0.0157853181
-0.0027304491 0.0002007217 0.0157525941
-0.0027316546 0.0000846072 0.0156937815
-0.0026307199 0.0000131535 0.0156531673
-0.0025036509 0.0000401667 0.0156613348
-0.0023856641 -0.0005785532 0.0171294047
-0.0024370718 -0.0004744437 0.0171882386
-0.0025611358 -0.0004528492 0.0172211743
-0.0026644334 -0.0005300308 0.0172034105
-0.0026691794 -0.0006478692 0.0171483238
-0.0025718000 -0.0007176297 0.0170973955
-0.0024456238 -0.0006867811 0.0170889757
-0.0021270089 -0.0012579884 0.0185486056
-0.0021750974 -0.0011517599 0.0186064499
-0.0022954352 -0.0011314392 0.0186517140
-0.0023974055 -0.0012123283 0.0186503131
-0.0024042226 -0.0013335160 0.0186033021
-0.0023107531 -0.0014037455 0.0185460813
-0.0021873813 -0.0013701325 0.0185217391
-0.0016897015 -0.0018399001 0.0199710550
-0.0018678537 -0.0019900253 0.0199982149
-0.0017483298 -0.0019555748 0.0199598723
-0.0019858534 0.0013241516 -0.0186996771
-0.0020185336 0.0014307063 -0.0186561327
-0.0021000648 0.0015150744 -0.0186326238
-0.0022117692 0.0015579283 -0.0186345357
-0.0023280568 0.0015494507 -0.0186614307
-0.0024222873 0.0014915837 -0.0187071473
-0.0024728738 0.0013975838 -0.0187612124
-0.0024682274 0.0012889855 -0.0188112404
-0.0024094127 0.0011906671 -0.0188457704
-0.0023099033 0.0011251523 -0.0188568921
-0.0021924957 0.0011074498 -0.0188420576
-0.0020840864 0.0011416149 -0.0188046653
-0.0020095109 0.0012198208 -0.0187532813
-0.0022651261 0.0006571573 -0.0172945935
-0.0022951704 0.0007612307 -0.0172437598
-0.0023755208 0.0008421768 -0.0172075722
-0.0024877699 0.0008814519 -0.0171943210
-0.0026062029 0.0008700586 -0.0172070417
-0.0027036881 0.0008106068 -0.0172428203
-0.0027578930 0.0007167163 -0.0172934603
-0.0027563997 0.0006098963 -0.0173473606
-0.0026995505 0.0005146179 -0.0173921735
-0.0026003687 0.0004527083 -0.0174176327
-0.0024815757 0.0004383502 -0.0174179059
-0.0023703856 0.0004748329 -0.0173929305
-0.0022922707 0.0005537986 -0.0173484280
-0.0023499198 -0.0000610091 -0.0158905443
-0.0023764101 0.0000423760 -0.0158364352
-0.0024539334 0.0001210610 -0.0157904266
-0.0025647302 0.0001570202 -0.0157630585
-0.0026834181 0.0001420158 -0.0157606005
-0.0027828072 0.0000794851 -0.0157836159
-0.0028401287 -0.0000162469 -0.0158268320
-0.0028422509 -0.0001232491 -0.0158803485
-0.0027886876 -0.0002170086 -0.0159319055
-0.0026917096 -0.0002760462 -0.0159696919
-0.0025735333 -0.0002868372 -0.0159850513
-0.0024612314 -0.0002469094 -0.0159744649
-0.0023805311 -0.0001654098 -0.0159403581
-0.0022334509 -0.0007753806 -0.0144850146
-0.0022565695 -0.0006706779 -0.0144319028
-0.0023304950 -0.0005923930 -0.0143797061
-0.0024382920 -0.0005584601 -0.0143403822
-0.0025552654 -0.0005766527 -0.0143229397
-0.0026546181 -0.0006428033 -0.0143313744
-0.0027135895 -0.0007417574 -0.0143637541
-0.0027186701 -0.0008508459 -0.0144126610
-0.0026686959 -0.0009450779 -0.0144668911
-0.0025751154 -0.0010028661 -0.0145140209
-0.0024593667 -0.0010109717 -0.0145432535
-0.0023479666 -0.0009675380 -0.0145478922
-0.0022664354 -0.0008825150 -0.0145268742
-0.0019239110 -0.0014309735 -0.0130756063
-0.0019448841 -0.0013233550 -0.0130276857
-0.0020155549 -0.0012434854 -0.0129734227
-0.0021197335 -0.0012096618 -0.0129252481
-0.0022335538 -0.0012296329 -0.0128941984
-0.0023309410 -0.0012988234 -0.0128873865
-0.0023895849 -0.0014013827 -0.0129063730
-0.0023960507 -0.0015138156 -0.0129468083
-0.0023488574 -0.0016103653 -0.0129994292
-0.0022588163 -0.0016689131 -0.0130521809
-0.0021465547 -0.0016760467 -0.0130929785
-0.0020377905 -0.0016301317 -0.0131124759
-0.0019574401 -0.0015416868 -0.0131062064
-0.0014441306 -0.0019766873 -0.0116602279
-0.0014648489 -0.0018654578 -0.0116212825
-0.0015336158 -0.0017825092 -0.0115692379
-0.0016346777 -0.0017468442 -0.0115160168
-0.0017448826 -0.0017666330 -0.0114738116
-0.0018389838 -0.0018373424 -0.0114522909
-0.0018954239 -0.0019427737 -0.0114563850
-0.0019012732 -0.0020587738 -0.0114851558
-0.0018551916 -0.0021587685 -0.0115320124
-0.0017677358 -0.0022198502 -0.0115862205
-0.0016589410 -0.0022280259 -0.0116353616
-0.0015537308 -0.0021814225 -0.0116681781
-0.0014762074 -0.0020907165 -0.0116771522
-0.0008302762 -0.0023691332 -0.0102372591
-0.0008527089 -0.0022547154 -0.0102103642
-0.0009215123 -0.0021681470 -0.0101646476
-0.0010209243 -0.0021292598 -0.0101105825
-0.0011281708 -0.0021469623 -0.0100605545
-0.0012186830 -0.0022171992 -0.0100260244
-0.0012717255 -0.0023238800 -0.0100149028
-0.0012751471 -0.0024425654 -0.0100297373
-0.0012281638 -0.0025460661 -0.0100671296
-0.0011415390 -0.0026106712 -0.0101185136
-0.0010351173 -0.0026215805 -0.0101721178
-0.0009332787 -0.0025762949 -0.0102156621
-0.0008593532 -0.0024851887 -0.0102391711
-0.0001295258 -0.0025761523 -0.0088056790
-0.0001551117 -0.0024599561 -0.0087929583
-0.0002258805 -0.0023703477 -0.0087571797
-0.0003256201 -0.0023278554 -0.0087065397
-0.0004314813 -0.0023422134 -0.0086526394
-0.0005192126 -0.0024101327 -0.0086078265
-0.0005687158 -0.0025160538 -0.0085823673
-0.0005686502 -0.0026357113 -0.0085820941
-0.0005190311 -0.0027416932 -0.0086070695
-0.0004312254 -0.0028097203 -0.0086515720
-0.0003253484 -0.0028242084 -0.0087054065
-0.0002256552 -0.0027818385 -0.0087562402
-0.0001549844 -0.0026923171 -0.0087924278
0.0006032550 -0.0025797170 -0.0073651467
0.0005740538 -0.0024637031 -0.0073676046
0.0004999989 -0.0023725758 -0.0073445892
0.0003980556 -0.0023272115 -0.0073013731
0.0002915778 -0.0023380025 -0.0072478566
0.0002049582 -0.0024024767 -0.0071962996
0.0001580404 -0.0025058638 -0.0071585132
0.0001615727 -0.0026244792 -0.0071431539
0.0002147459 -0.0027311495 -0.0071537402
0.0003053786 -0.0028014377 -0.0071878470
0.0004127080 -0.0028192418 -0.0072376608
0.0005121462 -0.0027804829 -0.0072917699
0.0005809131 -0.0026940403 -0.0073377785
0.0013097011 -0.0023778754 -0.0059160281
0.0012775414 -0.0022639477 -0.0059334706
0.0011998975 -0.0021732930 -0.0059250358
0.0010945567 -0.0021266791 -0.0058926561
0.0009856512 -0.0021347848 -0.0058437492
0.0008981299 -0.0021957530 -0.0057895192
0.0008520430 -0.0022956168 -0.0057423894
0.0008579484 -0.0024114986 -0.0057131567
0.0009144933 -0.0025168511 -0.0057085181
0.0010087238 -0.0025875395 -0.0057295360
0.0011190530 -0.0026073698 -0.0057713957
0.0012202057 -0.0025717993 -0.0058245075
0.0012890090 -0.0024889765 -0.0058767042
0.0019327112 -0.0019854219 -0.0044593672
0.0018991662 -0.0018748387 -0.0044904170
0.0018187415 -0.0017865015 -0.0044972289
0.0017098612 -0.0017406474 -0.0044782424
0.0015974686 -0.0017477810 -0.0044378071
0.0015073115 -0.0018062680 -0.0043851862
0.0014600437 -0.0019027098 -0.0043324345
0.0014664938 -0.0020150127 -0.0042916369
0.0015251841 -0.0021174495 -0.0042721395
0.0016226694 -0.0021865531 -0.0042784090
0.0017366169 -0.0022064928 -0.0043090091
0.0018409227 -0.0021727006 -0.0043569297
0.0019116916 -0.0020929178 -0.0044111927
0.0024213656 -0.0014330836 -0.0029968037
0.0023884373 -0.0013260675 -0.0030390089
0.0023069008 -0.0012411754 -0.0030605296
0.0021954351 -0.0011978552 -0.0030564355
0.0020795758 -0.0012060309 -0.0030276647
0.0019858647 -0.0012638295 -0.0029808081
0.0019357699 -0.0013580102 -0.0029266000
0.0019407676 -0.0014669972 -0.0028774589
0.0019997128 -0.0015658230 -0.0028446424
0.0020991020 -0.0016318477 -0.0028356683
0.0022161662 -0.0016499459 -0.0028525926
0.0023240874 -0.0016159715 -0.0028915380
0.0023981422 -0.0015377076 -0.0029435826
0.0027354803 -0.0007651752 -0.0015304432
0.0027049796 -0.0006608444 -0.0015804711
0.0026243448 -0.0005794583 -0.0016150012
0.0025120483 -0.0005396614 -0.0016261229
0.0023938158 -0.0005505707 -0.0016112884
0.0022967330 -0.0006096871 -0.0015738960
0.0022430404 -0.0007034676 -0.0015225120
0.0022450383 -0.0008104283 -0.0014689078
0.0023022691 -0.0009060658 -0.0014253635
0.0024016218 -0.0009684707 -0.0014018545
0.0025203359 -0.0009833467 -0.0014037665
0.0026312155 -0.0009472860 -0.0014306614
0.0027088594 -0.0008685497 -0.0014763780
0.0028492751 -0.0000358828 -0.0000626911
0.0028222615 0.0000674759 -0.0001165914
0.0027442626 0.0001463807 -0.0001614042
0.0026331469 0.0001827556 -0.0001868634
0.0025143697 0.0001682674 -0.0001871366
0.0024151415 0.0001062353 -0.0001621612
0.0023581942 0.0000108701 -0.0001176588
0.0023565737 -0.0000959813 -0.0000638243
0.0024106513 -0.0001898405 -0.0000129906
0.0025080385 -0.0002492054 0.0000231970
0.0026264251 -0.0002604762 0.0000364482
0.0027386900 -0.0002210711 0.0000237275
0.0028191148 -0.0001400171 -0.0000120511
0.0027537116 0.0006954621 0.0014039372
0.0027301648 0.0007998628 0.0013504207
0.0026557199 0.0008780793 0.0012988637
0.0025474312 0.0009121931 0.0012610773
0.0024301064 0.0008943891 0.0012457180
0.0023306232 0.0008287459 0.0012563043
0.0022717720 0.0007303017 0.0012904111
0.0022670349 0.0006216089 0.0013402249
0.0023174971 0.0005275675 0.0013943340
0.0024115984 0.0004697215 0.0014403426
0.0025277812 0.0004613226 0.0014677108
0.0026394294 0.0005042949 0.0014701687
0.0027209659 0.0005887939 0.0014471533
0.0024572234 0.0013696078 0.0028670151
0.0024360497 0.0014767422 0.0028181082
0.0023649765 0.0015562764 0.0027638782
0.0022602856 0.0015899900 0.0027167484
0.0021459606 0.0015701597 0.0026875157
0.0020481919 0.0015013283 0.0026828770
0.0019893772 0.0013992642 0.0027038950
0.0019829902 0.0012873492 0.0027457547
0.0020304940 0.0011912216 0.0027988665
0.0021210062 0.0011329031 0.0028510631
0.0022337914 0.0011257537 0.0028903870
0.0023430120 0.0011714113 0.0029078296
0.0024236468 0.0012594163 0.0028993948
0.0019847750 0.0019325261 0.0043243962
0.0019641461 0.0020432394 0.0042839609
0.0018952182 0.0021256893 0.0042313400
0.0017937821 0.0021609877 0.0041785884
0.0016830755 0.0021410480 0.0041377907
0.0015884599 0.0020704382 0.0041182933
0.0015316107 0.0019653342 0.0041245628
0.0015255512 0.0018498140 0.0041551629
0.0015716697 0.0017503420 0.0042030835
0.0016594010 0.0016897058 0.0042573466
0.0017686469 0.0016817967 0.0043055211
0.0018743804 0.0017284264 0.0043365709
0.0019523793 0.0018189126 0.0043433827
0.0013754102 0.0023399248 0.0057743842
0.0013533288 0.0024539540 0.0057456134
0.0012846560 0.0025400150 0.0056987568
0.0011851237 0.0025783922 0.0056445487
0.0010775337 0.0025602941 0.0055954076
0.0009865336 0.0024898665 0.0055625911
0.0009329703 0.0023832436 0.0055536170
0.0009291146 0.0022648514 0.0055705413
0.0009758497 0.0021618122 0.0056094867
0.0010624693 0.0020977310 0.0056615313
0.0011691298 0.0020872880 0.0057147524
0.0012713965 0.0021328756 0.0057569577
0.0013458415 0.0022240502 0.0057784783
0.0006786306 0.0025606961 0.0072158665
0.0006535495 0.0026767516 0.0072010319
0.0005831621 0.0027660008 0.0071636396
0.0004835934 0.0028079980 0.0071122556
0.0003776534 0.0027931219 0.0070586514
0.0002896116 0.0027247806 0.0070151071
0.0002396374 0.0026186303 0.0069915981
0.0002391792 0.0024989886 0.0069935101
0.0002883420 0.0023932641 0.0070204050
0.0003758633 0.0023256769 0.0070661216
0.0004816929 0.0023117105 0.0071201867
0.0005815865 0.0023545645 0.0071702147
0.0006526598 0.0024444214 0.0072047448
-0.0000499412 0.0025790444 0.0086484019
-0.0000786407 0.0026952092 0.0086486751
-0.0001521812 0.0027862368 0.0086236997
-0.0002537153 0.0028312739 0.0085791973
-0.0003599830 0.0028200030 0.0085253628
-0.0004466394 0.0027550062 0.0084745290
-0.0004938328 0.0026511734 0.0084383415
-0.0004907515 0.0025322915 0.0084250902
-0.0004381016 0.0024255949 0.0084378110
-0.0003479445 0.0023555265 0.0084735895
-0.0002409341 0.0023381381 0.0085242295
-0.0001415851 0.0023774132 0.0085781299
-0.0000726573 0.0024643544 0.0086229427
-0.0007531405 0.0023952264 0.0100722560
-0.0007849567 0.0025095497 0.0100876154
-0.0008621126 0.0026003952 0.0100770290
-0.0009669328 0.0026469511 0.0100429222
-0.0010754041 0.0026385522 0.0099931084
-0.0011626772 0.0025771225 0.0099389993
-0.0012087588 0.0024767348 0.0098929907
-0.0012030922 0.0023603868 0.0098656226
-0.0011469756 0.0022547323 0.0098631646
-0.0010532645 0.0021839755 0.0098861800
-0.0009434270 0.0021643260 0.0099293961
-0.0008426257 0.0022002852 0.0099829126
-0.0007739528 0.0022836153 0.0100344697
-0.0013766613 0.0020250031 0.0114883798
-0.0014101274 0.0021361043 0.0115176125
-0.0014902417 0.0022248634 0.0115222512
-0.0015986509 0.0022709469 0.0115012332
-0.0017105198 0.0022637975 0.0114593735
-0.0018002206 0.0022050531 0.0114062617
-0.0018472038 0.0021081714 0.0113540651
-0.0018407063 0.0019953467 0.0113147412
-0.0017822165 0.0018924258 0.0112972986
-0.0016851338 0.0018229868 0.0113057334
-0.0015716985 0.0018029371 0.0113381131
-0.0014678974 0.0018368700 0.0113870200
-0.0013975100 0.0019170119 0.0114412500
-0.0018729658 0.0014980091 0.0128983347
-0.0019061043 0.0016055051 0.0129391324
-0.0019876039 0.0016909198 0.0129586298
-0.0020987940 0.0017346857 0.0129523603
-0.0022142023 0.0017267765 0.0129217602
-0.0023073901 0.0016690042 0.0128738396
-0.0023570093 0.0015746037 0.0128195765
-0.0023516927 0.0014652010 0.0127714020
-0.0022926582 0.0013658590 0.0127403522
-0.0021934299 0.0012993357 0.0127335403
-0.0020767399 0.0012808708 0.0127525268
-0.0019693205 0.0013146944 0.0127929622
-0.0018957800 0.0013930579 0.0128455831
-0.0022045131 0.0008552888 0.0143041692
-0.0022354478 0.0009599128 0.0143533103
-0.0023163308 0.0010417604 0.0143861268
-0.0024286326 0.0010820812 0.0143951009
-0.0025466263 0.0010716382 0.0143781767
-0.0026432809 0.0010128238 0.0143392313
-0.0026964541 0.0009191116 0.0142871866
-0.0026939644 0.0008119701 0.0142339655
-0.0026363823 0.0007159439 0.0141917603
-0.0025368992 0.0006530316 0.0141702396
-0.0024183053 0.0006376457 0.0141743337
-0.0023077692 0.0006733107 0.0142031046
-0.0022306132 0.0007518564 0.0142499612
-0.0023462126 0.0001462314 0.0157082572
-0.0023737498 0.0002496059 0.0157618614
-0.0024522051 0.0003287682 0.0158054057
-0.0025636052 0.0003655830 0.0158289147
-0.0026824298 0.0003516166 0.0158270027
-0.0027814575 0.0002900685 0.0158001078
-0.0028380024 0.0001950387 0.0157543912
-0.0028391106 0.0000882973 0.0157003261
-0.0027845283 -0.0000057025 0.0156502981
-0.0026867596 -0.0000654265 0.0156157680
-0.0025682021 -0.0000771927 0.0156046464
-0.0024560161 -0.0000383055 0.0156194809
-0.0023759018 0.0000423265 0.0156568732
-0.0022870679 -0.0005749070 0.0171131104
-0.0023110658 -0.0004707727 0.0171669449
-0.0023860340 -0.0003925826 0.0172177787
-0.0024947982 -0.0003582490 0.0172539662
-0.0026124420 -0.0003756374 0.0172672175
-0.0027120144 -0.0004407643 0.0172544967
-0.0027707047 -0.0005387099 0.0172187182
-0.0027750676 -0.0006470360 0.0171680782
-0.0027241037 -0.0007409265 0.0171141778
-0.0026294881 -0.0007988722 0.0170693650
-0.0025128961 -0.0008075983 0.0170439058
-0.0024010377 -0.0007651059 0.0170436326
-0.0023195381 -0.0006811295 0.0170686080
-0.0020309858 -0.0012527511 0.0185211803
-0.0020523983 -0.0011460830 0.0185709942
-0.0021238997 -0.0010668508 0.0186251032
-0.0022291100 -0.0010332055 0.0186711119
-0.0023439267 -0.0010528550 0.0186984800
-0.0024420468 -0.0011212978 0.0187009379
-0.0025009920 -0.0012228544 0.0186779226
-0.0025072588 -0.0013342595 0.0186347065
-0.0024594115 -0.0014299915 0.0185811899
-0.0023684113 -0.0014881193 0.0185296329
-0.0022551054 -0.0014953266 0.0184918465
-0.0021454506 -0.0014499623 0.0184764872
-0.0020645677 -0.0013624187 0.0184870735
-0.0015967037 -0.0018346933 0.0199346642
-0.0016172852 -0.0017245018 0.0199765239
-0.0019238132 -0.0020770298 0.0199946474
-0.0018140963 -0.0020847096 0.0199475176
-0.0017078391 -0.0020380957 0.0199182849
-0.0016293838 -0.0019478668 0.0199136463
-0.0015647459 0.0021919360 -0.0199983299
-0.0018383004 0.0013183271 -0.0186733295
-0.0018623581 0.0014312696 -0.0186250892
-0.0019225769 0.0015346770 -0.0185884487
-0.0020130622 0.0016184269 -0.0185669944
-0.0021249566 0.0016743213 -0.0185628265
-0.0022473071 0.0016968889 -0.0185763529
-0.0023681373 0.0016839207 -0.0186062497
-0.0024756193 0.0016366859 -0.0186495903
-0.0025592322 0.0015598084 -0.0187021322
-0.0026107913 0.0014608134 -0.0187587322
-0.0026252496 0.0013493913 -0.0188138500
-0.0026011919 0.0012364487 -0.0188620902
-0.0025409731 0.0011330414 -0.0188987308
-0.0024504878 0.0010492915 -0.0189201851
-0.0023385934 0.0009933970 -0.0189243530
-0.0022162429 0.0009708294 -0.0189108266
-0.0020954128 0.0009837977 -0.0188809298
-0.0019879307 0.0010310324 -0.0188375892
-0.0019043178 0.0011079099 -0.0187850473
-0.0018527588 0.0012069049 -0.0187284473
-0.0021153439 0.0006552854 -0.0172867343
-0.0021364354 0.0007658750 -0.0172320808
-0.0021945602 0.0008661280 -0.0171848288
-0.0022840288 0.0009462308 -0.0171496035
-0.0023960833 0.0009983425 -0.0171298530
-0.0025197550 0.0010173621 -0.0171275107
-0.0026429380 0.0010014276 -0.0171428058
-0.0027535744 0.0009520990 -0.0171742411
-0.0028408344 0.0008742048 -0.0172187396
-0.0028961762 0.0007753698 -0.0172719454
-0.0029141826 0.0006652688 -0.0173286504
-0.0028930911 0.0005546792 -0.0173833038
-0.0028349662 0.0004544262 -0.0174305558
-0.0027454977 0.0003743234 -0.0174657811
-0.0026334432 0.0003222117 -0.0174855316
-0.0025097715 0.0003031922 -0.0174878739
-0.0023865885 0.0003191266 -0.0174725788
-0.0022759520 0.0003684553 -0.0174411435
-0.0021886921 0.0004463495 -0.0173966450
-0.0021333503 0.0005451844 -0.0173434392
-0.0022003659 -0.0000583487 -0.0159017940
-0.0022176928 0.0000518376 -0.0158450430
-0.0022723620 0.0001505436 -0.0157909107
-0.0023590221 0.0002281074 -0.0157446959
-0.0024691901 0.0002769365 -0.0157109224
-0.0025920821 0.0002922510 -0.0156928963
-0.0027156685 0.0002725520 -0.0156923820
-0.0028278518 0.0002197677 -0.0157094298
-0.0029176508 0.0001390650 -0.0157423711
-0.0029762752 0.0000383436 -0.0157879813
-0.0029979866 -0.0000725371 -0.0158417958
-0.0029806597 -0.0001827234 -0.0158985468
-0.0029259905 -0.0002814295 -0.0159526791
-0.0028393305 -0.0003589933 -0.0159988939
-0.0027291624 -0.0004078223 -0.0160326673
-0.0026062705 -0.0004231369 -0.0160506935
-0.0024826841 -0.0004034379 -0.0160512078
-0.0023705007 -0.0003506535 -0.0160341599
-0.0022807017 -0.0002699508 -0.0160012186
-0.0022220773 -0.0001692295 -0.0159556084
-0.0020865123 -0.0007690117 -0.0145144848
-0.0021004419 -0.0006571543 -0.0144601176
-0.0021513637 -0.0005579087 -0.0144033795
-0.0022342930 -0.0004809899 -0.0143498245
-0.0023411121 -0.0004339271 -0.0143046949
-0.0024613649 -0.0004213272 -0.0142724083
-0.0025832802 -0.0004444235 -0.0142561252
-0.0026949240 -0.0005009553 -0.0142574395
-0.0027853679 -0.0005853888 -0.0142762224
-0.0028457586 -0.0006894591 -0.0143106355
-0.0028701847 -0.0008029790 -0.0143573100
-0.0028562551 -0.0009148364 -0.0144116773
-0.0028053333 -0.0010140820 -0.0144684154
-0.0027224041 -0.0010910008 -0.0145219704
-0.0026155849 -0.0011380636 -0.0145671000
-0.0024953321 -0.0011506635 -0.0145993865
-0.0023734169 -0.0011275672 -0.0146156696
-0.0022617730 -0.0010710354 -0.0146143554
-0.0021713291 -0.0009866019 -0.0145955724
-0.0021109384 -0.0008825316 -0.0145611594
-0.0017811649 -0.0014228680 -0.0131209701
-0.0017931163 -0.0013077824 -0.0130732797
-0.0018411590 -0.0012060780 -0.0130184160
-0.0019205904 -0.0011277102 -0.0129617498
-0.0020236351 -0.0010803504 -0.0129088277
-0.0021402064 -0.0010686343 -0.0128648302
-0.0022588935 -0.0010937089 -0.0128340640
-0.0023680785 -0.0011531197 -0.0128195408
-0.0024570735 -0.0012410511 -0.0128226823
-0.0025171672 -0.0013488958 -0.0128431808
-0.0025424771 -0.0014660972 -0.0128790299
-0.0025305257 -0.0015811828 -0.0129267203
-0.0024824829 -0.0016828872 -0.0129815840
-0.0024030516 -0.0017612550 -0.0130382502
-0.0023000069 -0.0018086148 -0.0130911723
-0.0021834356 -0.0018203309 -0.0131351698
-0.0020647485 -0.0017952563 -0.0131659360
-0.0019555635 -0.0017358455 -0.0131804592
-0.0018665685 -0.0016479141 -0.0131773177
-0.0018064748 -0.0015400694 -0.0131568192
-0.0013058563 -0.0019693548 -0.0117179032
-0.0013178610 -0.0018504835 -0.0116806553
-0.0013647847 -0.0017451621 -0.0116319984
-0.0014420340 -0.0016637003 -0.0115766954
-0.0015420474 -0.0016140721 -0.0115201597
-0.0016550347 -0.0016011354 -0.0114679255
-0.0017699361 -0.0016261566 -0.0114251057
-0.0018755041 -0.0016866865 -0.0113958919
-0.0019614050 -0.0017767999 -0.0113831438
-0.0020192303 -0.0018876759 -0.0113881091
-0.0020433196 -0.0020084613 -0.0114103020
-0.0020313149 -0.0021273326 -0.0114475498
-0.0019843912 -0.0022326540 -0.0114962067
-0.0019071419 -0.0023141158 -0.0115515097
-0.0018071285 -0.0023637441 -0.0116080454
-0.0016941411 -0.0023766807 -0.0116602796
-0.0015792398 -0.0023516595 -0.0117030994
-0.0014736718 -0.0022911296 -0.0117323132
-0.0013877708 -0.0022010162 -0.0117450613
-0.0013299455 -0.0020901402 -0.0117400960
-0.0006953681 -0.0023648440 -0.0103026915
-0.0007094413 -0.0022428015 -0.0102788275
-0.0007573522 -0.0021338250 -0.0102402194
-0.0008344110 -0.0020485819 -0.0101906467
-0.0009330747 -0.0019954163 -0.0101349617
-0.0010436853 -0.0019795325 -0.0100786153
-0.0011554155 -0.0020024853 -0.0100271231
-0.0012573284 -0.0020620278 -0.0099855256
-0.0013394480 -0.0021523318 -0.0099578945
-0.0013937360 -0.0022645575 -0.0099469346
-0.0014148781 -0.0023877196 -0.0099537187
-0.0014008049 -0.0025097621 -0.0099775828
-0.0013528940 -0.0026187386 -0.0100161908
-0.0012758351 -0.0027039817 -0.0100657636
-0.0011771715 -0.0027571473 -0.0101214486
-0.0010665609 -0.0027730311 -0.0101777949
-0.0009548307 -0.0027500784 -0.0102292871
-0.0008529178 -0.0026905358 -0.0102708847
-0.0007707981 -0.0026002318 -0.0102985158
-0.0007165102 -0.0024880061 -0.0103094757
0.0000041637 -0.0025762344 -0.0088737018
-0.0000133526 -0.0024526172 -0.0088651060
-0.0000640515 -0.0023410791 -0.0088395954
-0.0001429702 -0.0022525382 -0.0087996673
-0.0002423838 -0.0021956615 -0.0087492301
-0.0003525607 -0.0021760165 -0.0086932209
-0.0004627162 -0.0021955262 -0.0086371224
-0.0005620675 -0.0022522808 -0.0085864257
-0.0006408894 -0.0023407248 -0.0085460936
-0.0006914662 -0.0024522007 -0.0085200738
-0.0007088472 -0.0025757964 -0.0085109136
-0.0006913309 -0.0026994136 -0.0085195094
-0.0006406320 -0.0028109517 -0.0085450200
-0.0005617132 -0.0028994926 -0.0085849481
-0.0004622997 -0.0029563693 -0.0086353853
-0.0003521227 -0.0029760143 -0.0086913944
-0.0002419672 -0.0029565046 -0.0087474930
-0.0001426159 -0.0028997500 -0.0087981896
-0.0000637941 -0.0028113060 -0.0088385218
-0.0000132172 -0.0026998301 -0.0088645415
0.0007382509 -0.0025841450 -0.0074303885
0.0007169830 -0.0024610372 -0.0074377396
0.0006625586 -0.0023488241 -0.0074273410
0.0005803053 -0.0022584900 -0.0074002104
0.0004782746 -0.0021988775 -0.0073590037
0.0003664539 -0.0021758218 -0.0073077545
0.0002557891 -0.0021915798 -0.0072514793
0.0001571127 -0.0022446089 -0.0071956867
0.0000800840 -0.0023297184 -0.0071458383
0.0000322430 -0.0024385771 -0.0071068133
0.0000182728 -0.0025605291 -0.0070824320
0.0000395408 -0.0026836370 -0.0070750809
0.0000939651 -0.0027958500 -0.0070854795
0.0001762184 -0.0028861841 -0.0071126101
0.0002782492 -0.0029457966 -0.0071538168
0.0003900698 -0.0029688523 -0.0072050660
0.0005007346 -0.0029530943 -0.0072613412
0.0005994110 -0.0029000652 -0.0073171338
0.0006764397 -0.0028149557 -0.0073669822
0.0007242807 -0.0027060971 -0.0074060072
0.0014481238 -0.0023852783 -0.0059733372
0.0014239571 -0.0022646060 -0.0059960549
0.0013660233 -0.0021538136 -0.0060015892
0.0012799933 -0.0020637462 -0.0059893986
0.0011742883 -0.0020032202 -0.0059606762
0.0010592555 -0.0019781603 -0.0059182337
0.0009461551 -0.0019910196 -0.0058662255
0.0008460581 -0.0020405393 -0.0058097427
0.0007687627 -0.0021218720 -0.0057543141
0.0007218352 -0.0022270564 -0.0057053656
0.0007098691 -0.0023457963 -0.0056676884
0.0007340358 -0.0024664686 -0.0056449708
0.0007919696 -0.0025772610 -0.0056394364
0.0008779996 -0.0026673284 -0.0056516271
0.0009837046 -0.0027278544 -0.0056803495
0.0010987374 -0.0027529143 -0.0057227920
0.0012118379 -0.0027400550 -0.0057748001
0.0013119348 -0.0026905353 -0.0058312829
0.0013892302 -0.0026092025 -0.0058867115
0.0014361577 -0.0025040181 -0.0059356601
0.0020756203 -0.0019935075 -0.0045042184
0.0020503054 -0.0018764431 -0.0045405086
0.0019901647 -0.0017687271 -0.0045615390
0.0019010852 -0.0016809035 -0.0045652508
0.0017917865 -0.0016215692 -0.0045512808
0.0016729677 -0.0015965322 -0.0045209964
0.0015562594 -0.0016082433 -0.0044773621
0.0014530860 -0.0016555561 -0.0044246491
0.0013735468 -0.0017338394 -0.0043680173
0.0013254276 -0.0018354301 -0.0043130103
0.0013134386 -0.0019503840 -0.0042650124
0.0013387535 -0.0020674484 -0.0042287221
0.0013988942 -0.0021751644 -0.0042076918
0.0014879737 -0.0022629880 -0.0042039799
0.0015972724 -0.0023223223 -0.0042179500
0.0017160912 -0.0023473593 -0.0042482343
0.0018327994 -0.0023356482 -0.0042918687
0.0019359728 -0.0022883353 -0.0043445817
0.0020155121 -0.0022100521 -0.0044012135
0.0020636313 -0.0021084614 -0.0044562205
0.0025684314 -0.0014393486 -0.0030256552
0.0025440743 -0.0013259470 -0.0030726525
0.0024837126 -0.0012220107 -0.0031075182
0.0023932549 -0.0011377135 -0.0031268394
0.0022815559 -0.0010813072 -0.0031287249
0.0021595493 -0.0010583130 -0.0031129900
0.0020391781 -0.0010709819 -0.0030811751
0.0019322251 -0.0011180737 -0.0030363943
0.0018491595 -0.0011949788 -0.0029830311
0.0017981123 -0.0012941691 -0.0029263092
0.0017840805 -0.0014059353 -0.0028717807
0.0018084376 -0.0015193368 -0.0028247834
0.0018687993 -0.0016232731 -0.0027899177
0.0019592570 -0.0017075703 -0.0027705965
0.0020709560 -0.0017639767 -0.0027687110
0.0021929626 -0.0017869708 -0.0027844459
0.0023133338 -0.0017743020 -0.0028162608
0.0024202868 -0.0017272101 -0.0028610416
0.0025033524 -0.0016503050 -0.0029144048
0.0025543996 -0.0015511147 -0.0029711267
0.0028850862 -0.0007676797 -0.0015410167
0.0028634963 -0.0006568622 -0.0015950100
0.0028049680 -0.0005562385 -0.0016409579
0.0027152302 -0.0004756583 -0.0016743629
0.0026030672 -0.0004230095 -0.0016919550
0.0024794583 -0.0004034457 -0.0016920121
0.0023565031 -0.0004188818 -0.0016745287
0.0022462374 -0.0004678070 -0.0016412162
0.0021594548 -0.0005454320 -0.0015953355
0.0021046501 -0.0006441584 -0.0015413776
0.0020871880 -0.0007543221 -0.0014846243
0.0021087778 -0.0008651397 -0.0014306310
0.0021673062 -0.0009657634 -0.0013846831
0.0022570439 -0.0010463435 -0.0013512781
0.0023692069 -0.0010989923 -0.0013336861
0.0024928159 -0.0011185562 -0.0013336289
0.0026157710 -0.0011031200 -0.0013511123
0.0027260367 -0.0010541949 -0.0013844248
0.0028128194 -0.0009765699 -0.0014303056
0.0028676241 -0.0008778435 -0.0014842635
0.0029990180 -0.0000338515 -0.0000541518
0.0029811481 0.0000762611 -0.0001108775
0.0029259397 0.0001750649 -0.0001642795
0.0028387971 0.0002528882 -0.0002091304
0.0027282503 0.0003021132 -0.0002410399
0.0026051204 0.0003179213 -0.0002568845
0.0024814603 0.0002987653 -0.0002551133
0.0023693746 0.0002465202 -0.0002358996
0.0022798352 0.0001663001 -0.0002011241
0.0022216066 0.0000659575 -0.0001541910
0.0022003889 -0.0000446854 -0.0000996943
0.0022182588 -0.0001547979 -0.0000429687
0.0022734672 -0.0002536017 0.0000104333
0.0023606098 -0.0003314250 0.0000552842
0.0024711566 -0.0003806500 0.0000871937
0.0025942865 -0.0003964582 0.0001030384
0.0027179466 -0.0003773021 0.0001012672
0.0028300323 -0.0003250570 0.0000820534
0.0029195717 -0.0002448369 0.0000472779
0.0029778002 -0.0001444943 0.0000003448
0.0029011461 0.0007014004 0.0014309150
0.0028867970 0.0008129053 0.0013759362
0.0028353674 0.0009119452 0.0013192970
0.0027518915 0.0009888255 0.0012665418
0.0026445406 0.0010360205 0.0012228345
0.0025238229 0.0010489105 0.0011924535
0.0024015551 0.0010262336 0.0011783727
0.0022897057 0.0009702098 0.0011819705
0.0021992232 0.0008863229 0.0012028947
0.0021389647 0.0007827844 0.0012390970
0.0021148287 0.0006697294 0.0012870337
0.0021291778 0.0005582245 0.0013420126
0.0021806074 0.0004591845 0.0013986517
0.0022640833 0.0003823042 0.0014514070
0.0023714342 0.0003351092 0.0014951143
0.0024921519 0.0003222193 0.0015254953
0.0026144197 0.0003448961 0.0015395760
0.0027262691 0.0004009200 0.0015359782
0.0028167516 0.0004848069 0.0015150541
0.0028770101 0.0005883454 0.0014788517
0.0026006187 0.0013776144 0.0029103011
0.0025885012 0.0014921779 0.0028614104
0.0025401390 0.0015934371 0.0028060066
0.0024602663 0.0016714801 0.0027495127
0.0023567015 0.0017186674 0.0026974589
0.0022395822 0.0017303802 0.0026549406
0.0021203730 0.0017054718 0.0026261197
0.0020107428 0.0016463804 0.0026138174
0.0019214230 0.0015588904 0.0026192380
0.0018611569 0.0014515658 0.0026418509
0.0018358437 0.0013349123 0.0026794425
0.0018479612 0.0012203489 0.0027283331
0.0018963234 0.0011190897 0.0027837370
0.0019761961 0.0010410467 0.0028402309
0.0020797609 0.0009938593 0.0028922847
0.0021968802 0.0009821466 0.0029348030
0.0023160894 0.0010070550 0.0029636239
0.0024257196 0.0010661463 0.0029759261
0.0025150394 0.0011536364 0.0029705055
0.0025753055 0.0012609610 0.0029478927
0.0021236510 0.0019401221 0.0043805724
0.0021117849 0.0020584633 0.0043416306
0.0020648293 0.0021632377 0.0042918368
0.0019873804 0.0022441891 0.0042360654
0.0018870197 0.0022933936 0.0041797755
0.0017735710 0.0023060346 0.0041284772
0.0016581395 0.0022808748 0.0040871920
0.0015520245 0.0022203769 0.0040599611
0.0014656132 0.0021304629 0.0040494501
0.0014073641 0.0020199343 0.0040566879
0.0013829792 0.0018996103 0.0040809660
0.0013948453 0.0017812691 0.0041199079
0.0014418009 0.0016764947 0.0041697016
0.0015192497 0.0015955433 0.0042254731
0.0016196105 0.0015463388 0.0042817630
0.0017330592 0.0015336978 0.0043330612
0.0018484907 0.0015588576 0.0043743465
0.0019546057 0.0016193555 0.0044015773
0.0020410170 0.0017092695 0.0044120883
0.0020992661 0.0018197981 0.0044048505
0.0015106859 0.0023447582 0.0058390148
0.0014970133 0.0024664267 0.0058130967
0.0014493677 0.0025749238 0.0057728450
0.0013724130 0.0026596290 0.0057221998
0.0012736822 0.0027122508 0.0056661187
0.0011628397 0.0027276381 0.0056100912
0.0010507355 0.0027042848 0.0055596017
0.0009483432 0.0026444769 0.0055195925
0.0008656856 0.0025540688 0.0054939799
0.0008108538 0.0024419102 0.0054852711
0.0007892152 0.0023189800 0.0054943185
0.0008028879 0.0021973115 0.0055202366
0.0008505335 0.0020888144 0.0055604883
0.0009274882 0.0020041093 0.0056111335
0.0010262190 0.0019514875 0.0056672146
0.0011370615 0.0019361001 0.0057232421
0.0012491657 0.0019594534 0.0057737316
0.0013515580 0.0020192613 0.0058137409
0.0014342156 0.0021096695 0.0058393534
0.0014890473 0.0022218281 0.0058480623
0.0008123400 0.0025612705 0.0072838479
0.0007953621 0.0026847856 0.0072730001
0.0007451437 0.0027960603 0.0072454689
0.0006666005 0.0028842022 0.0072039492
0.0005674209 0.0029405834 0.0071525052
0.0004573133 0.0029596849 0.0070961726
0.0003470557 0.0029396368 0.0070404657
0.0002474410 0.0028824017 0.0069908373
0.0001682202 0.0027935821 0.0069521456
0.0001171478 0.0026818723 0.0069281779
0.0000992233 0.0025582073 0.0069212803
0.0001162012 0.0024346921 0.0069321281
0.0001664196 0.0023234174 0.0069596593
0.0002449628 0.0022352755 0.0070011790
0.0003441424 0.0021788943 0.0070526230
0.0004542500 0.0021597929 0.0071089556
0.0005645076 0.0021798409 0.0071646625
0.0006641223 0.0022370760 0.0072142909
0.0007433432 0.0023258956 0.0072529826
0.0007944155 0.0024376054 0.0072769503
0.0000847206 0.0025751819 0.0087143661
0.0000639622 0.0026984912 0.0087194453
0.0000100847 0.0028107385 0.0087068086
-0.0000716379 0.0029009361 0.0086776928
-0.0001732061 0.0029602548 0.0086349482
-0.0002846776 0.0029828881 0.0085827587
-0.0003951409 0.0029666206 0.0085262331
-0.0004937831 0.0029130446 0.0084709046
-0.0005709483 0.0028274044 0.0084221890
-0.0006190831 0.0027180832 0.0083848549
-0.0006334757 0.0025957821 0.0083625570
-0.0006127173 0.0024724727 0.0083574778
-0.0005588398 0.0023602254 0.0083701145
-0.0004771172 0.0022700279 0.0083992303
-0.0003755490 0.0022107091 0.0084419749
-0.0002640774 0.0021880758 0.0084941644
-0.0001536141 0.0022043433 0.0085506899
-0.0000549720 0.0022579194 0.0086060185
0.0000221932 0.0023435595 0.0086547341
0.0000703280 0.0024528807 0.0086920682
-0.0006153024 0.0023881229 0.0101309943
-0.0006391461 0.0025092378 0.0101515993
-0.0006966359 0.0026203514 0.0101548549
-0.0007821445 0.0027105871 0.0101404422
-0.0008873015 0.0027711120 0.0101097722
-0.0010018135 0.0027960015 0.0100658469
-0.0011144713 0.0027828193 0.0100129662
-0.0012142471 0.0027328556 0.0099563064
-0.0012913742 0.0026510014 0.0099014136
-0.0013383028 0.0025452690 0.0098536613
-0.0013504393 0.0024260083 0.0098177237
-0.0013265956 0.0023048934 0.0097971186
-0.0012691057 0.0021937798 0.0097938631
-0.0011835971 0.0021035441 0.0098082757
-0.0010784401 0.0020430192 0.0098389458
-0.0009639281 0.0020181297 0.0098828710
-0.0008512703 0.0020313120 0.0099357517
-0.0007514945 0.0020812756 0.0099924116
-0.0006743674 0.0021631299 0.0100473043
-0.0006274388 0.0022688622 0.0100950566
-0.0012344063 0.0020168580 0.0115352539
-0.0012596848 0.0021344692 0.0115697578
-0.0013196219 0.0022426940 0.0115886485
-0.0014083506 0.0023309385 0.0115900770
-0.0015171856 0.0023905647 0.0115739034
-0.0016354732 0.0024157360 0.0115417109
-0.0017516347 0.0024039885 0.0114966507
-0.0018542993 0.0023564722 0.0114431337
-0.0019334176 0.0022778381 0.0113863983
-0.0019812449 0.0021757837 0.0113319984
-0.0019930995 0.0020602986 0.0112852589
-0.0019678211 0.0019426874 0.0112507551
-0.0019078839 0.0018344626 0.0112318643
-0.0018191552 0.0017462182 0.0112304358
-0.0017103203 0.0016865919 0.0112466094
-0.0015920326 0.0016614206 0.0112788019
-0.0014758711 0.0016731681 0.0113238621
-0.0013732065 0.0017206845 0.0113773791
-0.0012940882 0.0017993185 0.0114341145
-0.0012462609 0.0019013730 0.0114885144
-0.0017264211 0.0014913443 0.0129296432
-0.0017510396 0.0016052274 0.0129753214
-0.0018115011 0.0017097025 0.0130083557
-0.0019018873 0.0017945430 0.0130255125
-0.0020133504 0.0018514439 0.0130251125
-0.0021349798 0.0018748355 0.0130071948
-0.0022548694 0.0018624281 0.0129735132
-0.0023612837 0.0018154361 0.0129273649
-0.0024438060 0.0017384595 0.0128732670
-0.0024943586 0.0016390333 0.0128165151
-0.0025079929 0.0015268900 0.0127626644
-0.0024833744 0.0014130069 0.0127169863
-0.0024229129 0.0013085318 0.0126839520
-0.0023325267 0.0012236913 0.0126667952
-0.0022210635 0.0011667904 0.0126671952
-0.0020994342 0.0011433988 0.0126851129
-0.0019795445 0.0011558062 0.0127187945
-0.0018731303 0.0012027982 0.0127649428
-0.0017906079 0.0012797748 0.0128190407
-0.0017400554 0.0013792010 0.0128757926
-0.0020551339 0.0008521679 0.0143174400
-0.0020772020 0.0009632527 0.0143706854
-0.0021361028 0.0010642784 0.0144152548
-0.0022260704 0.0011453559 0.0144467852
-0.0023382984 0.0011985488 0.0144621903
-0.0024618009 0.0012186502 0.0144599622
-0.0025844888 0.0012036924 0.0144403189
-0.0026943525 0.0011551396 0.0144051833
-0.0027806378 0.0010777445 0.0143579947
-0.0028348984 0.0009790831 0.0143033721
-0.0028518229 0.0008688129 0.0142466626
-0.0028297548 0.0007577281 0.0141934171
-0.0027708540 0.0006567024 0.0141488478
-0.0026808864 0.0005756249 0.0141173174
-0.0025686584 0.0005224320 0.0141019122
-0.0024451559 0.0005023306 0.0141041403
-0.0023224680 0.0005172884 0.0141237836
-0.0022126043 0.0005658412 0.0141589193
-0.0021263190 0.0006432363 0.0142061079
-0.0020720584 0.0007418977 0.0142607304
-0.0021963317 0.0001476206 0.0157024423
-0.0022147488 0.0002577034 0.0157590506
-0.0022704868 0.0003566479 0.0158116356
-0.0023580896 0.0004347688 0.0158550499
-0.0024689821 0.0004844189 0.0158850437
-0.0025923093 0.0005007383 0.0158986811
-0.0027159992 0.0004821294 0.0158946272
-0.0028279441 0.0004304138 0.0158732788
-0.0029171861 0.0003506538 0.0158367256
-0.0029749894 0.0002506569 0.0157885456
-0.0029956961 0.0001402115 0.0157334552
-0.0029772790 0.0000301287 0.0156768468
-0.0029215410 -0.0000688158 0.0156242619
-0.0028339382 -0.0001469366 0.0155808476
-0.0027230457 -0.0001965868 0.0155508537
-0.0025997185 -0.0002129061 0.0155372163
-0.0024760286 -0.0001942972 0.0155412702
-0.0023640837 -0.0001425816 0.0155626186
-0.0022748417 -0.0000628217 0.0155991719
-0.0022170384 0.0000371752 0.0156473518
-0.0021391737 -0.0005694378 0.0170886690
-0.0021539694 -0.0004582504 0.0171441702
-0.0022059218 -0.0003593745 0.0172006185
-0.0022899456 -0.0002824888 0.0172524885
-0.0023978159 -0.0002351192 0.0172947026
-0.0025189737 -0.0002219027 0.0173231288
-0.0026415590 -0.0002441330 0.0173349843
-0.0027535726 -0.0002996341 0.0173291088
-0.0028440495 -0.0003829730 0.0173060774
-0.0029041335 -0.0004859921 0.0172681445
-0.0029279430 -0.0005986071 0.0172190233
-0.0029131473 -0.0007097944 0.0171635221
-0.0028611948 -0.0008086703 0.0171070738
-0.0027771710 -0.0008855561 0.0170552038
-0.0026693007 -0.0009329256 0.0170129897
-0.0025481430 -0.0009461421 0.0169845636
-0.0024255576 -0.0009239118 0.0169727080
-0.0023135441 -0.0008684108 0.0169785835
-0.0022230671 -0.0007850718 0.0170016149
-0.0021629832 -0.0006820527 0.0170395478
-0.0018869513 -0.0012448952 0.0184800424
-0.0018992765 -0.0011308389 0.0185300539
-0.0019479928 -0.0010299977 0.0185859082
-0.0020283316 -0.0009522429 0.0186421379
-0.0021324287 -0.0009051856 0.0186932390
-0.0022500944 -0.0008934321 0.0187342092
-0.0023698107 -0.0009181329 0.0187610381
-0.0024798590 -0.0009768700 0.0187710995
-0.0025694670 -0.0010638940 0.0187634085
-0.0026298632 -0.0011706863 0.0187387180
-0.0026551356 -0.0012867933 0.0186994448
-0.0026428104 -0.0014008497 0.0186494333
-0.0025940941 -0.0015016908 0.0185935790
-0.0025137553 -0.0015794456 0.0185373492
-0.0024096582 -0.0016265029 0.0184862482
-0.0022919925 -0.0016382565 0.0184452780
-0.0021722762 -0.0016135557 0.0184184491
-0.0020622279 -0.0015548185 0.0184083877
-0.0019726199 -0.0014677945 0.0184160787
-0.0019122237 -0.0013610022 0.0184407692
-0.0014572069 -0.0018268831 0.0198800782
-0.0014689775 -0.0017090815 0.0199206508
-0.0015160090 -0.0016048498 0.0199715007
-0.0019639579 -0.0022198397 0.0199676791
-0.0018500256 -0.0022322231 0.0199174000
-0.0017340545 -0.0022069678 0.0198777163
-0.0016273968 -0.0021465458 0.0198525125
-0.0015404928 -0.0020568717 0.0198442557
-0.0014818494 -0.0019467234 0.0198537542
