-0.000198576520914 -2.3819432019e-05 -0.019848
-0.000181707469588 -8.35607293894e-05 -0.0194512
-0.000147332777406 -0.000135251812194 -0.0190544
-9.8764091475e-05 -0.000173912777665 -0.0186576
-4.0680503825e-05 -0.000195819040465 -0.0182608
2.13222308551e-05 -0.000198860158079 -0.017864
8.12707884755e-05 -0.000182743150188 -0.0174672
0.000133389743723 -0.000149020724295 -0.0170704
0.000172657972731 -0.000100941688378 -0.0166736
0.000195292386583 -4.31379617358e-05 -0.0162768
0.000199112392921 1.88216626637e-05 -0.01588
0.000183749973526 7.8968013962e-05 -0.0154832
0.000150685139085 0.000131506611465 -0.0150864
0.000103103345418 0.000171375903101 -0.0146896
4.55886076624e-05 0.000194734893769 -0.0142928
-1.63181223136e-05 0.000199333185607 -0.013896
-7.66527694837e-05 0.000184727780614 -0.0134992
-0.000129602712788 0.000152325758945 -0.0131024
-0.000170066771229 0.000105248721245 -0.0127056
-0.000194146650059 4.80320546194e-05 -0.0123088
-0.000199522501272 -1.38120051429e-05 -0.011912
-0.000185676417043 -7.43254206445e-05 -0.0115152
-0.000153942324801 -0.00012767834834 -0.0111184
-0.000107377477078 -0.000168730783843 -0.0107216
-5.04679167582e-05 -0.000193527748341 -0.0103248
1.13037068964e-05 -0.000199680310022 -0.009928
7.19863349598e-05 -0.000186595733014 -0.0095312
0.000125733822001 -0.00015553458138 -0.0091344
0.00016736815191 -0.000109489276763 -0.0087376
0.000192878286349 -5.28958094278e-05 -0.0083408
0.000199806586936 8.79362366357e-06 -0.007944
0.000187485583356 6.96358817983e-05 -0.0075472
0.000157102277245 0.000123769440835 -0.0071504
0.000111583786822 0.000165979090606 -0.0067536
5.53153492359e-05 0.00019219836664 -0.0063568
-6.28215181562e-06 0.000199901312073 -0.00596
-6.72744323238e-05 0.00018834582755 -0.0055632
-0.000121785515038 0.000158645164839 -0.0051664
-0.000164563819279 0.000113660676508 -0.0047696
-0.00019148809658 5.77261541092e-05 -0.0043728
-0.000199964470476 -3.76968794308e-06 -0.003976
-0.000189176329755 -6.49023594366e-05 -0.0035792
-0.000160163000523 -0.000119782357897 -0.0031824
-0.000115719617855 -0.000163122561418 -0.0027856
-6.01278433536e-05 -0.00019074758833 -0.0023888
1.25662879311e-06 -0.000199996052171 -0.001992
6.25200377144e-05 -0.000189976958824 -0.0015952
0.000117760285733 -0.000161655544613 -0.0011984
0.000161655544613 -0.000117760285733 -0.0008016
0.000189976958824 -6.25200377144e-05 -0.0004048
0.000199996052171 -1.25662879311e-06 -8.00000000001e-06
0.00019074758833 6.01278433536e-05 0.0003888
0.000163122561418 0.000115719617855 0.0007856
0.000119782357897 0.000160163000523 0.0011824
6.49023594366e-05 0.000189176329755 0.0015792
3.76968794308e-06 0.000199964470476 0.001976
-5.77261541092e-05 0.00019148809658 0.0023728
-0.000113660676508 0.000164563819279 0.0027696
-0.000158645164839 0.000121785515038 0.0031664
-0.00018834582755 6.72744323238e-05 0.0035632
-0.000199901312073 6.28215181562e-06 0.00396
-0.00019219836664 -5.53153492359e-05 0.0043568
-0.000165979090606 -0.000111583786822 0.0047536
-0.000123769440835 -0.000157102277245 0.0051504
-6.96358817983e-05 -0.000187485583356 0.0055472
-8.79362366357e-06 -0.000199806586936 0.005944
5.28958094278e-05 -0.000192878286349 0.0063408
0.000109489276763 -0.00016736815191 0.0067376
0.00015553458138 -0.000125733822001 0.0071344
0.000186595733014 -7.19863349598e-05 0.0075312
0.000199680310022 -1.13037068964e-05 0.007928
0.000193527748341 5.04679167582e-05 0.0083248
0.000168730783843 0.000107377477078 0.0087216
0.00012767834834 0.000153942324801 0.0091184
7.43254206445e-05 0.000185676417043 0.0095152
1.38120051429e-05 0.000199522501272 0.009912
-4.80320546194e-05 0.000194146650059 0.0103088
-0.000105248721245 0.000170066771229 0.0107056
-0.000152325758945 0.000129602712788 0.0111024
-0.000184727780614 7.66527694837e-05 0.0114992
-0.000199333185607 1.63181223136e-05 0.011896
-0.000194734893769 -4.55886076624e-05 0.0122928
-0.000171375903101 -0.000103103345418 0.0126896
-0.000131506611465 -0.000150685139085 0.0130864
-7.8968013962e-05 -0.000183749973526 0.0134832
-1.88216626637e-05 -0.000199112392921 0.01388
4.31379617358e-05 -0.000195292386583 0.0142768
0.000100941688378 -0.000172657972731 0.0146736
0.000149020724295 -0.000133389743723 0.0150704
0.000182743150188 -8.12707884755e-05 0.0154672
0.000198860158079 -2.13222308551e-05 0.015864
0.000195819040465 4.0680503825e-05 0.0162608
0.000173912777665 9.8764091475e-05 0.0166576
0.000135251812194 0.000147332777406 0.0170544
8.35607293894e-05 0.000181707469588 0.0174512
2.3819432019e-05 0.000198576520914 0.017848
-3.8216621991e-05 0.00019631477225 0.0182448
-9.65708985772e-05 0.000175140119756 0.0186416
-0.000145621564963 0.000137092522837 0.0190384
-0.000180643095271 8.58374750954e-05 0.0194352
-0.000198261526214 2.63128718185e-05 0.019832
