0.00252624250558 0.000614897392262 -0.019848
0.00221601042141 0.00135988889701 -0.0196496
0.00169228858551 0.00197386913025 -0.0194512
0.00100553219595 0.00239768742811 -0.0192528
0.000221903148755 0.00259051326817 -0.0190544
-0.000583103978468 0.00253376986925 -0.018856
-0.00133193505057 0.00223292387266 -0.0186576
-0.00195244791598 0.00171695868773 -0.0184592
-0.00238486255911 0.0010355822392 -0.0182608
-0.00258752028832 0.000254438121261 -0.0180624
-0.00254089712128 -0.000551218485797 -0.017864
-0.00224948471934 -0.00130377087613 -0.0176656
-0.00174135766227 -0.00193071838755 -0.0174672
-0.00106546875202 -0.00237166109267 -0.0172688
-0.000286932915039 -0.00258411870901 -0.0170704
0.000519245949337 -0.0025476231362 -0.016872
0.00127540082116 -0.00226569034631 -0.0166736
0.00190868397631 -0.00176548165625 -0.0164752
0.00235808511345 -0.00109518701496 -0.0162768
0.00258030906741 -0.000319382398783 -0.0160784
0.00255394685189 0.000487191417923 -0.01588
0.00228153819451 0.00124682936562 -0.0156816
0.00178932686022 0.00188634816174 -0.0154832
0.00112473233518 0.00234413676525 -0.0152848
0.000351781448343 0.00257609196509 -0.0150864
-0.000455059953336 0.00255986726978 -0.014888
-0.00121806102127 0.00229702576138 -0.0146896
-0.00186371447093 0.00181288950872 -0.0144912
-0.00232981825068 0.00115410004713 -0.0142928
-0.00257146806799 0.000384124947536 -0.0140944
-0.00256538345494 -0.000422856629507 -0.013896
-0.00231215060126 -0.00118910033096 -0.0136976
-0.00183616588096 -0.001840786478 -0.0134992
-0.0011832855133 -0.00231513183081 -0.0133008
-0.000416407788946 -0.00256643810627 -0.0131024
0.000390586531714 -0.00257049453632 -0.012904
0.00115995186793 -0.00232691032575 -0.0127056
0.00181756780355 -0.00185915230132 -0.0125072
0.00230007982477 -0.00121228412497 -0.0123088
0.00256100287422 -0.000448624874739 -0.0121104
0.00257519970681 0.00035825475578 -0.011912
0.00234130260413 0.00113062023504 -0.0117136
0.00188184513998 0.00179406211407 -0.0115152
0.00124109130293 0.00228466460948 -0.0113168
0.000480771117463 0.00255516323013 -0.0111184
-0.000325866407267 0.00257949822342 -0.01092
-0.00110111006412 0.00235532516369 -0.0107216
-0.00177027312138 0.00190424081348 -0.0105232
-0.00226888861915 0.00126970249818 -0.0103248
-0.00254892009615 0.000512841440855 -0.0101264
-0.00258338940735 -0.000293426600671 -0.009928
-0.00236897579009 -0.00107142601515 -0.0097296
-0.00192633578528 -0.00174620458205 -0.0095312
-0.00129811319269 -0.00225275434501 -0.0093328
-0.000544830780639 -0.00254227445813 -0.0091344
0.000260940458613 -0.00258687264415 -0.008936
0.0010415727756 -0.00238225232776 -0.0087376
0.00172186029677 -0.00194812656632 -0.0085392
0.00223626433485 -0.00132631890007 -0.0083408
0.00253522736551 -0.000576734085326 -0.0081424
0.00258994738377 0.000228413111032 -0.007944
0.00239515268017 0.00101155505963 -0.0077456
0.0019696097156 0.00169724410979 -0.0075472
0.00135431516633 0.00221942119262 -0.0073488
0.000608546317015 0.0025277799311 -0.0071504
-0.000195849694373 0.00259261314068 -0.006952
-0.000981377607387 0.00240767481021 -0.0067536
-0.00167235990829 0.00199078184067 -0.0065552
-0.00220222757806 0.00138209757052 -0.0063568
-0.00251993333093 0.000640262452187 -0.0061584
-0.00259486949391 -0.000163255350776 -0.00596
-0.00241981674048 -0.000951045184246 -0.0057616
-0.00201163959822 -0.00164721162177 -0.0055632
-0.00140966172549 -0.00218468620623 -0.0053648
-0.000671877482495 -0.00251168880408 -0.0051664
0.000130635227267 -0.00259671608718 -0.004968
0.000920562580045 -0.00243157655364 -0.0047696
0.00162180322144 -0.00203217969455 -0.0045712
0.00216679984713 -0.00143700327852 -0.0043728
0.00250304765244 -0.00070338641556 -0.0041744
0.00259815262887 9.79944749418e-05 -0.003976
0.00244295239268 0.000889934608341 -0.0037776
0.00205239888614 0.00159613871958 -0.0035792
0.00146411791208 0.00214857132521 -0.0033808
0.000734784275756 0.00249401124057 -0.0031824
-6.53382481526e-05 0.00259917889214 -0.002984
-0.000859166105646 0.00245394246121 -0.0027856
-0.00157022216892 0.00207229398017 -0.0025872
-0.00213000351897 0.00149100134445 -0.0023888
-0.00248458099541 0.000766066104997 -0.0021904
-0.00259979471493 -3.26717036967e-05 -0.001992
-0.00246454502378 -0.000828261930663 -0.0017936
-0.00209186183494 -0.00154405766197 -0.0015952
-0.00151764933042 -0.00211109936049 -0.0013968
-0.00079722696352 -0.00247475840612 -0.0011984
1.59204083889e-19 -0.0026 -0.001
0.00079722696352 -0.00247475840612 -0.0008016
0.00151764933042 -0.00211109936049 -0.0006032
0.00209186183494 -0.00154405766198 -0.0004048
0.00246454502378 -0.000828261930663 -0.0002064
0.00259979471493 -3.26717036968e-05 -8.00000000001e-06
0.00248458099541 0.000766066104997 0.0001904
0.00213000351897 0.00149100134445 0.0003888
0.00157022216892 0.00207229398016 0.0005872
0.000859166105646 0.00245394246121 0.0007856
6.53382481527e-05 0.00259917889214 0.000984
-0.000734784275756 0.00249401124057 0.0011824
-0.00146411791208 0.00214857132521 0.0013808
-0.00205239888614 0.00159613871958 0.0015792
-0.00244295239268 0.000889934608341 0.0017776
-0.00259815262887 9.79944749418e-05 0.001976
-0.00250304765244 -0.00070338641556 0.0021744
-0.00216679984713 -0.00143700327852 0.0023728
-0.00162180322144 -0.00203217969455 0.0025712
-0.000920562580045 -0.00243157655364 0.0027696
-0.000130635227267 -0.00259671608718 0.002968
0.000671877482495 -0.00251168880408 0.0031664
0.00140966172549 -0.00218468620623 0.0033648
0.00201163959822 -0.00164721162177 0.0035632
0.00241981674048 -0.000951045184246 0.0037616
0.00259486949391 -0.000163255350776 0.00396
0.00251993333093 0.000640262452187 0.0041584
0.00220222757806 0.00138209757052 0.0043568
0.00167235990829 0.00199078184067 0.0045552
0.000981377607387 0.00240767481021 0.0047536
0.000195849694373 0.00259261314068 0.004952
-0.000608546317015 0.0025277799311 0.0051504
-0.00135431516633 0.00221942119262 0.0053488
-0.0019696097156 0.00169724410979 0.0055472
-0.00239515268017 0.00101155505963 0.0057456
-0.00258994738377 0.000228413111032 0.005944
-0.00253522736551 -0.000576734085326 0.0061424
-0.00223626433485 -0.00132631890007 0.0063408
-0.00172186029677 -0.00194812656632 0.0065392
-0.0010415727756 -0.00238225232776 0.0067376
-0.000260940458613 -0.00258687264415 0.006936
0.000544830780639 -0.00254227445813 0.0071344
0.00129811319269 -0.00225275434501 0.0073328
0.00192633578528 -0.00174620458205 0.0075312
0.00236897579009 -0.00107142601515 0.0077296
0.00258338940735 -0.000293426600671 0.007928
0.00254892009615 0.000512841440855 0.0081264
0.00226888861915 0.00126970249818 0.0083248
0.00177027312138 0.00190424081348 0.0085232
0.00110111006412 0.00235532516369 0.0087216
0.000325866407267 0.00257949822342 0.00892
-0.000480771117463 0.00255516323013 0.0091184
-0.00124109130293 0.00228466460948 0.0093168
-0.00188184513998 0.00179406211407 0.0095152
-0.00234130260413 0.00113062023504 0.0097136
-0.00257519970681 0.00035825475578 0.009912
-0.00256100287422 -0.000448624874739 0.0101104
-0.00230007982477 -0.00121228412497 0.0103088
-0.00181756780355 -0.00185915230132 0.0105072
-0.00115995186793 -0.00232691032575 0.0107056
-0.000390586531714 -0.00257049453632 0.010904
0.000416407788946 -0.00256643810627 0.0111024
0.0011832855133 -0.00231513183081 0.0113008
0.00183616588096 -0.001840786478 0.0114992
0.00231215060126 -0.00118910033096 0.0116976
0.00256538345494 -0.000422856629507 0.011896
0.00257146806799 0.000384124947536 0.0120944
0.00232981825068 0.00115410004713 0.0122928
0.00186371447093 0.00181288950872 0.0124912
0.00121806102127 0.00229702576138 0.0126896
0.000455059953336 0.00255986726978 0.012888
-0.000351781448343 0.00257609196509 0.0130864
-0.00112473233518 0.00234413676525 0.0132848
-0.00178932686022 0.00188634816174 0.0134832
-0.00228153819451 0.00124682936562 0.0136816
-0.00255394685189 0.000487191417923 0.01388
-0.00258030906741 -0.000319382398783 0.0140784
-0.00235808511345 -0.00109518701496 0.0142768
-0.00190868397631 -0.00176548165625 0.0144752
-0.00127540082116 -0.00226569034631 0.0146736
-0.000519245949338 -0.0025476231362 0.014872
0.000286932915039 -0.00258411870901 0.0150704
0.00106546875202 -0.00237166109267 0.0152688
0.00174135766227 -0.00193071838755 0.0154672
0.00224948471934 -0.00130377087613 0.0156656
0.00254089712128 -0.000551218485797 0.015864
0.00258752028832 0.000254438121261 0.0160624
0.00238486255911 0.0010355822392 0.0162608
0.00195244791598 0.00171695868773 0.0164592
0.00133193505057 0.00223292387266 0.0166576
0.000583103978468 0.00253376986925 0.016856
-0.000221903148755 0.00259051326817 0.0170544
-0.00100553219595 0.00239768742811 0.0172528
-0.00169228858551 0.00197386913025 0.0174512
-0.00221601042141 0.00135988889701 0.0176496
-0.00252624250558 0.000614897392262 0.017848
-0.00259309717595 -0.000189333135169 0.0180464
-0.00241013367447 -0.000975323367504 0.0182448
-0.0019949786477 -0.0016673512513 0.0184432
-0.00138762800124 -0.00219874703642 0.0186416
-0.000646593706629 -0.00251831621893 0.01884
0.000156733223686 -0.00259527160363 0.0190384
0.000944960524193 -0.00242219933278 0.0192368
0.001642150623 -0.0020157731349 0.0194352
0.00218113644379 -0.00141514798292 0.0196336
0.00250999226097 -0.000678187916354 0.019832
