-0.000858375006305 0.000513022756368 -0.0187435897436
-0.000967216630336 0.000253952731827 -0.0173076923077
-0.000999683176312 -2.5170359532e-05 -0.0158717948718
-0.000953210963146 -0.00030230590424 -0.0144358974359
-0.000831469612303 -0.00055557023302 -0.013
-0.00064407228063 -0.000764964637957 -0.0115641025641
-0.000405816569186 -0.000913954546011 -0.0101282051282
-0.000135516048777 -0.000990775151346 -0.00869230769231
0.000145485330651 -0.000989360408833 -0.00725641025641
0.000414998638912 -0.000909822031884 -0.00582051282051
0.000651742087303 -0.000758440671139 -0.00438461538462
0.000837021519023 -0.000547169970569 -0.00294871794872
0.00095620657039 -0.000292692662607 -0.00151282051282
0.000999885939617 -1.51032365814e-05 -7.69230769231e-05
0.000964610538747 0.000263678798045 0.00135897435897
0.000853165846656 0.000521639758933 0.00279487179487
0.00067435195713 0.000738410074359 0.00423076923077
0.000442288690219 0.000896872741533 0.00566666666667
0.00017530063792 0.000984514949782 0.00710256410256
-0.000105529814814 0.000994416139343 0.00853846153846
-0.000378027234811 0.000925794474892 0.00997435897436
-0.000620674196638 0.000784068582222 0.0114102564103
-0.000814310379776 0.000580429673078 0.0128461538462
-0.00094364553989 0.000330957844818 0.0142820512821
-0.000998466884273 5.53523351898e-05 0.0157179487179
-0.000974445512526 -0.000224624003876 0.0171538461538
-0.000873478242886 -0.00048686318325 0.0185897435897
