-0.00258149477188 -0.000309652616247 -0.019848
-0.00236219710464 -0.00108628948206 -0.0194512
-0.00191532610628 -0.00175827355853 -0.0190544
-0.00128393318918 -0.00226086610964 -0.0186576
-0.000528846549725 -0.00254564752604 -0.0182608
0.000277189001116 -0.00258518205503 -0.017864
0.00105652025018 -0.00237566095244 -0.0174672
0.0017340666684 -0.00193726941584 -0.0170704
0.0022445536455 -0.00131224194891 -0.0166736
0.00253880102558 -0.000560793502566 -0.0162768
0.00258846110797 0.000244681614628 -0.01588
0.00238874965584 0.00102658418151 -0.0154832
0.00195890680811 0.00170958594904 -0.0150864
0.00134034349043 0.00222788674031 -0.0146896
0.000592651899612 0.002531553619 -0.0142928
-0.000212135590077 0.00259133141289 -0.013896
-0.000996486003288 0.00240146114798 -0.0134992
-0.00168483526624 0.00198023486628 -0.0131024
-0.00221086802598 0.00136823337618 -0.0127056
-0.00252390645076 0.000624416710052 -0.0123088
-0.00259379251654 -0.000179556066857 -0.011912
-0.00241379342156 -0.000966230468379 -0.0115152
-0.00200125022241 -0.00165981852842 -0.0111184
-0.00139590720202 -0.00219350018996 -0.0107216
-0.000656082917856 -0.00251586072844 -0.0103248
0.000146948189653 -0.00259584403028 -0.009928
0.000935822354477 -0.00242574452918 -0.0095312
0.00163453968602 -0.00202194955793 -0.0091344
0.00217578597483 -0.00142336059792 -0.0087376
0.00250741772254 -0.000687645522561 -0.0083408
0.00259748563016 0.000114317107626 -0.007944
0.00243731258362 0.000905266463378 -0.0075472
0.00204232960418 0.00160900273085 -0.0071504
0.00145058922869 0.00215772817788 -0.0067536
0.000719099540067 0.00249857876631 -0.0063568
-8.16679736031e-05 0.00259871705695 -0.00596
-0.000874567620209 0.00244849575815 -0.0055632
-0.0015832116955 0.00206238714291 -0.0051664
-0.00213932965063 0.0014775887946 -0.0047696
-0.00248934525554 0.00075044000342 -0.0043728
-0.00259953811619 -4.90059432601e-05 -0.003976
-0.00245929228681 -0.000843730672676 -0.0035792
-0.0020821190068 -0.00155717065266 -0.0031824
-0.00150435503212 -0.00212059329843 -0.0027856
-0.000781661963596 -0.00247971864829 -0.0023888
1.63361743104e-05 -0.00259994867823 -0.001992
0.000812760490288 -0.00246970046472 -0.0015952
0.00153088371453 -0.00210152207996 -0.0011984
0.00210152207996 -0.00153088371453 -0.0008016
0.00246970046472 -0.000812760490288 -0.0004048
0.00259994867823 -1.63361743105e-05 -8.00000000001e-06
0.00247971864829 0.000781661963596 0.0003888
0.00212059329843 0.00150435503212 0.0007856
0.00155717065266 0.0020821190068 0.0011824
0.000843730672676 0.00245929228681 0.0015792
4.90059432601e-05 0.00259953811619 0.001976
-0.00075044000342 0.00248934525554 0.0023728
-0.0014775887946 0.00213932965063 0.0027696
-0.00206238714291 0.0015832116955 0.0031664
-0.00244849575815 0.000874567620209 0.0035632
-0.00259871705695 8.16679736031e-05 0.00396
-0.00249857876631 -0.000719099540067 0.0043568
-0.00215772817788 -0.00145058922869 0.0047536
-0.00160900273085 -0.00204232960418 0.0051504
-0.000905266463378 -0.00243731258362 0.0055472
-0.000114317107626 -0.00259748563016 0.005944
0.000687645522561 -0.00250741772254 0.0063408
0.00142336059792 -0.00217578597483 0.0067376
0.00202194955793 -0.00163453968602 0.0071344
0.00242574452918 -0.000935822354477 0.0075312
0.00259584403028 -0.000146948189653 0.007928
0.00251586072844 0.000656082917856 0.0083248
0.00219350018996 0.00139590720202 0.0087216
0.00165981852842 0.00200125022241 0.0091184
0.000966230468379 0.00241379342156 0.0095152
0.000179556066857 0.00259379251654 0.009912
-0.000624416710052 0.00252390645076 0.0103088
-0.00136823337618 0.00221086802598 0.0107056
-0.00198023486628 0.00168483526624 0.0111024
-0.00240146114798 0.000996486003288 0.0114992
-0.00259133141289 0.000212135590077 0.011896
-0.002531553619 -0.000592651899612 0.0122928
-0.00222788674031 -0.00134034349043 0.0126896
-0.00170958594904 -0.00195890680811 0.0130864
-0.00102658418151 -0.00238874965584 0.0134832
-0.000244681614628 -0.00258846110797 0.01388
0.000560793502566 -0.00253880102558 0.0142768
0.00131224194891 -0.0022445536455 0.0146736
0.00193726941584 -0.0017340666684 0.0150704
0.00237566095244 -0.00105652025018 0.0154672
0.00258518205503 -0.000277189001116 0.015864
0.00254564752604 0.000528846549725 0.0162608
0.00226086610964 0.00128393318918 0.0166576
0.00175827355853 0.00191532610628 0.0170544
0.00108628948206 0.00236219710464 0.0174512
0.000309652616247 0.00258149477188 0.017848
-0.000496816085883 0.00255209203925 0.0182448
-0.0012554216815 0.00227682155682 0.0186416
-0.00189308034452 0.00178220279688 0.0190384
-0.00234836023853 0.00111588717624 0.0194352
-0.00257739984078 0.00034206733364 0.019832
