0.000582979039749 0.000141899398214 -0.019848
0.000511387020324 0.000313820514695 -0.0196496
0.000390528135117 0.000455508260827 -0.0194512
0.000232045891373 0.00055331248341 -0.0192528
5.12084189434e-05 0.000597810754193 -0.0190544
-0.00013456245657 0.000584716123672 -0.018856
-0.000307369627054 0.000515290124459 -0.0186576
-0.000450564903688 0.00039622123563 -0.0184592
-0.000550352898256 0.000238980516739 -0.0182608
-0.000597120066535 5.87164895218e-05 -0.0180624
-0.000586360874141 -0.000127204265953 -0.017864
-0.000519111858309 -0.000300870202184 -0.0176656
-0.000401851768217 -0.000445550397128 -0.0174672
-0.000245877404312 -0.000547306406 -0.0172688
-6.62152880858e-05 -0.000596335086695 -0.0170704
0.000119825988309 -0.000587913031431 -0.016872
0.000294323266423 -0.00052285161838 -0.0166736
0.000440465532995 -0.000407418843751 -0.0164752
0.000544173487718 -0.000252735464992 -0.0162768
0.000595455938633 -7.37036304883e-05 -0.0160784
0.000589372350437 0.000112428788751 -0.01588
0.000526508814118 0.000287729853605 -0.0156816
0.000412921583127 0.000435311114248 -0.0154832
0.000259553615812 0.000540954638134 -0.0152848
8.11803342331e-05 0.000594482761175 -0.0150864
-0.000105013835385 0.000590738600718 -0.014888
-0.000281091004908 0.000530082868012 -0.0146896
-0.00043008795483 0.000418359117398 -0.0144912
-0.000537650365542 0.000266330780107 -0.0142928
-0.000593415707997 8.86442186621e-05 -0.0140944
-0.000592011566525 -9.75822991169e-05 -0.013896
-0.000533573215675 -0.000274407768683 -0.0136976
-0.000423730587914 -0.000424796879539 -0.0134992
-0.000273065887685 -0.000534261191724 -0.0133008
-9.60941051413e-05 -0.0005922549476 -0.0131024
9.01353534724e-05 -0.000593191046843 -0.012904
0.000267681200291 -0.000536979305943 -0.0127056
0.000419438723895 -0.000429035146459 -0.0125072
0.000530787651871 -0.000279757874994 -0.0123088
0.000591000663282 -0.000103528817247 -0.0121104
0.000594276855418 8.26741744108e-05 -0.011912
0.000540300600953 0.000260912361933 -0.0117136
0.00043427195538 0.000414014334015 -0.0115152
0.000286405685291 0.000527230294495 -0.0113168
0.000110947180953 0.000589653053107 -0.0111184
-7.51999401386e-05 0.000595268820789 -0.01092
-0.000254102322489 0.000543536576235 -0.0107216
-0.000408524566472 0.000439440187726 -0.0105232
-0.000523589681343 0.000293008268811 -0.0103248
-0.00058821232988 0.000118348024813 -0.0101264
-0.000596166786312 -6.77138309241e-05 -0.009928
-0.000546686720791 -0.000247252157343 -0.0097296
-0.000444539027372 -0.000402970288165 -0.0095312
-0.000299564582928 -0.000519866387311 -0.0093328
-0.000125730180147 -0.000586678721107 -0.0091344
6.02170289107e-05 -0.000596970610189 -0.008936
0.000240362948215 -0.000549750537176 -0.0087376
0.000397352376177 -0.000449567669152 -0.0085392
0.000516061000349 -0.000306073592325 -0.0083408
0.000585052468964 -0.000133092481229 -0.0081424
0.000597680165486 5.27107179304e-05 -0.007944
0.000552727541578 0.000233435782991 -0.0077456
0.000454525318985 0.000391671717643 -0.0075472
0.000312534269153 0.000512174121374 -0.0073488
0.000140433765465 0.000583333830253 -0.0071504
-4.51960833168e-05 0.000598295340156 -0.006952
-0.000226471755551 0.000555617263895 -0.0067536
-0.000385929209604 0.000459411194002 -0.0065552
-0.000508206364167 0.000318945593197 -0.0063568
-0.000581523076368 0.000147752873582 -0.0061584
-0.000598816037057 -3.76743117176e-05 -0.00596
-0.000558419247804 -0.000219471965595 -0.0057616
-0.000464224522665 -0.00038012575887 -0.0055632
-0.000325306552035 -0.000504158355284 -0.0053648
-0.000155048649807 -0.000579620493248 -0.0051664
3.01465909079e-05 -0.000599242173964 -0.004968
0.000212437518472 -0.00056113305084 -0.0047696
0.000374262281871 -0.000468964544895 -0.0045712
0.000500030733953 -0.000331616141197 -0.0043728
0.000577626381333 -0.000162319942052 -0.0041744
0.000599573683584 2.2614109602e-05 -0.003976
0.000563758244463 0.000205369525002 -0.0037776
0.000473630512187 0.00036833970452 -0.0035792
0.000337873364327 0.000495824151972 -0.0033808
0.000169565602098 0.000575541055517 -0.0031824
-1.5078057266e-05 0.00059981051357 -0.002984
-0.000198269101303 0.000566294414124 -0.0027856
-0.000362358962059 0.00047822168773 -0.0025872
-0.000491539273609 0.000344077233335 -0.0023888
-0.000573364845096 0.000176784485769 -0.0021904
-0.000599952626522 -7.53962393001e-06 -0.001992
-0.000568741159333 -0.000191137368615 -0.0017936
-0.000482737346526 -0.000356320998917 -0.0015952
-0.00035022676856 -0.000487176775498 -0.0013968
-0.00018397545312 -0.000571098093719 -0.0011984
3.67394039744e-20 -0.0006 -0.001
0.00018397545312 -0.000571098093719 -0.0008016
0.00035022676856 -0.000487176775498 -0.0006032
0.000482737346526 -0.000356320998917 -0.0004048
0.000568741159333 -0.000191137368615 -0.0002064
0.000599952626522 -7.53962393002e-06 -8.00000000001e-06
0.000573364845096 0.000176784485769 0.0001904
0.000491539273609 0.000344077233335 0.0003888
0.000362358962059 0.00047822168773 0.0005872
0.000198269101303 0.000566294414124 0.0007856
1.5078057266e-05 0.00059981051357 0.000984
-0.000169565602098 0.000575541055517 0.0011824
-0.000337873364327 0.000495824151972 0.0013808
-0.000473630512187 0.00036833970452 0.0015792
-0.000563758244463 0.000205369525002 0.0017776
-0.000599573683584 2.2614109602e-05 0.001976
-0.000577626381333 -0.000162319942052 0.0021744
-0.000500030733953 -0.000331616141197 0.0023728
-0.000374262281871 -0.000468964544895 0.0025712
-0.000212437518472 -0.00056113305084 0.0027696
-3.01465909079e-05 -0.000599242173964 0.002968
0.000155048649807 -0.000579620493248 0.0031664
0.000325306552035 -0.000504158355284 0.0033648
0.000464224522665 -0.00038012575887 0.0035632
0.000558419247804 -0.000219471965595 0.0037616
0.000598816037057 -3.76743117176e-05 0.00396
0.000581523076368 0.000147752873582 0.0041584
0.000508206364167 0.000318945593197 0.0043568
0.000385929209604 0.000459411194002 0.0045552
0.000226471755551 0.000555617263895 0.0047536
4.51960833168e-05 0.000598295340156 0.004952
-0.000140433765465 0.000583333830253 0.0051504
-0.000312534269153 0.000512174121374 0.0053488
-0.000454525318985 0.000391671717643 0.0055472
-0.000552727541578 0.000233435782991 0.0057456
-0.000597680165486 5.27107179305e-05 0.005944
-0.000585052468964 -0.000133092481229 0.0061424
-0.000516061000349 -0.000306073592325 0.0063408
-0.000397352376177 -0.000449567669152 0.0065392
-0.000240362948215 -0.000549750537176 0.0067376
-6.02170289107e-05 -0.000596970610189 0.006936
0.000125730180147 -0.000586678721107 0.0071344
0.000299564582928 -0.000519866387311 0.0073328
0.000444539027372 -0.000402970288165 0.0075312
0.000546686720791 -0.000247252157343 0.0077296
0.000596166786312 -6.77138309241e-05 0.007928
0.00058821232988 0.000118348024813 0.0081264
0.000523589681343 0.000293008268811 0.0083248
0.000408524566472 0.000439440187726 0.0085232
0.000254102322489 0.000543536576235 0.0087216
7.51999401386e-05 0.000595268820789 0.00892
-0.000110947180953 0.000589653053107 0.0091184
-0.000286405685291 0.000527230294495 0.0093168
-0.00043427195538 0.000414014334015 0.0095152
-0.000540300600953 0.000260912361933 0.0097136
-0.000594276855418 8.26741744108e-05 0.009912
-0.000591000663282 -0.000103528817247 0.0101104
-0.000530787651871 -0.000279757874994 0.0103088
-0.000419438723895 -0.000429035146459 0.0105072
-0.000267681200291 -0.000536979305943 0.0107056
-9.01353534725e-05 -0.000593191046843 0.010904
9.60941051413e-05 -0.0005922549476 0.0111024
0.000273065887685 -0.000534261191724 0.0113008
0.000423730587914 -0.000424796879539 0.0114992
0.000533573215675 -0.000274407768683 0.0116976
0.000592011566525 -9.75822991169e-05 0.011896
0.000593415707997 8.86442186621e-05 0.0120944
0.000537650365542 0.000266330780107 0.0122928
0.00043008795483 0.000418359117398 0.0124912
0.000281091004908 0.000530082868012 0.0126896
0.000105013835385 0.000590738600718 0.012888
-8.11803342331e-05 0.000594482761175 0.0130864
-0.000259553615812 0.000540954638134 0.0132848
-0.000412921583127 0.000435311114248 0.0134832
-0.000526508814118 0.000287729853605 0.0136816
-0.000589372350437 0.000112428788751 0.01388
-0.000595455938633 -7.37036304883e-05 0.0140784
-0.000544173487718 -0.000252735464992 0.0142768
-0.000440465532995 -0.000407418843751 0.0144752
-0.000294323266423 -0.00052285161838 0.0146736
-0.000119825988309 -0.000587913031431 0.014872
6.62152880858e-05 -0.000596335086695 0.0150704
0.000245877404312 -0.000547306406 0.0152688
0.000401851768217 -0.000445550397128 0.0154672
0.000519111858309 -0.000300870202184 0.0156656
0.000586360874141 -0.000127204265953 0.015864
0.000597120066535 5.87164895218e-05 0.0160624
0.000550352898256 0.000238980516739 0.0162608
0.000450564903688 0.00039622123563 0.0164592
0.000307369627054 0.000515290124459 0.0166576
0.00013456245657 0.000584716123672 0.016856
-5.12084189434e-05 0.000597810754193 0.0170544
-0.000232045891373 0.00055331248341 0.0172528
-0.000390528135117 0.000455508260827 0.0174512
-0.000511387020324 0.000313820514695 0.0176496
-0.000582979039749 0.000141899398214 0.017848
-0.000598407040604 -4.3692261962e-05 0.0180464
-0.000556184694108 -0.00022507462327 0.0182448
-0.000460379687931 -0.000384773365685 0.0184432
-0.00032022184644 -0.000507403162251 0.0186416
-0.000149213932299 -0.000581149896677 0.01884
3.6169205466e-05 -0.000598908831606 0.0190384
0.000218067813275 -0.000558969076795 0.0192368
0.000378957836077 -0.000465178415746 0.0194352
0.000503339179337 -0.000326572611443 0.0196336
0.0005792289833 -0.000156504903774 0.019832
