-0.000343350002522 0.000205209102547 -0.0187435897436
-0.000386886652134 0.000101581092731 -0.0173076923077
-0.000399873270525 -1.00681438128e-05 -0.0158717948718
-0.000381284385258 -0.000120922361696 -0.0144358974359
-0.000332587844921 -0.000222228093208 -0.013
-0.000257628912252 -0.000305985855183 -0.0115641025641
-0.000162326627674 -0.000365581818404 -0.0101282051282
-5.4206419511e-05 -0.000396310060538 -0.00869230769231
5.81941322605e-05 -0.000395744163533 -0.00725641025641
0.000165999455565 -0.000363928812754 -0.00582051282051
0.000260696834921 -0.000303376268455 -0.00438461538462
0.000334808607609 -0.000218867988228 -0.00294871794872
0.000382482628156 -0.000117077065043 -0.00151282051282
0.000399954375847 -6.04129463255e-06 -7.69230769231e-05
0.000385844215499 0.000105471519218 0.00135897435897
0.000341266338662 0.000208655903573 0.00279487179487
0.000269740782852 0.000295364029744 0.00423076923077
0.000176915476088 0.000358749096613 0.00566666666667
7.0120255168e-05 0.000393805979913 0.00710256410256
-4.22119259254e-05 0.000397766455737 0.00853846153846
-0.000151210893924 0.000370317789957 0.00997435897436
-0.000248269678655 0.000313627432889 0.0114102564103
-0.00032572415191 0.000232171869231 0.0128461538462
-0.000377458215956 0.000132383137927 0.0142820512821
-0.000399386753709 2.21409340759e-05 0.0157179487179
-0.000389778205011 -8.98496015504e-05 0.0171538461538
-0.000349391297155 -0.0001947452733 0.0185897435897
