-0.000595729562742 -7.14582960569e-05 -0.019848
-0.000545122408763 -0.000250682188168 -0.0194512
-0.000441998332217 -0.000405755436583 -0.0190544
-0.000296292274425 -0.000521738332995 -0.0186576
-0.000122041511475 -0.000587457121394 -0.0182608
6.39666925652e-05 -0.000596580474238 -0.017864
0.000243812365427 -0.000548229450563 -0.0174672
0.000400169231169 -0.000447062172886 -0.0170704
0.000517973918192 -0.000302825065134 -0.0166736
0.000585877159749 -0.000129413885208 -0.0162768
0.000597337178762 5.64649879911e-05 -0.01588
0.000551249920579 0.000236904041886 -0.0154832
0.000452055417255 0.000394519834394 -0.0150864
0.000309310036254 0.000514127709302 -0.0146896
0.000136765822987 0.000584204681308 -0.0142928
-4.89543669409e-05 0.00059799955682 -0.013896
-0.000229958308451 0.000554183341841 -0.0134992
-0.000388808138363 0.000456977276834 -0.0131024
-0.000510200313688 0.000315746163734 -0.0127056
-0.000582439950176 0.000144096163858 -0.0123088
-0.000598567503817 -4.14360154286e-05 -0.011912
-0.00055702925113 -0.000222976261934 -0.0115152
-0.000461826974403 -0.000383035045021 -0.0111184
-0.000322132431235 -0.000506192351529 -0.0107216
-0.000151403750274 -0.000580583245024 -0.0103248
3.39111206892e-05 -0.000599040930065 -0.009928
0.000215959004879 -0.000559787199042 -0.0095312
0.000377201466004 -0.000466603744139 -0.0091344
0.000502104455731 -0.00032846783029 -0.0087376
0.000578634859047 -0.000158687428283 -0.0083408
0.000599419760807 2.63808709907e-05 -0.007944
0.000562456750067 0.000208907645395 -0.0075472
0.000471306831734 0.000371308322504 -0.0071504
0.000334751360467 0.000497937271818 -0.0067536
0.000165946047708 0.000576595099919 -0.0063568
-1.88464554469e-05 0.000599703936219 -0.00596
-0.000201823296971 0.00056503748265 -0.0055632
-0.000365356545115 0.000475935494518 -0.0051664
-0.000493691457837 0.000340982029524 -0.0047696
-0.000574464289739 0.000173178462328 -0.0043728
-0.000599893411428 -1.13090638292e-05 -0.003976
-0.000567528989265 -0.00019470707831 -0.0035792
-0.00048048900157 -0.000359347073692 -0.0031824
-0.000347158853566 -0.000489367684253 -0.0027856
-0.000180383530061 -0.00057224276499 -0.0023888
3.76988637933e-06 -0.000599988156514 -0.001992
0.000187560113143 -0.000569930876473 -0.0015952
0.0003532808572 -0.000484966633838 -0.0011984
0.000484966633838 -0.0003532808572 -0.0008016
0.000569930876473 -0.000187560113143 -0.0004048
0.000599988156514 -3.76988637934e-06 -8.00000000001e-06
0.00057224276499 0.000180383530061 0.0003888
0.000489367684253 0.000347158853566 0.0007856
0.000359347073692 0.00048048900157 0.0011824
0.00019470707831 0.000567528989265 0.0015792
1.13090638292e-05 0.000599893411428 0.001976
-0.000173178462328 0.000574464289739 0.0023728
-0.000340982029524 0.000493691457837 0.0027696
-0.000475935494518 0.000365356545115 0.0031664
-0.00056503748265 0.000201823296971 0.0035632
-0.000599703936219 1.88464554469e-05 0.00396
-0.000576595099919 -0.000165946047708 0.0043568
-0.000497937271818 -0.000334751360467 0.0047536
-0.000371308322504 -0.000471306831734 0.0051504
-0.000208907645395 -0.000562456750067 0.0055472
-2.63808709907e-05 -0.000599419760807 0.005944
0.000158687428283 -0.000578634859047 0.0063408
0.00032846783029 -0.000502104455731 0.0067376
0.000466603744139 -0.000377201466004 0.0071344
0.000559787199042 -0.000215959004879 0.0075312
0.000599040930065 -3.39111206892e-05 0.007928
0.000580583245024 0.000151403750274 0.0083248
0.000506192351529 0.000322132431235 0.0087216
0.000383035045021 0.000461826974403 0.0091184
0.000222976261934 0.00055702925113 0.0095152
4.14360154286e-05 0.000598567503817 0.009912
-0.000144096163858 0.000582439950176 0.0103088
-0.000315746163734 0.000510200313688 0.0107056
-0.000456977276834 0.000388808138363 0.0111024
-0.000554183341841 0.000229958308451 0.0114992
-0.00059799955682 4.89543669409e-05 0.011896
-0.000584204681308 -0.000136765822987 0.0122928
-0.000514127709302 -0.000309310036254 0.0126896
-0.000394519834394 -0.000452055417255 0.0130864
-0.000236904041886 -0.000551249920579 0.0134832
-5.64649879911e-05 -0.000597337178762 0.01388
0.000129413885208 -0.000585877159749 0.0142768
0.000302825065134 -0.000517973918192 0.0146736
0.000447062172886 -0.000400169231169 0.0150704
0.000548229450563 -0.000243812365427 0.0154672
0.000596580474238 -6.39666925652e-05 0.015864
0.000587457121394 0.000122041511475 0.0162608
0.000521738332995 0.000296292274425 0.0166576
0.000405755436583 0.000441998332217 0.0170544
0.000250682188168 0.000545122408763 0.0174512
7.14582960569e-05 0.000595729562742 0.017848
-0.000114649865973 0.00058894431675 0.0182448
-0.000289712695731 0.000525420359267 0.0186416
-0.000436864694888 0.000411277568511 0.0190384
-0.000541929285814 0.000257512425286 0.0194352
-0.000594784578642 7.89386154554e-05 0.019832
