-0.000397153041828 -4.76388640379e-05 -0.019848
-0.000363414939175 -0.000167121458779 -0.0194512
-0.000294665554812 -0.000270503624389 -0.0190544
-0.00019752818295 -0.00034782555533 -0.0186576
-8.136100765e-05 -0.00039163808093 -0.0182608
4.26444617101e-05 -0.000397720316159 -0.017864
0.000162541576951 -0.000365486300376 -0.0174672
0.000266779487446 -0.000298041448591 -0.0170704
0.000345315945461 -0.000201883376756 -0.0166736
0.000390584773166 -8.62759234717e-05 -0.0162768
0.000398224785841 3.76433253274e-05 -0.01588
0.000367499947052 0.000157936027924 -0.0154832
0.00030137027817 0.000263013222929 -0.0150864
0.000206206690836 0.000342751806202 -0.0146896
9.11772153249e-05 0.000389469787539 -0.0142928
-3.26362446273e-05 0.000398666371214 -0.013896
-0.000153305538967 0.000369455561227 -0.0134992
-0.000259205425576 0.000304651517889 -0.0131024
-0.000340133542459 0.000210497442489 -0.0127056
-0.000388293300118 9.60641092388e-05 -0.0123088
-0.000399045002544 -2.76240102858e-05 -0.011912
-0.000371352834086 -0.000148650841289 -0.0115152
-0.000307884649602 -0.000255356696681 -0.0111184
-0.000214754954156 -0.000337461567686 -0.0107216
-0.000100935833516 -0.000387055496683 -0.0103248
2.26074137928e-05 -0.000399360620044 -0.009928
0.00014397266992 -0.000373191466028 -0.0095312
0.000251467644003 -0.000311069162759 -0.0091344
0.00033473630382 -0.000218978553527 -0.0087376
0.000385756572698 -0.000105791618856 -0.0083408
0.000399613173871 1.75872473271e-05 -0.007944
0.000374971166711 0.000139271763597 -0.0075472
0.00031420455449 0.000247538881669 -0.0071504
0.000223167573645 0.000331958181212 -0.0067536
0.000110630698472 0.000384396733279 -0.0063568
-1.25643036312e-05 0.000399802624146 -0.00596
-0.000134548864648 0.0003766916551 -0.0055632
-0.000243571030076 0.000317290329679 -0.0051664
-0.000329127638558 0.000227321353016 -0.0047696
-0.00038297619316 0.000115452308218 -0.0043728
-0.000399928940952 -7.53937588616e-06 -0.003976
-0.00037835265951 -0.000129804718873 -0.0035792
-0.000320326001046 -0.000239564715794 -0.0031824
-0.000231439235711 -0.000326245122835 -0.0027856
-0.000120255686707 -0.00038149517666 -0.0023888
2.51325758622e-06 -0.000399992104342 -0.001992
0.000125040075429 -0.000379953917649 -0.0015952
0.000235520571467 -0.000323311089225 -0.0011984
0.000323311089225 -0.000235520571467 -0.0008016
0.000379953917649 -0.000125040075429 -0.0004048
0.000399992104342 -2.51325758623e-06 -8.00000000001e-06
0.00038149517666 0.000120255686707 0.0003888
0.000326245122835 0.000231439235711 0.0007856
0.000239564715794 0.000320326001046 0.0011824
0.000129804718873 0.00037835265951 0.0015792
7.53937588616e-06 0.000399928940952 0.001976
-0.000115452308218 0.00038297619316 0.0023728
-0.000227321353016 0.000329127638558 0.0027696
-0.000317290329679 0.000243571030076 0.0031664
-0.0003766916551 0.000134548864648 0.0035632
-0.000399802624146 1.25643036312e-05 0.00396
-0.000384396733279 -0.000110630698472 0.0043568
-0.000331958181212 -0.000223167573645 0.0047536
-0.000247538881669 -0.00031420455449 0.0051504
-0.000139271763597 -0.000374971166711 0.0055472
-1.75872473271e-05 -0.000399613173871 0.005944
0.000105791618856 -0.000385756572698 0.0063408
0.000218978553527 -0.00033473630382 0.0067376
0.000311069162759 -0.000251467644003 0.0071344
0.000373191466028 -0.00014397266992 0.0075312
0.000399360620044 -2.26074137928e-05 0.007928
0.000387055496683 0.000100935833516 0.0083248
0.000337461567686 0.000214754954156 0.0087216
0.000255356696681 0.000307884649602 0.0091184
0.000148650841289 0.000371352834086 0.0095152
2.76240102858e-05 0.000399045002544 0.009912
-9.60641092388e-05 0.000388293300118 0.0103088
-0.000210497442489 0.000340133542459 0.0107056
-0.000304651517889 0.000259205425576 0.0111024
-0.000369455561227 0.000153305538967 0.0114992
-0.000398666371214 3.26362446273e-05 0.011896
-0.000389469787539 -9.11772153249e-05 0.0122928
-0.000342751806202 -0.000206206690836 0.0126896
-0.000263013222929 -0.00030137027817 0.0130864
-0.000157936027924 -0.000367499947052 0.0134832
-3.76433253274e-05 -0.000398224785841 0.01388
8.62759234717e-05 -0.000390584773166 0.0142768
0.000201883376756 -0.000345315945461 0.0146736
0.000298041448591 -0.000266779487446 0.0150704
0.000365486300376 -0.000162541576951 0.0154672
0.000397720316159 -4.26444617101e-05 0.015864
0.00039163808093 8.136100765e-05 0.0162608
0.00034782555533 0.00019752818295 0.0166576
0.000270503624389 0.000294665554812 0.0170544
0.000167121458779 0.000363414939175 0.0174512
4.7638864038e-05 0.000397153041828 0.017848
-7.64332439821e-05 0.0003926295445 0.0182448
-0.000193141797154 0.000350280239511 0.0186416
-0.000291243129925 0.000274185045674 0.0190384
-0.000361286190543 0.000171674950191 0.0194352
-0.000396523052428 5.26257436369e-05 0.019832
