0.00255394685189 0.000487191417923 -0.0194
0.00229395718873 0.00122383022363 -0.01844
0.00182688992148 0.00184999276074 -0.01748
0.00119490763762 0.00230915476692 -0.01652
0.000455059953336 0.00255986726978 -0.01556
-0.000325866407267 0.00257949822342 -0.0146
-0.00107737651058 0.00236627552378 -0.01364
-0.00173163085533 0.0019394469781 -0.01268
-0.0022295693061 0.00133754278783 -0.01172
-0.00252624250558 0.000614897392262 -0.01076
-0.00259486949391 -0.000163255350776 -0.0098
-0.00242925525039 -0.000926670884654 -0.00884
-0.00204434992356 -0.00160643499403 -0.00788
-0.00147489926773 -0.00214118475383 -0.00692
-0.0007723081121 -0.00248264781634 -0.00596
1.59204083889e-19 -0.0026 -0.005
0.0007723081121 -0.00248264781634 -0.00404
0.00147489926773 -0.00214118475383 -0.00308
0.00204434992356 -0.00160643499403 -0.00212
0.00242925525039 -0.000926670884654 -0.00116
0.00259486949391 -0.000163255350776 -0.0002
0.00252624250558 0.000614897392262 0.00076
0.0022295693061 0.00133754278783 0.00172
0.00173163085533 0.0019394469781 0.00268
0.00107737651058 0.00236627552378 0.00364
0.000325866407267 0.00257949822342 0.0046
-0.000455059953336 0.00255986726978 0.00556
-0.00119490763762 0.00230915476692 0.00652
-0.00182688992148 0.00184999276074 0.00748
-0.00229395718873 0.00122383022363 0.00844
-0.00255394685189 0.000487191417923 0.0094
-0.00258338940735 -0.000293426600671 0.01036
-0.00237962704881 -0.00104755673286 0.01132
-0.00196105358991 -0.00170712296496 0.01228
-0.0013654540379 -0.00221258565267 0.01324
-0.000646593706629 -0.00251831621893 0.0142
0.000130635227267 -0.00259671608718 0.01516
0.000896071600254 -0.0024407080299 0.01612
0.00158061877401 -0.00206437503648 0.01708
0.00212248205186 -0.0015016890289 0.01804
0.00247274694237 -0.000803444185375 0.019
0.00259979471493 -3.26717036967e-05 0.01996
