-0.0004650762 0.0003076918 -0.0187413312
-0.0005649738 0.0003079355 -0.0187458482
-0.0005303345 0.0001523325 -0.0173070186
-0.0006303254 0.0001524108 -0.0173083660
-0.0005498192 -0.0000150466 -0.0158727592
-0.0006498006 -0.0000151579 -0.0158708306
-0.0005219906 -0.0001812503 -0.0144384236
-0.0006218625 -0.0001815168 -0.0144333713
-0.0004490335 -0.0003331726 -0.0130038886
-0.0005487300 -0.0003335117 -0.0129961114
-0.0003366886 -0.0004588254 -0.0115690464
-0.0004361981 -0.0004591322 -0.0115591587
-0.0001938056 -0.0005482830 -0.0101338139
-0.0002931743 -0.0005484624 -0.0101225963
-0.0000316508 -0.0005944668 -0.0086981386
-0.0001309685 -0.0005944634 -0.0086864768
0.0001369774 -0.0005937089 -0.0072620027
0.0000376050 -0.0005935236 -0.0072508178
0.0002987570 -0.0005460481 -0.0058254253
0.0001992413 -0.0005457384 -0.0058156003
0.0004408969 -0.0004552335 -0.0043884600
0.0003411936 -0.0004548953 -0.0043807708
0.0005521515 -0.0003284330 -0.0029511911
0.0004522743 -0.0003281709 -0.0029462448
0.0006237157 -0.0001756680 -0.0015137269
0.0005237322 -0.0001755632 -0.0015119142
0.0006499262 -0.0000090195 -0.0000761911
0.0005499369 -0.0000091044 -0.0000776551
0.0006287127 0.0001583315 0.0013612869
0.0005288200 0.0001580831 0.0013566618
0.0005617614 0.0003131513 0.0027985822
0.0004620377 0.0003128164 0.0027911614
0.0004543785 0.0004432049 0.0042355846
0.0003548438 0.0004428872 0.0042259538
0.0003150652 0.0005382247 0.0056722067
0.0002156812 0.0005380225 0.0056611266
0.0001548396 0.0005907210 0.0071083914
0.0000555211 0.0005906970 0.0070967368
-0.0000136387 0.0005965689 0.0085441159
-0.0001129971 0.0005967305 0.0085328071
-0.0001770707 0.0005553281 0.0099793940
-0.0002765620 0.0005556253 0.0099693240
-0.0003225665 0.0004702708 0.0114142744
-0.0004222425 0.0004706115 0.0114062384
-0.0004386585 0.0003481184 0.0128488376
-0.0005385140 0.0003483972 0.0128434701
-0.0005162003 0.0001985094 0.0142831888
-0.0006161743 0.0001986400 0.0142809137
-0.0005490826 0.0000332405 0.0157174503
-0.0006490776 0.0000331823 0.0157184472
-0.0005347114 -0.0001346600 0.0171517511
-0.0006346233 -0.0001348888 0.0171559413
-0.0004742117 -0.0002919536 0.0185862173
-0.0005739622 -0.0002922822 0.0185932699
-0.0003651786 0.0003074482 -0.0187368143
-0.0004218830 0.0004241804 -0.0187267564
-0.0005487253 0.0004532860 -0.0187293744
-0.0006501906 0.0003728481 -0.0187426969
-0.0006498734 0.0002434378 -0.0187566916
-0.0005480127 0.0001625039 -0.0187608204
-0.0004213115 0.0001909912 -0.0187519742
-0.0004303436 0.0001522542 -0.0173056712
-0.0004869069 0.0002687836 -0.0172928473
-0.0006138196 0.0002976525 -0.0172912020
-0.0007155140 0.0002171219 -0.0173019742
-0.0007154120 0.0000878331 -0.0173170522
-0.0006135906 0.0000071431 -0.0173250821
-0.0004867232 0.0000358132 -0.0173200170
-0.0004498379 -0.0000149353 -0.0158746878
-0.0005061734 0.0001014983 -0.0158601105
-0.0006330191 0.0001301293 -0.0158543317
-0.0007348576 0.0000493980 -0.0158617031
-0.0007350024 -0.0000799032 -0.0158766738
-0.0006333446 -0.0001604080 -0.0158879705
-0.0005064344 -0.0001314945 -0.0158870867
-0.0004221187 -0.0001809839 -0.0144434759
-0.0004782104 -0.0000645097 -0.0144282963
-0.0006048724 -0.0000360438 -0.0144188404
-0.0007067254 -0.0001170218 -0.0144222289
-0.0007070722 -0.0002464654 -0.0144359100
-0.0006056516 -0.0003269011 -0.0144495817
-0.0004788353 -0.0002977591 -0.0144529489
-0.0003493369 -0.0003328335 -0.0130116657
-0.0004052445 -0.0002161946 -0.0129970822
-0.0005316628 -0.0001877702 -0.0129846960
-0.0006333963 -0.0002689644 -0.0129838339
-0.0006338377 -0.0003986364 -0.0129951453
-0.0005326545 -0.0004791404 -0.0130101123
-0.0004060397 -0.0004498554 -0.0130174646
-0.0002371791 -0.0004585187 -0.0115789342
-0.0002930189 -0.0003416421 -0.0115660986
-0.0004192092 -0.0003131225 -0.0115517600
-0.0005207262 -0.0003944356 -0.0115467156
-0.0005211254 -0.0005243510 -0.0115547639
-0.0004201064 -0.0006050398 -0.0115698444
-0.0002937384 -0.0005757417 -0.0115806012
-0.0000944369 -0.0005481036 -0.0101450316
-0.0001503465 -0.0004309900 -0.0101349574
-0.0002763950 -0.0004022680 -0.0101197986
-0.0003776653 -0.0004835658 -0.0101109701
-0.0003778988 -0.0006136646 -0.0101151199
-0.0002769197 -0.0006945972 -0.0101291231
-0.0001507673 -0.0006654198 -0.0101424351
0.0000676669 -0.0005944702 -0.0087098003
0.0000115717 -0.0004771936 -0.0087032830
-0.0001144651 -0.0004482248 -0.0086885011
-0.0002155351 -0.0005293779 -0.0086765856
-0.0002155306 -0.0006595430 -0.0086765092
-0.0001144550 -0.0007407031 -0.0086883294
0.0000115798 -0.0007117430 -0.0087031453
0.0002363497 -0.0005938941 -0.0072731877
0.0001800104 -0.0004765789 -0.0072707419
0.0000538517 -0.0004473952 -0.0072575041
-0.0000471264 -0.0005283189 -0.0072434426
-0.0000468853 -0.0006584129 -0.0072391460
0.0000543934 -0.0007397137 -0.0072478497
0.0001804449 -0.0007110001 -0.0072629997
0.0003982727 -0.0005463577 -0.0058352503
0.0003417065 -0.0004291403 -0.0058370692
0.0002153298 -0.0003998402 -0.0058264208
0.0001143068 -0.0004805210 -0.0058113236
0.0001147099 -0.0006104284 -0.0058031460
0.0002162356 -0.0006917395 -0.0058080461
0.0003424329 -0.0006632253 -0.0058223338
0.0005406003 -0.0004555718 -0.0043961492
0.0004838946 -0.0003385583 -0.0044020891
0.0003572715 -0.0003092764 -0.0043948709
0.0002560807 -0.0003897757 -0.0043799301
0.0002565209 -0.0005194388 -0.0043685174
0.0003582608 -0.0006006267 -0.0043692268
0.0004846880 -0.0005722031 -0.0043815241
0.0006520288 -0.0003286951 -0.0029561373
0.0005953142 -0.0002119286 -0.0029657292
0.0004684925 -0.0001827936 -0.0029625112
0.0003670629 -0.0002632294 -0.0029489067
0.0003674040 -0.0003926662 -0.0029351600
0.0004692590 -0.0004736354 -0.0029316227
0.0005959289 -0.0004451656 -0.0029409585
0.0007236992 -0.0001757728 -0.0015155396
0.0006671091 -0.0000592197 -0.0015280260
0.0005401981 -0.0000303152 -0.0015290624
0.0004385327 -0.0001108248 -0.0015178683
0.0004386691 -0.0002401232 -0.0015028731
0.0005405045 -0.0003208461 -0.0014953685
0.0006673549 -0.0002922074 -0.0015010056
0.0007499154 -0.0000089345 -0.0000747272
0.0006935446 0.0001075047 -0.0000891222
0.0005666813 0.0001361668 -0.0000943310
0.0004648561 0.0000554687 -0.0000864313
0.0004647455 -0.0000738223 -0.0000713717
0.0005664327 -0.0001543474 -0.0000604924
0.0006933453 -0.0001254696 -0.0000619857
0.0007286053 0.0001585799 0.0013659119
0.0006724808 0.0002750400 0.0013507450
0.0005457873 0.0003035227 0.0013417749
0.0004439277 0.0002225799 0.0013457564
0.0004436044 0.0000931632 0.0013596913
0.0005450607 0.0000127261 0.0013730863
0.0006718981 0.0000418392 0.0013758547
0.0006614851 0.0003134863 0.0028060031
0.0006055574 0.0004300956 0.0027912619
0.0004791034 0.0004585175 0.0027792390
0.0003773456 0.0003773495 0.0027789879
0.0003769096 0.0002477129 0.0027906977
0.0004781238 0.0001672267 0.0028055507
0.0006047718 0.0001964986 0.0028123622
0.0005539132 0.0004435227 0.0042452154
0.0004980721 0.0005603635 0.0042320639
0.0003718530 0.0005888619 0.0042179375
0.0002703015 0.0005075580 0.0042134737
0.0002698879 0.0003776753 0.0042220337
0.0003709237 0.0002970181 0.0042371718
0.0004973268 0.0003263230 0.0042474886
0.0004144493 0.0005384269 0.0056832869
0.0003585577 0.0006555096 0.0056727637
0.0002324964 0.0006841983 0.0056576493
0.0001311919 0.0006028898 0.0056493252
0.0001309287 0.0004728110 0.0056540595
0.0002319050 0.0003919140 0.0056682873
0.0003580835 0.0004211159 0.0056812947
0.0002541582 0.0005907450 0.0071200461
0.0001980947 0.0007080052 0.0071129820
0.0000720648 0.0007369389 0.0070980731
-0.0000290283 0.0006557585 0.0070865460
-0.0000290596 0.0005255945 0.0070870808
0.0000719946 0.0004444630 0.0070992749
0.0001980383 0.0004734577 0.0071139458
0.0000857197 0.0005964073 0.0085554247
0.0000294160 0.0007137256 0.0085523777
-0.0000967182 0.0007428833 0.0085388515
-0.0001977012 0.0006619241 0.0085250317
-0.0001974909 0.0005318120 0.0085213248
-0.0000962456 0.0004505239 0.0085305222
0.0000297950 0.0004792716 0.0085456981
-0.0000775795 0.0005550309 0.0099894640
-0.0001341172 0.0006722699 0.0099906745
-0.0002604592 0.0007015612 0.0099795992
-0.0003614675 0.0006208479 0.0099645778
-0.0003610807 0.0004909087 0.0099569219
-0.0002595901 0.0004095905 0.0099623964
-0.0001334202 0.0004381276 0.0099768790
-0.0002228905 0.0004699301 0.0114223104
-0.0002795836 0.0005869770 0.0114276830
-0.0004061728 0.0006162700 0.0114199330
-0.0005073337 0.0005357510 0.0114048963
-0.0005068902 0.0004060523 0.0113938959
-0.0004051762 0.0003248397 0.0113952153
-0.0002787845 0.0003532680 0.0114078609
-0.0003388030 0.0003478396 0.0128542051
-0.0003955249 0.0004646411 0.0128633154
-0.0005223238 0.0004938036 0.0128595028
-0.0006237177 0.0004133672 0.0128456381
-0.0006233548 0.0002839020 0.0128321618
-0.0005215084 0.0002028981 0.0128292218
-0.0003948710 0.0002313530 0.0128390320
-0.0004162263 0.0001983789 0.0142854640
-0.0004728413 0.0003149576 0.0142975927
-0.0005997477 0.0003438976 0.0142980184
-0.0007013825 0.0002634065 0.0142864206
-0.0007012126 0.0001340958 0.0142715326
-0.0005993659 0.0000533389 0.0142645654
-0.0004725350 0.0000819476 0.0142707654
-0.0004490876 0.0000332986 0.0157164534
-0.0005054932 0.0001497461 0.0157306427
-0.0006323716 0.0001784407 0.0157352733
-0.0007341809 0.0000977746 0.0157268580
-0.0007342565 -0.0000315089 0.0157117339
-0.0006325416 -0.0001120566 0.0157012897
-0.0005056295 -0.0000832146 0.0157033900
-0.0004347994 -0.0001344312 0.0171475609
-0.0004909579 -0.0000179826 0.0171626904
-0.0006176815 0.0000105194 0.0171711601
-0.0007195447 -0.0000703878 0.0171665920
-0.0007198425 -0.0001997794 0.0171524260
-0.0006183506 -0.0002802210 0.0171393294
-0.0004914945 -0.0002511383 0.0171371642
-0.0003744613 -0.0002916250 0.0185791646
-0.0004304115 -0.0001750434 0.0185940397
-0.0005569012 -0.0001466213 0.0186056798
-0.0006586811 -0.0002277611 0.0186053195
-0.0006591089 -0.0003573629 0.0185932303
-0.0005578624 -0.0004378339 0.0185785155
-0.0004311823 -0.0004085777 0.0185722557
-0.0002652809 0.0003072045 -0.0187322973
-0.0002941707 0.0004227813 -0.0187210995
-0.0003736555 0.0005120203 -0.0187150540
-0.0004855264 0.0005544781 -0.0187155457
-0.0006041550 0.0005404280 -0.0187224619
-0.0007023651 0.0004730888 -0.0187342183
-0.0007576578 0.0003678870 -0.0187481215
-0.0007573662 0.0002489232 -0.0187609866
-0.0007015572 0.0001434504 -0.0187698663
-0.0006030159 0.0000756313 -0.0187727263
-0.0004843170 0.0000610023 -0.0187689115
-0.0003726529 0.0001029149 -0.0187592958
-0.0002936045 0.0001917673 -0.0187460820
-0.0003303527 0.0001521759 -0.0173043239
-0.0003590771 0.0002675969 -0.0172912516
-0.0004384878 0.0003566213 -0.0172819457
-0.0005503929 0.0003988545 -0.0172785380
-0.0006691562 0.0003846214 -0.0172818092
-0.0007675704 0.0003171828 -0.0172910100
-0.0008230902 0.0002119879 -0.0173040324
-0.0008229965 0.0000931356 -0.0173178933
-0.0007673108 -0.0000121464 -0.0173294173
-0.0006687901 -0.0000797393 -0.0173359643
-0.0005500042 -0.0000941584 -0.0173360346
-0.0004381656 -0.0000521004 -0.0173296120
-0.0003588952 0.0000367997 -0.0173181678
-0.0003498566 -0.0000148240 -0.0158766164
-0.0003783579 0.0001005539 -0.0158627019
-0.0004575913 0.0001894363 -0.0158508704
-0.0005694052 0.0002314615 -0.0158438325
-0.0006881844 0.0002170018 -0.0158432004
-0.0007867182 0.0001493700 -0.0158491190
-0.0008424335 0.0000440595 -0.0158602323
-0.0008425666 -0.0000748042 -0.0158739945
-0.0007870872 -0.0001799909 -0.0158872528
-0.0006887047 -0.0002474036 -0.0158969699
-0.0005699576 -0.0002615988 -0.0159009196
-0.0004580492 -0.0002193247 -0.0158981973
-0.0003786165 -0.0001302656 -0.0158894264
-0.0003222467 -0.0001807175 -0.0144485283
-0.0003505365 -0.0000652569 -0.0144348702
-0.0004295441 0.0000236004 -0.0144214474
-0.0005411698 0.0000654984 -0.0144113349
-0.0006598415 0.0000508387 -0.0144068495
-0.0007583729 -0.0000170203 -0.0144090185
-0.0008141918 -0.0001225329 -0.0144173452
-0.0008145106 -0.0002415276 -0.0144299220
-0.0007592563 -0.0003467439 -0.0144438677
-0.0006610870 -0.0004140782 -0.0144559875
-0.0005424922 -0.0004281049 -0.0144635049
-0.0004306404 -0.0003856108 -0.0144646978
-0.0003511556 -0.0002963306 -0.0144592928
-0.0002496404 -0.0003324945 -0.0130194428
-0.0002777956 -0.0002168509 -0.0130071196
-0.0003565989 -0.0001278942 -0.0129931654
-0.0004679975 -0.0000860030 -0.0129807770
-0.0005864714 -0.0001007743 -0.0129727923
-0.0006848795 -0.0001688241 -0.0129710406
-0.0007406778 -0.0002745629 -0.0129759231
-0.0007410835 -0.0003937674 -0.0129863213
-0.0006860037 -0.0004991292 -0.0129998532
-0.0005880566 -0.0005665112 -0.0130134187
-0.0004696805 -0.0005804769 -0.0130239101
-0.0003579942 -0.0005378271 -0.0130289241
-0.0002785834 -0.0004483322 -0.0130273118
-0.0001376696 -0.0004582119 -0.0115888220
-0.0001658088 -0.0003423418 -0.0115788068
-0.0002444927 -0.0002531918 -0.0115654232
-0.0003556958 -0.0002111852 -0.0115517369
-0.0004739427 -0.0002259450 -0.0115408835
-0.0005721447 -0.0002940901 -0.0115353493
-0.0006278047 -0.0004000092 -0.0115364022
-0.0006281717 -0.0005194375 -0.0115438008
-0.0005731617 -0.0006250154 -0.0115558503
-0.0004753768 -0.0006925564 -0.0115697904
-0.0003572183 -0.0007065875 -0.0115824274
-0.0002457549 -0.0006638945 -0.0115908664
-0.0001665215 -0.0005742577 -0.0115931742
0.0000049317 -0.0005479242 -0.0101562492
-0.0000233150 -0.0004318540 -0.0101493330
-0.0001020012 -0.0003424769 -0.0101375766
-0.0002131007 -0.0003002680 -0.0101236733
-0.0003311621 -0.0003148969 -0.0101108082
-0.0004291388 -0.0003830124 -0.0101019286
-0.0004845856 -0.0004890099 -0.0100990685
-0.0004848003 -0.0006086067 -0.0101028834
-0.0004297337 -0.0007144046 -0.0101124991
-0.0003320009 -0.0007821667 -0.0101257129
-0.0002139913 -0.0007963693 -0.0101394976
-0.0001027395 -0.0007537590 -0.0101506954
-0.0000237319 -0.0006640971 -0.0101567409
0.0001669846 -0.0005944737 -0.0087214620
0.0001385400 -0.0004782919 -0.0087181908
0.0000597305 -0.0003887240 -0.0087089900
-0.0000513896 -0.0003462890 -0.0086959676
-0.0001693640 -0.0003607080 -0.0086821067
-0.0002671662 -0.0004286780 -0.0086705827
-0.0003223909 -0.0005346278 -0.0086640357
-0.0003223868 -0.0006542857 -0.0086639654
-0.0002671548 -0.0007602393 -0.0086703880
-0.0001693479 -0.0008282161 -0.0086818322
-0.0000513725 -0.0008426433 -0.0086956761
0.0000597446 -0.0008002159 -0.0087087484
0.0001385480 -0.0007106535 -0.0087180543
0.0003357221 -0.0005940793 -0.0072843727
0.0003070506 -0.0004779090 -0.0072850047
0.0002280349 -0.0003882458 -0.0072790862
0.0001167765 -0.0003456305 -0.0072679728
-0.0000012366 -0.0003598258 -0.0072542106
-0.0000989690 -0.0004275796 -0.0072409523
-0.0001540315 -0.0005333704 -0.0072312353
-0.0001538099 -0.0006529628 -0.0072272855
-0.0000983549 -0.0007589597 -0.0072300079
-0.0000003706 -0.0008270783 -0.0072387787
0.0001176959 -0.0008417136 -0.0072515887
0.0002287971 -0.0007995128 -0.0072655033
0.0003074810 -0.0007101436 -0.0072773347
0.0004977884 -0.0005466674 -0.0058450753
0.0004689313 -0.0004306280 -0.0058495608
0.0003896904 -0.0003409945 -0.0058473917
0.0002782189 -0.0002983008 -0.0058390650
0.0001600534 -0.0003123275 -0.0058264882
0.0000622644 -0.0003798613 -0.0058125426
0.0000072540 -0.0004854311 -0.0058004228
0.0000076246 -0.0006048520 -0.0057929054
0.0000632912 -0.0007107661 -0.0057917125
0.0001615012 -0.0007789099 -0.0057971174
0.0002797560 -0.0007936723 -0.0058078820
0.0003909647 -0.0007516716 -0.0058215401
0.0004696509 -0.0006625295 -0.0058349629
0.0006403037 -0.0004559100 -0.0044038384
0.0006113596 -0.0003400805 -0.0044118231
0.0005319443 -0.0002505923 -0.0044135748
0.0004202506 -0.0002079463 -0.0044086923
0.0003018663 -0.0002219121 -0.0043982940
0.0002039119 -0.0002892902 -0.0043847622
0.0001488275 -0.0003946452 -0.0043711967
0.0001492322 -0.0005138415 -0.0043607052
0.0002050334 -0.0006195727 -0.0043556913
0.0003034477 -0.0006876170 -0.0043573036
0.0004219295 -0.0007023863 -0.0043651726
0.0005333361 -0.0006604972 -0.0043774958
0.0006121456 -0.0005715458 -0.0043914500
0.0007519060 -0.0003289572 -0.0029610836
0.0007230007 -0.0002133515 -0.0029719370
0.0006435156 -0.0001240795 -0.0029774712
0.0005316597 -0.0000815925 -0.0029764184
0.0004130579 -0.0000956236 -0.0029690197
0.0003148804 -0.0001629586 -0.0029569702
0.0002596186 -0.0002681717 -0.0029430302
0.0002599322 -0.0003871599 -0.0029303931
0.0003157494 -0.0004926645 -0.0029219541
0.0004142831 -0.0005605157 -0.0029196464
0.0005329605 -0.0005751694 -0.0029239986
0.0006445940 -0.0005332688 -0.0029340137
0.0007236097 -0.0004444128 -0.0029473974
0.0008236827 -0.0001758775 -0.0015173523
0.0007949297 -0.0000604403 -0.0015302174
0.0007155012 0.0000286116 -0.0015390971
0.0006035931 0.0000708776 -0.0015419571
0.0004848424 0.0000566749 -0.0015381423
0.0003864534 -0.0000107427 -0.0015285266
0.0003309658 -0.0001159307 -0.0015153128
0.0003310912 -0.0002347918 -0.0015015280
0.0003868008 -0.0003400964 -0.0014903303
0.0004853322 -0.0004077204 -0.0014842847
0.0006041132 -0.0004221719 -0.0014847764
0.0007159323 -0.0003801404 -0.0014916927
0.0007951732 -0.0002912547 -0.0015034490
0.0008499047 -0.0000088495 -0.0000732632
0.0008213705 0.0001065267 -0.0000871241
0.0007421073 0.0001954230 -0.0000986481
0.0006302734 0.0002374742 -0.0001051951
0.0005114885 0.0002230470 -0.0001052653
0.0004129649 0.0001554464 -0.0000988427
0.0003572731 0.0000501589 -0.0000873986
0.0003571714 -0.0000686953 -0.0000735546
0.0004126831 -0.0001738883 -0.0000604823
0.0005110912 -0.0002413215 -0.0000511764
0.0006298516 -0.0002555469 -0.0000477688
0.0007417576 -0.0002133055 -0.0000510400
0.0008211730 -0.0001242744 -0.0000602407
0.0008284980 0.0001588283 0.0013705369
0.0008001814 0.0002742699 0.0013567747
0.0007211412 0.0003631230 0.0013435164
0.0006094847 0.0004050323 0.0013337994
0.0004907909 0.0003903970 0.0013298496
0.0003922513 0.0003225698 0.0013325720
0.0003364400 0.0002170892 0.0013413428
0.0003361427 0.0000981194 0.0013541528
0.0003914276 -0.0000070850 0.0013680674
0.0004896296 -0.0000744229 0.0013798988
0.0006082516 -0.0000884681 0.0013869368
0.0007201190 -0.0000460029 0.0013875688
0.0007996042 0.0000432444 0.0013816503
0.0007612088 0.0003138212 0.0028134240
0.0007330410 0.0004294343 0.0028008472
0.0006542124 0.0005183701 0.0027869015
0.0005427817 0.0005602543 0.0027747818
0.0004242762 0.0005454919 0.0027672643
0.0003258441 0.0004774646 0.0027660715
0.0002700351 0.0003717568 0.0027714764
0.0002696343 0.0002525849 0.0027822409
0.0003247336 0.0001472496 0.0027958991
0.0004227103 0.0000798820 0.0028093218
0.0005411192 0.0000659153 0.0028194343
0.0006528342 0.0001085490 0.0028239198
0.0007322628 0.0001980162 0.0028217507
0.0006534478 0.0004438404 0.0042548461
0.0006253142 0.0005596782 0.0042444479
0.0005466203 0.0006487969 0.0042309160
0.0004353937 0.0006907805 0.0042173505
0.0003171153 0.0006760112 0.0042068591
0.0002188811 0.0006078724 0.0042018452
0.0001631954 0.0005019738 0.0042034574
0.0001628152 0.0003825756 0.0042113265
0.0002178275 0.0002770305 0.0042236496
0.0003156297 0.0002095175 0.0042376038
0.0004338165 0.0001955031 0.0042499922
0.0005453127 0.0002381978 0.0042579769
0.0006245759 0.0003278207 0.0042597287
0.0005138333 0.0005386291 0.0056943671
0.0004856086 0.0006546749 0.0056869684
0.0004069307 0.0007440202 0.0056749189
0.0002958236 0.0007861971 0.0056609789
0.0001777407 0.0007715433 0.0056483419
0.0000797333 0.0007034159 0.0056399028
0.0000242539 0.0005974221 0.0056375951
0.0000240119 0.0004778436 0.0056419473
0.0000790629 0.0003720747 0.0056519624
0.0001767954 0.0003043455 0.0056653461
0.0002948200 0.0002901721 0.0056790323
0.0004060986 0.0003328014 0.0056898857
0.0004851388 0.0004224675 0.0056954199
0.0003534767 0.0005907690 0.0071317007
0.0003250638 0.0007069420 0.0071278859
0.0002462782 0.0007964873 0.0071182701
0.0001351688 0.0008388913 0.0071050564
0.0000171895 0.0008244398 0.0070912716
-0.0000806322 0.0007564433 0.0070800739
-0.0001358865 0.0006504791 0.0070740283
-0.0001359153 0.0005308222 0.0070745200
-0.0000807119 0.0004248847 0.0070814363
0.0000170771 0.0003569356 0.0070931926
0.0001350496 0.0003425411 0.0071070959
0.0002461793 0.0003849989 0.0071199610
0.0003250079 0.0004745823 0.0071288407
0.0001850780 0.0005962457 0.0085667336
0.0001564380 0.0007124255 0.0085668038
0.0000774546 0.0008020825 0.0085603812
-0.0000337781 0.0008446772 0.0085489370
-0.0001517780 0.0008304519 0.0085350931
-0.0002495128 0.0007626653 0.0085220208
-0.0003045925 0.0006568465 0.0085127149
-0.0003043992 0.0005372373 0.0085093072
-0.0002489770 0.0004312388 0.0085125785
-0.0001510226 0.0003631340 0.0085217792
-0.0000329761 0.0003485248 0.0085348017
0.0000781195 0.0003907580 0.0085486626
0.0001568135 0.0004801585 0.0085601865
0.0000219118 0.0005547338 0.0099995340
-0.0000069238 0.0006707980 0.0100034837
-0.0000861341 0.0007604435 0.0100007614
-0.0001975730 0.0008031336 0.0099919905
-0.0003157112 0.0007890885 0.0099791805
-0.0004134846 0.0007215257 0.0099652660
-0.0004684946 0.0006159231 0.0099534345
-0.0004681391 0.0004964729 0.0099463966
-0.0004124994 0.0003905398 0.0099457645
-0.0003143219 0.0003223918 0.0099516831
-0.0001960980 0.0003076407 0.0099627964
-0.0000849113 0.0003496658 0.0099765586
-0.0000062333 0.0004388397 0.0099898169
-0.0001232145 0.0004695893 0.0114303465
-0.0001521536 0.0005854514 0.0114378639
-0.0002315495 0.0006749660 0.0114390567
-0.0003432136 0.0007176264 0.0114336518
-0.0004615650 0.0007036597 0.0114228873
-0.0005594908 0.0006362654 0.0114092291
-0.0006145574 0.0005308828 0.0113958064
-0.0006141497 0.0004116537 0.0113856939
-0.0005583611 0.0003058921 0.0113812084
-0.0004599720 0.0002378268 0.0113833775
-0.0003415224 0.0002230506 0.0113917042
-0.0002301474 0.0002649485 0.0114042810
-0.0001513619 0.0003539224 0.0114182267
-0.0002389476 0.0003475608 0.0128595726
-0.0002678661 0.0004631966 0.0128700640
-0.0003473489 0.0005525014 0.0128750779
-0.0004591875 0.0005950164 0.0128734657
-0.0005777610 0.0005810019 0.0128655966
-0.0006759056 0.0005136687 0.0128532734
-0.0007311376 0.0004084417 0.0128393193
-0.0007308040 0.0002894274 0.0128269308
-0.0006749812 0.0001838904 0.0128189461
-0.0005764576 0.0001160080 0.0128171944
-0.0004578037 0.0001013312 0.0128220769
-0.0003462017 0.0001432224 0.0128324752
-0.0002672183 0.0002320846 0.0128460071
-0.0003162522 0.0001982483 0.0142877391
-0.0003450325 0.0003137039 0.0143003761
-0.0004244766 0.0004027848 0.0143088151
-0.0005363850 0.0004450837 0.0143111229
-0.0006551207 0.0004309103 0.0143067707
-0.0007534829 0.0003635116 0.0142967556
-0.0008089379 0.0002583278 0.0142833719
-0.0008087816 0.0001394554 0.0142696857
-0.0007530500 0.0000341265 0.0142588323
-0.0006545103 -0.0000335294 0.0142532981
-0.0005357370 -0.0000480129 0.0142543509
-0.0004239394 -0.0000060062 0.0142617495
-0.0003447291 0.0000828675 0.0142737991
-0.0003490926 0.0000333567 0.0157154565
-0.0003776596 0.0001487339 0.0157292412
-0.0004569515 0.0002376463 0.0157404390
-0.0005688032 0.0002797251 0.0157464845
-0.0006875911 0.0002653306 0.0157459928
-0.0007861021 0.0001977604 0.0157390766
-0.0008417687 0.0000924940 0.0157273202
-0.0008418383 -0.0000263533 0.0157134169
-0.0007862948 -0.0001315551 0.0157005518
-0.0006878628 -0.0001990109 0.0156916722
-0.0005690917 -0.0002132673 0.0156888121
-0.0004571906 -0.0001710584 0.0156926269
-0.0003777947 -0.0000820538 0.0157022427
-0.0003348875 -0.0001342024 0.0171433706
-0.0003632325 -0.0000187775 0.0171572146
-0.0004423055 0.0000700739 0.0171702869
-0.0005539919 0.0001119970 0.0171795928
-0.0006727056 0.0000973878 0.0171830005
-0.0007712509 0.0000295930 0.0171797292
-0.0008270521 -0.0000758564 0.0171705285
-0.0008273258 -0.0001948032 0.0171575060
-0.0007720094 -0.0002999981 0.0171436451
-0.0006737752 -0.0003673422 0.0171321212
-0.0005551275 -0.0003814079 0.0171255741
-0.0004432470 -0.0003389728 0.0171255039
-0.0003637641 -0.0002497583 0.0171319265
-0.0002747108 -0.0002912963 0.0185721120
-0.0003028935 -0.0001757124 0.0185849220
-0.0003817490 -0.0000867957 0.0185988366
-0.0004932124 -0.0000449157 0.0186106681
-0.0006117487 -0.0000596668 0.0186177060
-0.0007102028 -0.0001276697 0.0186183381
-0.0007660200 -0.0002333456 0.0186124195
-0.0007664133 -0.0003524856 0.0186013061
-0.0007112925 -0.0004577961 0.0185875439
-0.0006132851 -0.0005251517 0.0185742857
-0.0004948436 -0.0005391220 0.0185645686
-0.0003831013 -0.0004965067 0.0185606188
-0.0003036572 -0.0004070684 0.0185633412
-0.0002814027 -0.0006311768 0.0199980336
-0.0002021109 -0.0005415700 0.0199968407
-0.0001154345 0.0003068390 -0.0187255218
-0.0001352930 0.0004297767 -0.0187131164
-0.0001923223 0.0005407757 -0.0187036940
-0.0002809401 0.0006289708 -0.0186981769
-0.0003924717 0.0006857288 -0.0186971051
-0.0005159996 0.0007054938 -0.0187005835
-0.0006394322 0.0006863311 -0.0187082717
-0.0007506869 0.0006301165 -0.0187194170
-0.0008388734 0.0005423527 -0.0187329286
-0.0008953594 0.0004316305 -0.0187474837
-0.0009146155 0.0003087883 -0.0187616577
-0.0008947570 0.0001858506 -0.0187740631
-0.0008377277 0.0000748516 -0.0187834855
-0.0007491099 -0.0000133435 -0.0187890026
-0.0006375784 -0.0000701015 -0.0187900744
-0.0005140504 -0.0000898665 -0.0187865960
-0.0003906178 -0.0000707038 -0.0187789078
-0.0002793631 -0.0000144892 -0.0187677624
-0.0001911766 0.0000732746 -0.0187542509
-0.0001346906 0.0001839968 -0.0187396957
-0.0001803664 0.0001520584 -0.0173023028
-0.0002000388 0.0002748484 -0.0172882482
-0.0002569368 0.0003856495 -0.0172760970
-0.0003454907 0.0004736158 -0.0172670385
-0.0004570323 0.0005301364 -0.0172619596
-0.0005806432 0.0005496788 -0.0172613572
-0.0007042234 0.0005303300 -0.0172652905
-0.0008156761 0.0004739840 -0.0172733743
-0.0009040914 0.0003861563 -0.0172848174
-0.0009608147 0.0002754442 -0.0172984997
-0.0009802935 0.0001526849 -0.0173130818
-0.0009606211 0.0000298949 -0.0173271364
-0.0009037232 -0.0000809062 -0.0173392876
-0.0008151693 -0.0001688725 -0.0173483461
-0.0007036276 -0.0002253931 -0.0173534251
-0.0005800168 -0.0002449355 -0.0173540274
-0.0004564365 -0.0002255867 -0.0173500942
-0.0003449839 -0.0001692407 -0.0173420103
-0.0002565685 -0.0000814130 -0.0173305672
-0.0001998452 0.0000292991 -0.0173168849
-0.0001998846 -0.0000146571 -0.0158795094
-0.0002193207 0.0001081076 -0.0158649154
-0.0002760018 0.0002188117 -0.0158509949
-0.0003643795 0.0003066186 -0.0158391104
-0.0004758028 0.0003629332 -0.0158304253
-0.0005993648 0.0003822431 -0.0158257897
-0.0007229703 0.0003626581 -0.0158256574
-0.0008345200 0.0003060953 -0.0158300414
-0.0009230947 0.0002180914 -0.0158385126
-0.0009800240 0.0001072609 -0.0158502416
-0.0009997353 -0.0000155474 -0.0158640804
-0.0009802991 -0.0001383120 -0.0158786743
-0.0009236180 -0.0002490161 -0.0158925949
-0.0008352403 -0.0003368230 -0.0159044794
-0.0007238170 -0.0003931377 -0.0159131645
-0.0006002551 -0.0004124476 -0.0159178000
-0.0004766495 -0.0003928625 -0.0159179323
-0.0003650998 -0.0003362997 -0.0159135483
-0.0002765252 -0.0002482958 -0.0159050772
-0.0002195959 -0.0001374653 -0.0158933482
-0.0001724388 -0.0001803178 -0.0144561068
-0.0001916618 -0.0000574483 -0.0144421258
-0.0002481078 0.0000532896 -0.0144275352
-0.0003362514 0.0001410560 -0.0144137631
-0.0004474645 0.0001972599 -0.0144021577
-0.0005708609 0.0002163994 -0.0143938549
-0.0006943615 0.0001966012 -0.0143896676
-0.0008058774 0.0001398032 -0.0143900056
-0.0008944925 0.0000515653 -0.0143948358
-0.0009515327 -0.0000594754 -0.0144036854
-0.0009714143 -0.0001824492 -0.0144156881
-0.0009521913 -0.0003053188 -0.0144296690
-0.0008957453 -0.0004160567 -0.0144442597
-0.0008076017 -0.0005038231 -0.0144580318
-0.0006963886 -0.0005600270 -0.0144696372
-0.0005729923 -0.0005791665 -0.0144779399
-0.0004494916 -0.0005593683 -0.0144821273
-0.0003379758 -0.0005025703 -0.0144817893
-0.0002493606 -0.0004143323 -0.0144769591
-0.0001923205 -0.0003032917 -0.0144681095
-0.0001000956 -0.0003319859 -0.0130311084
-0.0001191944 -0.0002089137 -0.0130188444
-0.0001754598 -0.0000980216 -0.0130047358
-0.0002633839 -0.0000101642 -0.0129901637
-0.0003743602 0.0000460583 -0.0129765543
-0.0004975255 0.0000651424 -0.0129652400
-0.0006208236 0.0000452200 -0.0129573283
-0.0007321852 -0.0000117586 -0.0129535935
-0.0008207094 -0.0001002161 -0.0129544014
-0.0008777309 -0.0002114936 -0.0129596727
-0.0008976680 -0.0003346984 -0.0129688916
-0.0008785691 -0.0004577705 -0.0129811556
-0.0008223038 -0.0005686627 -0.0129952642
-0.0007343797 -0.0006565201 -0.0130098363
-0.0006234034 -0.0007127425 -0.0130234457
-0.0005002381 -0.0007318266 -0.0130347600
-0.0003769400 -0.0007119043 -0.0130426717
-0.0002655784 -0.0006549257 -0.0130464065
-0.0001770542 -0.0005664682 -0.0130455986
-0.0001200327 -0.0004551907 -0.0130403273
0.0000115946 -0.0004577518 -0.0116036536
-0.0000075076 -0.0003344422 -0.0115940750
-0.0000637027 -0.0002233230 -0.0115815625
-0.0001514899 -0.0001352715 -0.0115673409
-0.0002622760 -0.0000789067 -0.0115528023
-0.0003852164 -0.0000597460 -0.0115393699
-0.0005082770 -0.0000796650 -0.0115283584
-0.0006194116 -0.0001367139 -0.0115208459
-0.0007077417 -0.0002253083 -0.0115175676
-0.0007646208 -0.0003367760 -0.0115188445
-0.0007844813 -0.0004602057 -0.0115245515
-0.0007653791 -0.0005835154 -0.0115341301
-0.0007091840 -0.0006946345 -0.0115466426
-0.0006213968 -0.0007826860 -0.0115608642
-0.0005106107 -0.0008390508 -0.0115754028
-0.0003876703 -0.0008582115 -0.0115888352
-0.0002646098 -0.0008382925 -0.0115998467
-0.0001534751 -0.0007812437 -0.0116073592
-0.0000651451 -0.0006926493 -0.0116106375
-0.0000082659 -0.0005811816 -0.0116093606
0.0001539847 -0.0005476550 -0.0101730757
0.0001347527 -0.0004241464 -0.0101669388
0.0000784957 -0.0003127979 -0.0101570105
-0.0000092795 -0.0002245091 -0.0101442625
-0.0001199809 -0.0001679223 -0.0101299426
-0.0002427722 -0.0001485767 -0.0101154527
-0.0003656338 -0.0001683659 -0.0101022111
-0.0004765391 -0.0002253528 -0.0100915140
-0.0005646319 -0.0003139592 -0.0100844084
-0.0006212890 -0.0004255115 -0.0100815900
-0.0006409646 -0.0005490904 -0.0100833346
-0.0006217326 -0.0006725991 -0.0100894714
-0.0005654756 -0.0007839476 -0.0100993998
-0.0004777003 -0.0008722364 -0.0101121478
-0.0003669990 -0.0009288231 -0.0101264676
-0.0002442076 -0.0009481688 -0.0101409575
-0.0001213461 -0.0009283796 -0.0101541991
-0.0000104408 -0.0008713926 -0.0101648963
0.0000776520 -0.0007827863 -0.0101720018
0.0001343092 -0.0006712339 -0.0101748203
0.0003159611 -0.0005944788 -0.0087389546
0.0002965131 -0.0004708714 -0.0087367441
0.0002400811 -0.0003593621 -0.0087301839
0.0001521892 -0.0002708664 -0.0087199161
0.0000414407 -0.0002140468 -0.0087069457
-0.0000813234 -0.0001944652 -0.0086925425
-0.0002040861 -0.0002140383 -0.0086781164
-0.0003148306 -0.0002708503 -0.0086650793
-0.0004027165 -0.0003593399 -0.0086547076
-0.0004591408 -0.0004708452 -0.0086480164
-0.0004785804 -0.0005944514 -0.0086456608
-0.0004591323 -0.0007180588 -0.0086478713
-0.0004027004 -0.0008295680 -0.0086544315
-0.0003148084 -0.0009180638 -0.0086646993
-0.0002040600 -0.0009748834 -0.0086776697
-0.0000812959 -0.0009944650 -0.0086920728
0.0000414669 -0.0009748919 -0.0087064990
0.0001522114 -0.0009180799 -0.0087195361
0.0002400973 -0.0008295903 -0.0087299078
0.0002965216 -0.0007180849 -0.0087365990
0.0004847806 -0.0005943572 -0.0073011501
0.0004650971 -0.0004707817 -0.0073030405
0.0004084313 -0.0003592301 -0.0073003664
0.0003203302 -0.0002706219 -0.0072933896
0.0002094175 -0.0002136306 -0.0072827930
0.0000865503 -0.0001938349 -0.0072696138
-0.0000362444 -0.0002131726 -0.0072551422
-0.0001469466 -0.0002697508 -0.0072407947
-0.0002347200 -0.0003580312 -0.0072279758
-0.0002909726 -0.0004693723 -0.0072179402
-0.0003101982 -0.0005928753 -0.0072116704
-0.0002905147 -0.0007164508 -0.0072097800
-0.0002338489 -0.0008280024 -0.0072124541
-0.0001457478 -0.0009166106 -0.0072194309
-0.0000348351 -0.0009736019 -0.0072300275
0.0000880321 -0.0009933976 -0.0072432067
0.0002108268 -0.0009740599 -0.0072576783
0.0003215290 -0.0009174817 -0.0072720258
0.0004093024 -0.0008292012 -0.0072848447
0.0004655550 -0.0007178601 -0.0072948803
0.0006470620 -0.0005471319 -0.0058598128
0.0006271966 -0.0004237093 -0.0058656548
0.0005703106 -0.0003122468 -0.0058670780
0.0004819725 -0.0002236553 -0.0058639431
0.0003708293 -0.0001666067 -0.0058565569
0.0002477605 -0.0001466853 -0.0058456425
0.0001248129 -0.0001658411 -0.0058322682
0.0000140216 -0.0002221991 -0.0058177432
-0.0000737685 -0.0003102425 -0.0058034893
-0.0001299638 -0.0004213531 -0.0057909018
-0.0001490636 -0.0005446545 -0.0057812128
-0.0001291982 -0.0006680772 -0.0057753708
-0.0000723123 -0.0007795396 -0.0057739476
0.0000160259 -0.0008681311 -0.0057770825
0.0001271691 -0.0009251797 -0.0057844687
0.0002502379 -0.0009451011 -0.0057953832
0.0003731854 -0.0009259453 -0.0058087574
0.0004839768 -0.0008695873 -0.0058232824
0.0005717668 -0.0007815439 -0.0058375363
0.0006279622 -0.0006704333 -0.0058501238
0.0007898587 -0.0004564174 -0.0044153722
0.0007699213 -0.0003332211 -0.0044247045
0.0007128969 -0.0002219517 -0.0044301127
0.0006243674 -0.0001335010 -0.0044310672
0.0005129986 -0.0000765272 -0.0044274747
0.0003896923 -0.0000566072 -0.0044196868
0.0002665184 -0.0000756910 -0.0044084659
0.0001555340 -0.0001319105 -0.0043949104
0.0000676031 -0.0002197625 -0.0043803471
0.0000113330 -0.0003306476 -0.0043662016
-0.0000077682 -0.0004537114 -0.0043538586
0.0000121692 -0.0005769077 -0.0043445262
0.0000691936 -0.0006881771 -0.0043391181
0.0001577232 -0.0007766278 -0.0043381636
0.0002690919 -0.0008336017 -0.0043417561
0.0003923982 -0.0008535216 -0.0043495439
0.0005155721 -0.0008344378 -0.0043607648
0.0006265565 -0.0007782183 -0.0043743204
0.0007144874 -0.0006903663 -0.0043888837
0.0007707575 -0.0005794812 -0.0044030292
0.0009017219 -0.0003293503 -0.0029685030
0.0008818446 -0.0002063839 -0.0029805887
0.0008248063 -0.0000953516 -0.0029895547
0.0007361903 -0.0000071222 -0.0029945233
0.0006246710 0.0000496679 -0.0029950081
0.0005011646 0.0000694597 -0.0029909618
0.0003777608 0.0000503158 -0.0029827803
0.0002665393 -0.0000058898 -0.0029712646
0.0001783871 -0.0000936554 -0.0029575419
0.0001219333 -0.0002043899 -0.0029429554
0.0001027039 -0.0003272537 -0.0029289329
0.0001225812 -0.0004502201 -0.0029168472
0.0001796195 -0.0005612523 -0.0029078812
0.0002682355 -0.0006494818 -0.0029029126
0.0003797548 -0.0007062719 -0.0029024278
0.0005032612 -0.0007260637 -0.0029064741
0.0006266650 -0.0007069198 -0.0029146556
0.0007378865 -0.0006507141 -0.0029261713
0.0008260387 -0.0005629485 -0.0029398940
0.0008824925 -0.0004522141 -0.0029544805
0.0009736580 -0.0001760347 -0.0015200714
0.0009539543 -0.0000532304 -0.0015339562
0.0008970311 0.0000575940 -0.0015457720
0.0008084602 0.0001455902 -0.0015543624
0.0006969118 0.0002021445 -0.0015588863
0.0005733049 0.0002217210 -0.0015589010
0.0004497389 0.0002024035 -0.0015544050
0.0003383096 0.0001460828 -0.0015458385
0.0002499242 0.0000582721 -0.0015340399
0.0001932345 -0.0000524332 -0.0015201642
0.0001737899 -0.0001751965 -0.0015055696
0.0001934936 -0.0002980008 -0.0014916849
0.0002504168 -0.0004088252 -0.0014798690
0.0003389876 -0.0004968214 -0.0014712786
0.0004505361 -0.0005533757 -0.0014667547
0.0005741430 -0.0005729522 -0.0014667400
0.0006977089 -0.0005536347 -0.0014712360
0.0008091383 -0.0004973140 -0.0014798026
0.0008975237 -0.0004095033 -0.0014916012
0.0009542133 -0.0002987979 -0.0015054768
0.0009998886 -0.0000087220 -0.0000710673
0.0009804183 0.0001140380 -0.0000856547
0.0009237034 0.0002247482 -0.0000993874
0.0008352954 0.0003125714 -0.0001109212
0.0007238483 0.0003689109 -0.0001191270
0.0006002715 0.0003882518 -0.0001232016
0.0004766613 0.0003687008 -0.0001227461
0.0003651177 0.0003121718 -0.0001178051
0.0002765594 0.0002241982 -0.0001088623
0.0002196549 0.0001133915 -0.0000967931
0.0001999746 -0.0000094018 -0.0000827789
0.0002194448 -0.0001321619 -0.0000681914
0.0002761598 -0.0002428721 -0.0000544587
0.0003645678 -0.0003306953 -0.0000429249
0.0004760148 -0.0003870348 -0.0000347192
0.0005995917 -0.0004063757 -0.0000306446
0.0007232018 -0.0003868247 -0.0000311001
0.0008347454 -0.0003302957 -0.0000360410
0.0009233038 -0.0002423221 -0.0000449838
0.0009802082 -0.0001315154 -0.0000570530
0.0009783370 0.0001592009 0.0013774744
0.0009590877 0.0002820484 0.0013633362
0.0009026099 0.0003927733 0.0013487710
0.0008144320 0.0004805374 0.0013352046
0.0007031855 0.0005367495 0.0013239649
0.0005797600 0.0005559073 0.0013161522
0.0004562372 0.0005361354 0.0013125312
0.0003447084 0.0004793693 0.0013134564
0.0002560909 0.0003911656 0.0013188373
0.0001990590 0.0002801583 0.0013281470
0.0001791956 0.0001572136 0.0013404743
0.0001984449 0.0000343662 0.0013546125
0.0002549228 -0.0000763588 0.0013691777
0.0003431007 -0.0001641228 0.0013827441
0.0004543472 -0.0002203349 0.0013939838
0.0005777727 -0.0002394927 0.0014017965
0.0007012954 -0.0002197208 0.0014054175
0.0008128242 -0.0001629547 0.0014044923
0.0009014418 -0.0000747510 0.0013991115
0.0009584736 0.0000362562 0.0013898018
0.0009107943 0.0003143236 0.0028245553
0.0008916850 0.0004373629 0.0028119827
0.0008353997 0.0005482272 0.0027977352
0.0007474479 0.0006360642 0.0027832074
0.0006364390 0.0006922758 0.0027698213
0.0005132393 0.0007113597 0.0027588874
0.0003899084 0.0006914478 0.0027514759
0.0002785189 0.0006344892 0.0027483123
0.0001899743 0.0005460594 0.0027497062
0.0001329420 0.0004348146 0.0027555213
0.0001130047 0.0003116441 0.0027651883
0.0001321140 0.0001886048 0.0027777609
0.0001883993 0.0000777405 0.0027920084
0.0002763511 -0.0000100965 0.0028065362
0.0003873600 -0.0000663081 0.0028199223
0.0005105598 -0.0000853920 0.0028308562
0.0006338906 -0.0000654801 0.0028382677
0.0007452801 -0.0000085215 0.0028414313
0.0008338247 0.0000799083 0.0028400374
0.0008908570 0.0001911531 0.0028342223
0.0008027498 0.0004443171 0.0042692923
0.0007836563 0.0005675935 0.0042592781
0.0007274592 0.0006786783 0.0042464732
0.0006396595 0.0007666978 0.0042321312
0.0005288516 0.0008230360 0.0042176558
0.0004058822 0.0008421781 0.0042044640
0.0002827884 0.0008222504 0.0041938472
0.0001716195 0.0007652036 0.0041868446
0.0000832574 0.0006766217 0.0041841416
0.0000263516 0.0005651758 0.0041860029
0.0000064726 0.0004417750 0.0041922462
0.0000255661 0.0003184986 0.0042022604
0.0000817632 0.0002074138 0.0042150652
0.0001695629 0.0001193943 0.0042294073
0.0002803708 0.0000630561 0.0042438827
0.0004033401 0.0000439140 0.0042570744
0.0005264340 0.0000638416 0.0042676912
0.0006376029 0.0001208885 0.0042746939
0.0007259650 0.0002094704 0.0042773968
0.0007828707 0.0003209163 0.0042755356
0.0006629094 0.0005389324 0.0057109873
0.0006437025 0.0006624176 0.0057043223
0.0005874621 0.0007737360 0.0056939713
0.0004996934 0.0008619910 0.0056809475
0.0003889878 0.0009185437 0.0056665258
0.0002661820 0.0009378582 0.0056521178
0.0001432970 0.0009180438 0.0056391341
0.0000323616 0.0008610403 0.0056288454
-0.0000557649 0.0007724274 0.0056222589
-0.0001124562 0.0006608792 0.0056200194
-0.0001321630 0.0005373149 0.0056223460
-0.0001129561 0.0004138297 0.0056290110
-0.0000567157 0.0003025113 0.0056393621
0.0000310530 0.0002142562 0.0056523859
0.0001417586 0.0001577036 0.0056668076
0.0002645644 0.0001383891 0.0056812155
0.0003874495 0.0001582035 0.0056941993
0.0004983848 0.0002152070 0.0057044879
0.0005865114 0.0003038199 0.0057110744
0.0006432027 0.0004153681 0.0057133139
0.0005024545 0.0005908051 0.0071491826
0.0004830402 0.0007144061 0.0071463931
0.0004266384 0.0008258988 0.0071393132
0.0003387700 0.0009143695 0.0071286361
0.0002280362 0.0009711581 0.0071154068
0.0001052765 0.0009907056 0.0071009205
-0.0000174927 0.0009710987 0.0070865950
-0.0001282537 0.0009142565 0.0070738327
-0.0002161646 0.0008257433 0.0070638828
-0.0002726200 0.0007142233 0.0070577193
-0.0002920937 0.0005906129 0.0070559456
-0.0002726794 0.0004670118 0.0070587352
-0.0002162776 0.0003555191 0.0070658150
-0.0001284092 0.0002670484 0.0070764921
-0.0000176755 0.0002102599 0.0070897214
0.0001050843 0.0001907124 0.0071042077
0.0002278534 0.0002103193 0.0071185332
0.0003386145 0.0002671614 0.0071312955
0.0004265254 0.0003556746 0.0071412454
0.0004829808 0.0004671946 0.0071474089
0.0003341156 0.0005960034 0.0085836968
0.0003144641 0.0007195915 0.0085850029
0.0002578326 0.0008311452 0.0085817533
0.0001697648 0.0009197449 0.0085742659
0.0000588811 0.0009767178 0.0085632738
-0.0000639642 0.0009964869 0.0085498529
-0.0001867463 0.0009771172 0.0085353169
-0.0002974463 0.0009205047 0.0085210887
-0.0003852282 0.0008321910 0.0085085611
-0.0004414993 0.0007208209 0.0084989604
-0.0004607514 0.0005972960 0.0084932263
-0.0004410998 0.0004737079 0.0084919202
-0.0003844684 0.0003621541 0.0084951698
-0.0002964005 0.0002735545 0.0085026571
-0.0001855169 0.0002165816 0.0085136493
-0.0000626716 0.0001968124 0.0085270702
0.0000601105 0.0002161821 0.0085416062
0.0001708105 0.0002727947 0.0085558343
0.0002585924 0.0003611084 0.0085683619
0.0003148635 0.0004724785 0.0085779627
0.0001711486 0.0005542881 0.0100146390
0.0001513035 0.0006777385 0.0100199377
0.0000944454 0.0007892211 0.0100207749
0.0000061400 0.0008778232 0.0100170686
-0.0001049689 0.0009348717 0.0100091815
-0.0002280050 0.0009547824 0.0099978858
-0.0003509247 0.0009356063 0.0099842871
-0.0004616959 0.0008792205 0.0099697166
-0.0005494754 0.0007911443 0.0099556005
-0.0006056708 0.0006799994 0.0099433206
-0.0006247813 0.0005566653 0.0099340790
-0.0006049362 0.0004332149 0.0099287802
-0.0005480781 0.0003217323 0.0099279431
-0.0004597727 0.0002331302 0.0099316494
-0.0003486638 0.0001760817 0.0099395364
-0.0002256277 0.0001561709 0.0099508321
-0.0001027079 0.0001753471 0.0099644308
0.0000080632 0.0002317329 0.0099790013
0.0000958427 0.0003198090 0.0099931174
0.0001520381 0.0004309540 0.0100053973
0.0000262995 0.0004690782 0.0114424005
0.0000063644 0.0005923088 0.0114512734
-0.0000506473 0.0007036101 0.0114561313
-0.0001391548 0.0007920873 0.0114564987
-0.0002504944 0.0008490794 0.0114523395
-0.0003737674 0.0008690078 0.0114440610
-0.0004969071 0.0008499217 0.0114324734
-0.0006078595 0.0007936895 0.0114187111
-0.0006957640 0.0007058154 0.0114041211
-0.0007520157 0.0005949012 0.0113901318
-0.0007711085 0.0004718041 0.0113781123
-0.0007511734 0.0003485735 0.0113692394
-0.0006941617 0.0002372722 0.0113643815
-0.0006056542 0.0001487950 0.0113640141
-0.0004943146 0.0000918029 0.0113681733
-0.0003710416 0.0000718745 0.0113764519
-0.0002479020 0.0000909605 0.0113880394
-0.0001369495 0.0001471928 0.0114018018
-0.0000490451 0.0002350669 0.0114163917
0.0000072067 0.0003459811 0.0114303811
-0.0000891644 0.0003471426 0.0128676238
-0.0001090581 0.0004701392 0.0128793703
-0.0001661027 0.0005812053 0.0128878653
-0.0002547142 0.0006694688 0.0128922773
-0.0003662187 0.0007262899 0.0128921745
-0.0004897014 0.0007461067 0.0128875668
-0.0006130750 0.0007269792 0.0128789053
-0.0007242627 0.0006707798 0.0128670379
-0.0008123808 0.0005830097 0.0128531262
-0.0008688036 0.0004722605 0.0128385320
-0.0008880081 0.0003493730 0.0128246839
-0.0008681143 0.0002263764 0.0128129374
-0.0008110698 0.0001153103 0.0128044424
-0.0007224583 0.0000270468 0.0128000304
-0.0006109537 -0.0000297743 0.0128001332
-0.0004874710 -0.0000495911 0.0128047409
-0.0003640975 -0.0000304636 0.0128134024
-0.0002529097 0.0000257358 0.0128252698
-0.0001647917 0.0001135059 0.0128391815
-0.0001083689 0.0002242551 0.0128537757
-0.0001662912 0.0001980525 0.0142911518
-0.0001860249 0.0003208735 0.0143048442
-0.0002429715 0.0004317231 0.0143163056
-0.0003315568 0.0005197505 0.0143244139
-0.0004431093 0.0005763390 0.0143283754
-0.0005667096 0.0005959493 0.0143278025
-0.0006902587 0.0005766618 0.0143227510
-0.0008016629 0.0005203645 0.0143137156
-0.0008900170 0.0004325681 0.0143015807
-0.0009466725 0.0003218669 0.0142875341
-0.0009660834 0.0001990969 0.0142729508
-0.0009463498 0.0000762759 0.0142592583
-0.0008894031 -0.0000345737 0.0142477970
-0.0008008179 -0.0001226011 0.0142396887
-0.0006892654 -0.0001791896 0.0142357271
-0.0005656651 -0.0001987999 0.0142363001
-0.0004421160 -0.0001795124 0.0142413515
-0.0003307118 -0.0001232150 0.0142503869
-0.0002423576 -0.0000354187 0.0142625219
-0.0001857021 0.0000752825 0.0142765685
-0.0001991001 0.0000334439 0.0157139611
-0.0002186047 0.0001562020 0.0157285184
-0.0002753528 0.0002669210 0.0157420410
-0.0003637897 0.0003547629 0.0157532053
-0.0004752584 0.0004111291 0.0157609185
-0.0005988477 0.0004305020 0.0157644255
-0.0007224597 0.0004109854 0.0157633830
-0.0008339944 0.0003544897 0.0157578930
-0.0009225342 0.0002665449 0.0157484931
-0.0009794119 0.0001557599 0.0157361033
-0.0009990602 0.0000329789 0.0157219363
-0.0009795556 -0.0000897792 0.0157073791
-0.0009228074 -0.0002004982 0.0156938564
-0.0008343706 -0.0002883401 0.0156826921
-0.0007229018 -0.0003447063 0.0156749789
-0.0005993126 -0.0003640792 0.0156714720
-0.0004757006 -0.0003445626 0.0156725145
-0.0003641658 -0.0002880668 0.0156780044
-0.0002756261 -0.0002001221 0.0156874043
-0.0002187483 -0.0000893371 0.0156997942
-0.0001850197 -0.0001338592 0.0171370853
-0.0002042970 -0.0000110317 0.0171513579
-0.0002608077 0.0000996830 0.0171658740
-0.0003490199 0.0001874473 0.0171792128
-0.0004602990 0.0002436704 0.0171900685
-0.0005837521 0.0002628487 0.0171973785
-0.0007072948 0.0002431048 0.0172004272
-0.0008188339 0.0001863715 0.0171989163
-0.0009074511 0.0000982022 0.0171929936
-0.0009644720 -0.0000127725 0.0171832389
-0.0009843149 -0.0001356896 0.0171706070
-0.0009650376 -0.0002585171 0.0171563344
-0.0009085270 -0.0003692318 0.0171418183
-0.0008203147 -0.0004569961 0.0171284795
-0.0007090356 -0.0005132192 0.0171176238
-0.0005855825 -0.0005323975 0.0171103138
-0.0004620398 -0.0005126536 0.0171072651
-0.0003505007 -0.0004559203 0.0171087760
-0.0002618835 -0.0003677510 0.0171146987
-0.0002048626 -0.0002567763 0.0171244534
-0.0001250851 -0.0002908034 0.0185615331
-0.0001442075 -0.0001677959 0.0185743939
-0.0002005150 -0.0000569579 0.0185887573
-0.0002884961 0.0000308611 0.0186032172
-0.0003995384 0.0000870645 0.0186163582
-0.0005227724 0.0001061510 0.0186268940
-0.0006461351 0.0000862521 0.0186337933
-0.0007575508 0.0000293157 0.0186363807
-0.0008461135 -0.0000590848 0.0186344029
-0.0009031540 -0.0001702962 0.0186280535
-0.0009230887 -0.0002934324 0.0186179541
-0.0009039664 -0.0004164400 0.0186050933
-0.0008476588 -0.0005272780 0.0185907299
-0.0007596778 -0.0006150969 0.0185762700
-0.0006486355 -0.0006713004 0.0185631289
-0.0005254015 -0.0006903868 0.0185525931
-0.0004020388 -0.0006704879 0.0185456939
-0.0002906230 -0.0006135516 0.0185431065
-0.0002020604 -0.0005251510 0.0185450843
-0.0001450199 -0.0004139396 0.0185514337
-0.0000238802 -0.0004250878 0.0199882084
-0.0000429677 -0.0003018453 0.0199986420
-0.0004234296 -0.0008254229 0.0199978060
-0.0003003019 -0.0008054892 0.0199876010
-0.0001890989 -0.0007484471 0.0199811197
-0.0001007059 -0.0006598803 0.0199789964
-0.0000437754 -0.0005484583 0.0199814390
